UniversalTimestamp;LocalTimestamp;EDA
636934359005721889;14.05.2019 15:05:00;448
636934359006190516;14.05.2019 15:05:00;448
636934359006815367;14.05.2019 15:05:00;449
636934359007283019;14.05.2019 15:05:00;449
636934359007752646;14.05.2019 15:05:00;448
636934359008221763;14.05.2019 15:05:00;449
636934359008690396;14.05.2019 15:05:00;449
636934359009317804;14.05.2019 15:05:00;449
636934359009785406;14.05.2019 15:05:00;449
636934359010255046;14.05.2019 15:05:01;449
636934359010723687;14.05.2019 15:05:01;450
636934359011192752;14.05.2019 15:05:01;449
636934359011818617;14.05.2019 15:05:01;449
636934359012286266;14.05.2019 15:05:01;450
636934359012755954;14.05.2019 15:05:01;449
636934359013224548;14.05.2019 15:05:01;449
636934359013850656;14.05.2019 15:05:01;451
636934359014320555;14.05.2019 15:05:01;449
636934359014788281;14.05.2019 15:05:01;450
636934359015257257;14.05.2019 15:05:01;450
636934359015884277;14.05.2019 15:05:01;450
636934359016353882;14.05.2019 15:05:01;450
636934359016822570;14.05.2019 15:05:01;450
636934359017290214;14.05.2019 15:05:01;450
636934359017760243;14.05.2019 15:05:01;450
636934359018386024;14.05.2019 15:05:01;450
636934359018854626;14.05.2019 15:05:01;451
636934359019322400;14.05.2019 15:05:01;450
636934359019791035;14.05.2019 15:05:01;451
636934359020259682;14.05.2019 15:05:02;451
636934359020885765;14.05.2019 15:05:02;451
636934359021356722;14.05.2019 15:05:02;451
636934359021826266;14.05.2019 15:05:02;451
636934359022294023;14.05.2019 15:05:02;452
636934359022922365;14.05.2019 15:05:02;452
636934359023392654;14.05.2019 15:05:02;452
636934359023863503;14.05.2019 15:05:02;453
636934359024332546;14.05.2019 15:05:02;452
636934359024801212;14.05.2019 15:05:02;452
636934359025427226;14.05.2019 15:05:02;453
636934359025897033;14.05.2019 15:05:02;452
636934359026366624;14.05.2019 15:05:02;452
636934359026836703;14.05.2019 15:05:02;453
636934359027305369;14.05.2019 15:05:02;452
636934359027930530;14.05.2019 15:05:02;452
636934359028401204;14.05.2019 15:05:02;452
636934359028869842;14.05.2019 15:05:02;452
636934359029337602;14.05.2019 15:05:02;452
636934359029963666;14.05.2019 15:05:02;452
636934359030432773;14.05.2019 15:05:03;453
636934359030902405;14.05.2019 15:05:03;453
636934359031373429;14.05.2019 15:05:03;453
636934359031842926;14.05.2019 15:05:03;453
636934359032467353;14.05.2019 15:05:03;454
636934359032936597;14.05.2019 15:05:03;453
636934359033406175;14.05.2019 15:05:03;454
636934359033874782;14.05.2019 15:05:03;454
636934359034343775;14.05.2019 15:05:03;454
636934359034969329;14.05.2019 15:05:03;454
636934359035439693;14.05.2019 15:05:03;455
636934359035910819;14.05.2019 15:05:03;454
636934359036380413;14.05.2019 15:05:03;454
636934359037005223;14.05.2019 15:05:03;454
636934359037472974;14.05.2019 15:05:03;454
636934359037942551;14.05.2019 15:05:03;454
636934359038411187;14.05.2019 15:05:03;454
636934359038879174;14.05.2019 15:05:03;454
636934359039504670;14.05.2019 15:05:03;455
636934359039972419;14.05.2019 15:05:03;454
636934359040441963;14.05.2019 15:05:04;454
636934359040910584;14.05.2019 15:05:04;454
636934359041379225;14.05.2019 15:05:04;454
636934359042004076;14.05.2019 15:05:04;455
636934359042471808;14.05.2019 15:05:04;455
636934359042940457;14.05.2019 15:05:04;455
636934359043566671;14.05.2019 15:05:04;455
636934359044035525;14.05.2019 15:05:04;456
636934359044503894;14.05.2019 15:05:04;455
636934359044973474;14.05.2019 15:05:04;455
636934359045443802;14.05.2019 15:05:04;455
636934359046070343;14.05.2019 15:05:04;454
636934359046539926;14.05.2019 15:05:04;454
636934359047007638;14.05.2019 15:05:04;455
636934359047477216;14.05.2019 15:05:04;455
636934359047945832;14.05.2019 15:05:04;455
636934359048569837;14.05.2019 15:05:04;455
636934359049038692;14.05.2019 15:05:04;455
636934359049507055;14.05.2019 15:05:04;455
636934359049976630;14.05.2019 15:05:04;456
636934359050445279;14.05.2019 15:05:05;456
636934359051070085;14.05.2019 15:05:05;456
636934359051538710;14.05.2019 15:05:05;456
636934359052007342;14.05.2019 15:05:05;456
636934359052475997;14.05.2019 15:05:05;457
636934359053101205;14.05.2019 15:05:05;457
636934359053570126;14.05.2019 15:05:05;457
636934359054039359;14.05.2019 15:05:05;457
636934359054507172;14.05.2019 15:05:05;456
636934359054976649;14.05.2019 15:05:05;457
636934359055602941;14.05.2019 15:05:05;458
636934359056073981;14.05.2019 15:05:05;457
636934359056543516;14.05.2019 15:05:05;457
636934359057012149;14.05.2019 15:05:05;457
636934359057481106;14.05.2019 15:05:05;457
636934359058106868;14.05.2019 15:05:05;457
636934359058576786;14.05.2019 15:05:05;457
636934359059045410;14.05.2019 15:05:05;457
636934359059672560;14.05.2019 15:05:05;457
636934359060140445;14.05.2019 15:05:06;457
636934359060609967;14.05.2019 15:05:06;457
636934359061078597;14.05.2019 15:05:06;457
636934359061547570;14.05.2019 15:05:06;457
636934359062172445;14.05.2019 15:05:06;457
636934359062642106;14.05.2019 15:05:06;457
636934359063110716;14.05.2019 15:05:06;457
636934359063578362;14.05.2019 15:05:06;458
636934359064048006;14.05.2019 15:05:06;458
636934359064516641;14.05.2019 15:05:06;458
636934359065141495;14.05.2019 15:05:06;458
636934359065610152;14.05.2019 15:05:06;459
636934359066078821;14.05.2019 15:05:06;458
636934359066703575;14.05.2019 15:05:06;458
636934359067171534;14.05.2019 15:05:06;459
636934359067640912;14.05.2019 15:05:06;458
636934359068109569;14.05.2019 15:05:06;458
636934359068578185;14.05.2019 15:05:06;459
636934359069203044;14.05.2019 15:05:06;458
636934359069670826;14.05.2019 15:05:06;458
636934359070140320;14.05.2019 15:05:07;458
636934359070609316;14.05.2019 15:05:07;458
636934359071078896;14.05.2019 15:05:07;458
636934359071703746;14.05.2019 15:05:07;458
636934359072171467;14.05.2019 15:05:07;458
636934359072641067;14.05.2019 15:05:07;457
636934359073109669;14.05.2019 15:05:07;457
636934359073734522;14.05.2019 15:05:07;456
636934359074203169;14.05.2019 15:05:07;454
636934359074670881;14.05.2019 15:05:07;452
636934359075140464;14.05.2019 15:05:07;451
636934359075765334;14.05.2019 15:05:07;450
636934359076233936;14.05.2019 15:05:07;449
636934359076702594;14.05.2019 15:05:07;448
636934359077171215;14.05.2019 15:05:07;449
636934359077639862;14.05.2019 15:05:07;448
636934359078264715;14.05.2019 15:05:07;448
636934359078733350;14.05.2019 15:05:07;447
636934359079201997;14.05.2019 15:05:07;448
636934359079670643;14.05.2019 15:05:07;449
636934359080139364;14.05.2019 15:05:08;451
636934359080764198;14.05.2019 15:05:08;451
636934359081232837;14.05.2019 15:05:08;452
636934359081701486;14.05.2019 15:05:08;453
636934359082170124;14.05.2019 15:05:08;453
636934359082794974;14.05.2019 15:05:08;453
636934359083263613;14.05.2019 15:05:08;454
636934359083732251;14.05.2019 15:05:08;454
636934359084200894;14.05.2019 15:05:08;454
636934359084669532;14.05.2019 15:05:08;455
636934359085294303;14.05.2019 15:05:08;455
636934359085763101;14.05.2019 15:05:08;455
636934359086232684;14.05.2019 15:05:08;455
636934359086701328;14.05.2019 15:05:08;455
636934359087170057;14.05.2019 15:05:08;455
636934359087794817;14.05.2019 15:05:08;455
636934359088263463;14.05.2019 15:05:08;455
636934359088732239;14.05.2019 15:05:08;455
636934359089199811;14.05.2019 15:05:08;455
636934359089824670;14.05.2019 15:05:08;455
636934359090294303;14.05.2019 15:05:09;456
636934359090762963;14.05.2019 15:05:09;455
636934359091231584;14.05.2019 15:05:09;455
636934359091856441;14.05.2019 15:05:09;455
636934359092325079;14.05.2019 15:05:09;455
636934359092793750;14.05.2019 15:05:09;455
636934359093262371;14.05.2019 15:05:09;455
636934359093731007;14.05.2019 15:05:09;455
636934359094354852;14.05.2019 15:05:09;455
636934359094824493;14.05.2019 15:05:09;454
636934359095293133;14.05.2019 15:05:09;454
636934359095761788;14.05.2019 15:05:09;454
636934359096230415;14.05.2019 15:05:09;454
636934359096855163;14.05.2019 15:05:09;454
636934359097323907;14.05.2019 15:05:09;454
636934359097792545;14.05.2019 15:05:09;453
636934359098417415;14.05.2019 15:05:09;453
636934359098886042;14.05.2019 15:05:09;454
636934359099354683;14.05.2019 15:05:09;452
636934359099823323;14.05.2019 15:05:09;452
636934359100291964;14.05.2019 15:05:10;452
636934359100916735;14.05.2019 15:05:10;452
636934359101385387;14.05.2019 15:05:10;451
636934359101854022;14.05.2019 15:05:10;452
636934359102322671;14.05.2019 15:05:10;451
636934359102791301;14.05.2019 15:05:10;450
636934359103416514;14.05.2019 15:05:10;450
636934359103886166;14.05.2019 15:05:10;450
636934359104354766;14.05.2019 15:05:10;450
636934359104823368;14.05.2019 15:05:10;450
636934359105448224;14.05.2019 15:05:10;449
636934359105916081;14.05.2019 15:05:10;449
636934359106385503;14.05.2019 15:05:10;450
636934359106854171;14.05.2019 15:05:10;449
636934359107322801;14.05.2019 15:05:10;449
636934359107948079;14.05.2019 15:05:10;448
636934359108416733;14.05.2019 15:05:10;448
636934359108886294;14.05.2019 15:05:10;449
636934359109354929;14.05.2019 15:05:10;448
636934359109823894;14.05.2019 15:05:10;448
636934359110449654;14.05.2019 15:05:11;449
636934359110918330;14.05.2019 15:05:11;448
636934359111386921;14.05.2019 15:05:11;448
636934359111855609;14.05.2019 15:05:11;448
636934359112480466;14.05.2019 15:05:11;448
636934359112949098;14.05.2019 15:05:11;447
636934359113416819;14.05.2019 15:05:11;447
636934359113886383;14.05.2019 15:05:11;447
636934359114511283;14.05.2019 15:05:11;447
636934359114979874;14.05.2019 15:05:11;447
636934359115448532;14.05.2019 15:05:11;447
636934359115917161;14.05.2019 15:05:11;447
636934359116385802;14.05.2019 15:05:11;447
636934359117010656;14.05.2019 15:05:11;447
636934359117479294;14.05.2019 15:05:11;447
636934359117947929;14.05.2019 15:05:11;447
636934359118416146;14.05.2019 15:05:11;447
636934359118885219;14.05.2019 15:05:11;447
636934359119510025;14.05.2019 15:05:11;446
636934359119978702;14.05.2019 15:05:11;446
636934359120447360;14.05.2019 15:05:12;447
636934359120915992;14.05.2019 15:05:12;446
636934359121540835;14.05.2019 15:05:12;446
636934359122009484;14.05.2019 15:05:12;447
636934359122478116;14.05.2019 15:05:12;446
636934359122946757;14.05.2019 15:05:12;446
636934359123415780;14.05.2019 15:05:12;446
636934359124042052;14.05.2019 15:05:12;446
636934359124510712;14.05.2019 15:05:12;446
636934359124980226;14.05.2019 15:05:12;446
636934359125565995;14.05.2019 15:05:12;446
636934359126034650;14.05.2019 15:05:12;445
636934359126504781;14.05.2019 15:05:12;446
636934359126974721;14.05.2019 15:05:12;445
636934359127444581;14.05.2019 15:05:12;445
636934359128070936;14.05.2019 15:05:12;445
636934359128539599;14.05.2019 15:05:12;445
636934359129009135;14.05.2019 15:05:12;446
636934359129479549;14.05.2019 15:05:12;445
636934359129949160;14.05.2019 15:05:12;445
636934359130573066;14.05.2019 15:05:13;446
636934359131042646;14.05.2019 15:05:13;445
636934359131511289;14.05.2019 15:05:13;445
636934359131979938;14.05.2019 15:05:13;446
636934359132606487;14.05.2019 15:05:13;444
636934359133075139;14.05.2019 15:05:13;444
636934359133545085;14.05.2019 15:05:13;445
636934359134015122;14.05.2019 15:05:13;444
636934359134484661;14.05.2019 15:05:13;443
636934359135109512;14.05.2019 15:05:13;444
636934359135577277;14.05.2019 15:05:13;443
636934359136047115;14.05.2019 15:05:13;443
636934359136517124;14.05.2019 15:05:13;442
636934359136987095;14.05.2019 15:05:13;442
636934359137614384;14.05.2019 15:05:13;442
636934359138085523;14.05.2019 15:05:13;442
636934359138555378;14.05.2019 15:05:13;442
636934359139024279;14.05.2019 15:05:13;441
636934359139650158;14.05.2019 15:05:13;441
636934359140118812;14.05.2019 15:05:14;441
636934359140588337;14.05.2019 15:05:14;441
636934359141057022;14.05.2019 15:05:14;441
636934359141525696;14.05.2019 15:05:14;441
636934359142151783;14.05.2019 15:05:14;442
636934359142620382;14.05.2019 15:05:14;441
636934359143089017;14.05.2019 15:05:14;440
636934359143557616;14.05.2019 15:05:14;441
636934359144026290;14.05.2019 15:05:14;439
636934359144651152;14.05.2019 15:05:14;439
636934359145119790;14.05.2019 15:05:14;439
636934359145588431;14.05.2019 15:05:14;438
636934359146213282;14.05.2019 15:05:14;438
636934359146681912;14.05.2019 15:05:14;438
636934359147150561;14.05.2019 15:05:14;437
636934359147619171;14.05.2019 15:05:14;437
636934359148087842;14.05.2019 15:05:14;436
636934359148712663;14.05.2019 15:05:14;437
636934359149181298;14.05.2019 15:05:14;436
636934359149650404;14.05.2019 15:05:14;436
636934359150119946;14.05.2019 15:05:15;436
636934359150588620;14.05.2019 15:05:15;436
636934359151213484;14.05.2019 15:05:15;436
636934359151682142;14.05.2019 15:05:15;437
636934359152151071;14.05.2019 15:05:15;437
636934359152620645;14.05.2019 15:05:15;437
636934359153244886;14.05.2019 15:05:15;437
636934359153713904;14.05.2019 15:05:15;438
636934359154182777;14.05.2019 15:05:15;436
636934359154651427;14.05.2019 15:05:15;437
636934359155120062;14.05.2019 15:05:15;437
636934359155744921;14.05.2019 15:05:15;437
636934359156212639;14.05.2019 15:05:15;438
636934359156682191;14.05.2019 15:05:15;439
636934359157150846;14.05.2019 15:05:15;438
636934359157619470;14.05.2019 15:05:15;438
636934359158243421;14.05.2019 15:05:15;439
636934359158712929;14.05.2019 15:05:15;439
636934359159181589;14.05.2019 15:05:15;438
636934359159650244;14.05.2019 15:05:15;438
636934359160274186;14.05.2019 15:05:16;439
636934359160743045;14.05.2019 15:05:16;438
636934359161212401;14.05.2019 15:05:16;438
636934359161681515;14.05.2019 15:05:16;438
636934359162307666;14.05.2019 15:05:16;438
636934359162777323;14.05.2019 15:05:16;438
636934359163245235;14.05.2019 15:05:16;438
636934359163714549;14.05.2019 15:05:16;438
636934359164183190;14.05.2019 15:05:16;437
636934359164808335;14.05.2019 15:05:16;437
636934359165277909;14.05.2019 15:05:16;437
636934359165746550;14.05.2019 15:05:16;436
636934359166215188;14.05.2019 15:05:16;436
636934359166683787;14.05.2019 15:05:16;436
636934359167308641;14.05.2019 15:05:16;435
636934359167776459;14.05.2019 15:05:16;435
636934359168245986;14.05.2019 15:05:16;436
636934359168714613;14.05.2019 15:05:16;435
636934359169339422;14.05.2019 15:05:16;434
636934359169808105;14.05.2019 15:05:16;434
636934359170276746;14.05.2019 15:05:17;434
636934359170745384;14.05.2019 15:05:17;434
636934359171214022;14.05.2019 15:05:17;434
636934359171838897;14.05.2019 15:05:17;434
636934359172307519;14.05.2019 15:05:17;433
636934359172776185;14.05.2019 15:05:17;433
636934359173244814;14.05.2019 15:05:17;433
636934359173713477;14.05.2019 15:05:17;433
636934359174338284;14.05.2019 15:05:17;433
636934359174806933;14.05.2019 15:05:17;433
636934359175275582;14.05.2019 15:05:17;434
636934359175744217;14.05.2019 15:05:17;433
636934359176368145;14.05.2019 15:05:17;433
636934359176837725;14.05.2019 15:05:17;434
636934359177306347;14.05.2019 15:05:17;433
636934359177774988;14.05.2019 15:05:17;433
636934359178399841;14.05.2019 15:05:17;434
636934359178867847;14.05.2019 15:05:17;433
636934359179337394;14.05.2019 15:05:17;433
636934359179806079;14.05.2019 15:05:17;433
636934359180274776;14.05.2019 15:05:18;433
636934359180899563;14.05.2019 15:05:18;433
636934359181368215;14.05.2019 15:05:18;432
636934359181836850;14.05.2019 15:05:18;433
636934359182305510;14.05.2019 15:05:18;432
636934359182774190;14.05.2019 15:05:18;432
636934359183399013;14.05.2019 15:05:18;432
636934359183867620;14.05.2019 15:05:18;432
636934359184336264;14.05.2019 15:05:18;432
636934359184804899;14.05.2019 15:05:18;432
636934359185429750;14.05.2019 15:05:18;432
636934359185897471;14.05.2019 15:05:18;432
636934359186367043;14.05.2019 15:05:18;432
636934359186835683;14.05.2019 15:05:18;433
636934359187460537;14.05.2019 15:05:18;432
636934359187929169;14.05.2019 15:05:18;432
636934359188397813;14.05.2019 15:05:18;433
636934359188865526;14.05.2019 15:05:18;432
636934359189335089;14.05.2019 15:05:18;432
636934359189959940;14.05.2019 15:05:18;432
636934359190428581;14.05.2019 15:05:19;432
636934359190897224;14.05.2019 15:05:19;432
636934359191365921;14.05.2019 15:05:19;432
636934359191834500;14.05.2019 15:05:19;432
636934359192459354;14.05.2019 15:05:19;432
636934359192927992;14.05.2019 15:05:19;432
636934359193396641;14.05.2019 15:05:19;432
636934359193865290;14.05.2019 15:05:19;432
636934359194490124;14.05.2019 15:05:19;432
636934359194958765;14.05.2019 15:05:19;432
636934359195427403;14.05.2019 15:05:19;432
636934359195896044;14.05.2019 15:05:19;432
636934359196364699;14.05.2019 15:05:19;432
636934359196989536;14.05.2019 15:05:19;432
636934359197459609;14.05.2019 15:05:19;432
636934359197928250;14.05.2019 15:05:19;432
636934359198396965;14.05.2019 15:05:19;433
636934359198865445;14.05.2019 15:05:19;432
636934359199490307;14.05.2019 15:05:19;432
636934359199960275;14.05.2019 15:05:19;433
636934359200428902;14.05.2019 15:05:20;432
636934359201053758;14.05.2019 15:05:20;432
636934359201522480;14.05.2019 15:05:20;433
636934359201991037;14.05.2019 15:05:20;432
636934359202459684;14.05.2019 15:05:20;432
636934359202928327;14.05.2019 15:05:20;433
636934359203553178;14.05.2019 15:05:20;433
636934359204022259;14.05.2019 15:05:20;432
636934359204491895;14.05.2019 15:05:20;432
636934359204960488;14.05.2019 15:05:20;432
636934359205429138;14.05.2019 15:05:20;433
636934359206053975;14.05.2019 15:05:20;432
636934359206522671;14.05.2019 15:05:20;433
636934359206991253;14.05.2019 15:05:20;433
636934359207458974;14.05.2019 15:05:20;433
636934359208084748;14.05.2019 15:05:20;433
636934359208553466;14.05.2019 15:05:20;434
636934359209022043;14.05.2019 15:05:20;433
636934359209490673;14.05.2019 15:05:20;433
636934359210114607;14.05.2019 15:05:21;434
636934359210584353;14.05.2019 15:05:21;433
636934359211053886;14.05.2019 15:05:21;433
636934359211522565;14.05.2019 15:05:21;434
636934359211991273;14.05.2019 15:05:21;433
636934359212459850;14.05.2019 15:05:21;433
636934359213086332;14.05.2019 15:05:21;434
636934359213555957;14.05.2019 15:05:21;433
636934359214024750;14.05.2019 15:05:21;433
636934359214494383;14.05.2019 15:05:21;434
636934359215119173;14.05.2019 15:05:21;434
636934359215587816;14.05.2019 15:05:21;433
636934359216056454;14.05.2019 15:05:21;434
636934359216525184;14.05.2019 15:05:21;434
636934359217149948;14.05.2019 15:05:21;433
636934359217618595;14.05.2019 15:05:21;434
636934359218087227;14.05.2019 15:05:21;434
636934359218555877;14.05.2019 15:05:21;434
636934359219024797;14.05.2019 15:05:21;434
636934359219650584;14.05.2019 15:05:21;434
636934359220119222;14.05.2019 15:05:22;435
636934359220587863;14.05.2019 15:05:22;434
636934359221056504;14.05.2019 15:05:22;434
636934359221525145;14.05.2019 15:05:22;435
636934359222150059;14.05.2019 15:05:22;434
636934359222618636;14.05.2019 15:05:22;434
636934359223087319;14.05.2019 15:05:22;435
636934359223555918;14.05.2019 15:05:22;434
636934359224182107;14.05.2019 15:05:22;434
636934359224650731;14.05.2019 15:05:22;434
636934359225119402;14.05.2019 15:05:22;434
636934359225588007;14.05.2019 15:05:22;434
636934359226211949;14.05.2019 15:05:22;434
636934359226681504;14.05.2019 15:05:22;434
636934359227150140;14.05.2019 15:05:22;434
636934359227618778;14.05.2019 15:05:22;434
636934359228087421;14.05.2019 15:05:22;434
636934359228711363;14.05.2019 15:05:22;434
636934359229180916;14.05.2019 15:05:22;434
636934359229649587;14.05.2019 15:05:22;434
636934359230118206;14.05.2019 15:05:23;435
636934359230586835;14.05.2019 15:05:23;434
636934359231210775;14.05.2019 15:05:23;434
636934359231680332;14.05.2019 15:05:23;435
636934359232148982;14.05.2019 15:05:23;434
636934359232617606;14.05.2019 15:05:23;435
636934359233242462;14.05.2019 15:05:23;436
636934359233710197;14.05.2019 15:05:23;435
636934359234179746;14.05.2019 15:05:23;435
636934359234647495;14.05.2019 15:05:23;436
636934359235117034;14.05.2019 15:05:23;435
636934359235741871;14.05.2019 15:05:23;435
636934359236210531;14.05.2019 15:05:23;435
636934359236679216;14.05.2019 15:05:23;435
636934359237147793;14.05.2019 15:05:23;435
636934359237616309;14.05.2019 15:05:23;435
636934359238241287;14.05.2019 15:05:23;435
636934359238709928;14.05.2019 15:05:23;435
636934359239178583;14.05.2019 15:05:23;435
636934359239803422;14.05.2019 15:05:23;435
636934359240272501;14.05.2019 15:05:24;436
636934359240742170;14.05.2019 15:05:24;435
636934359241210788;14.05.2019 15:05:24;435
636934359241679435;14.05.2019 15:05:24;435
636934359242304286;14.05.2019 15:05:24;435
636934359242772926;14.05.2019 15:05:24;435
636934359243241564;14.05.2019 15:05:24;436
636934359243710208;14.05.2019 15:05:24;435
636934359244178849;14.05.2019 15:05:24;435
636934359244804046;14.05.2019 15:05:24;435
636934359245273703;14.05.2019 15:05:24;435
636934359245742347;14.05.2019 15:05:24;435
636934359246210980;14.05.2019 15:05:24;435
636934359246835833;14.05.2019 15:05:24;435
636934359247304507;14.05.2019 15:05:24;435
636934359247773115;14.05.2019 15:05:24;435
636934359248241769;14.05.2019 15:05:24;435
636934359248710407;14.05.2019 15:05:24;435
636934359249335192;14.05.2019 15:05:24;435
636934359249802882;14.05.2019 15:05:24;435
636934359250271578;14.05.2019 15:05:25;435
636934359250741095;14.05.2019 15:05:25;435
636934359251209780;14.05.2019 15:05:25;435
636934359251834669;14.05.2019 15:05:25;435
636934359252303363;14.05.2019 15:05:25;435
636934359252771871;14.05.2019 15:05:25;435
636934359253240509;14.05.2019 15:05:25;436
636934359253709141;14.05.2019 15:05:25;435
636934359254334006;14.05.2019 15:05:25;435
636934359254802633;14.05.2019 15:05:25;436
636934359255271276;14.05.2019 15:05:25;435
636934359255896396;14.05.2019 15:05:25;435
636934359256364765;14.05.2019 15:05:25;436
636934359256832486;14.05.2019 15:05:25;435
636934359257302044;14.05.2019 15:05:25;435
636934359257770699;14.05.2019 15:05:25;436
636934359258395550;14.05.2019 15:05:25;435
636934359258864185;14.05.2019 15:05:25;435
636934359259332823;14.05.2019 15:05:25;435
636934359259801464;14.05.2019 15:05:25;435
636934359260270121;14.05.2019 15:05:26;436
636934359260894964;14.05.2019 15:05:26;436
636934359261363602;14.05.2019 15:05:26;435
636934359261831741;14.05.2019 15:05:26;436
636934359262301410;14.05.2019 15:05:26;435
636934359262926247;14.05.2019 15:05:26;436
636934359263394887;14.05.2019 15:05:26;436
636934359263863531;14.05.2019 15:05:26;437
636934359264331233;14.05.2019 15:05:26;436
636934359264957023;14.05.2019 15:05:26;437
636934359265425661;14.05.2019 15:05:26;436
636934359265894315;14.05.2019 15:05:26;436
636934359266362939;14.05.2019 15:05:26;436
636934359266831600;14.05.2019 15:05:26;436
636934359267456013;14.05.2019 15:05:26;436
636934359267925027;14.05.2019 15:05:26;437
636934359268393666;14.05.2019 15:05:26;436
636934359268862356;14.05.2019 15:05:26;436
636934359269330994;14.05.2019 15:05:26;437
636934359269954983;14.05.2019 15:05:26;436
636934359270424494;14.05.2019 15:05:27;436
636934359270893143;14.05.2019 15:05:27;436
636934359271361770;14.05.2019 15:05:27;436
636934359271986651;14.05.2019 15:05:27;436
636934359272454270;14.05.2019 15:05:27;436
636934359272923908;14.05.2019 15:05:27;436
636934359273392546;14.05.2019 15:05:27;436
636934359273861184;14.05.2019 15:05:27;436
636934359274486035;14.05.2019 15:05:27;437
636934359274953676;14.05.2019 15:05:27;436
636934359275423319;14.05.2019 15:05:27;436
636934359275891974;14.05.2019 15:05:27;436
636934359276359604;14.05.2019 15:05:27;438
636934359276985455;14.05.2019 15:05:27;436
636934359277454095;14.05.2019 15:05:27;437
636934359277922969;14.05.2019 15:05:27;438
636934359278392566;14.05.2019 15:05:27;437
636934359279016477;14.05.2019 15:05:27;437
636934359279486038;14.05.2019 15:05:27;437
636934359279954676;14.05.2019 15:05:27;436
636934359280423314;14.05.2019 15:05:28;437
636934359281048167;14.05.2019 15:05:28;437
636934359281516811;14.05.2019 15:05:28;437
636934359281985452;14.05.2019 15:05:28;436
636934359282454104;14.05.2019 15:05:28;437
636934359282922731;14.05.2019 15:05:28;437
636934359283547587;14.05.2019 15:05:28;436
636934359284015311;14.05.2019 15:05:28;437
636934359284484949;14.05.2019 15:05:28;437
636934359284953590;14.05.2019 15:05:28;437
636934359285422225;14.05.2019 15:05:28;437
636934359286047079;14.05.2019 15:05:28;437
636934359286515365;14.05.2019 15:05:28;437
636934359286984385;14.05.2019 15:05:28;437
636934359287608283;14.05.2019 15:05:28;437
636934359288078137;14.05.2019 15:05:28;438
636934359288547822;14.05.2019 15:05:28;437
636934359289016433;14.05.2019 15:05:28;437
636934359289485074;14.05.2019 15:05:28;438
636934359289953731;14.05.2019 15:05:28;437
636934359290578574;14.05.2019 15:05:29;437
636934359291047225;14.05.2019 15:05:29;438
636934359291515847;14.05.2019 15:05:29;437
636934359291984493;14.05.2019 15:05:29;437
636934359292453126;14.05.2019 15:05:29;438
636934359293077979;14.05.2019 15:05:29;437
636934359293546620;14.05.2019 15:05:29;437
636934359294015574;14.05.2019 15:05:29;437
636934359294641466;14.05.2019 15:05:29;437
636934359295109085;14.05.2019 15:05:29;437
636934359295578734;14.05.2019 15:05:29;437
636934359296047358;14.05.2019 15:05:29;438
636934359296515999;14.05.2019 15:05:29;437
636934359297140853;14.05.2019 15:05:29;438
636934359297609416;14.05.2019 15:05:29;438
636934359298080007;14.05.2019 15:05:29;439
636934359298549549;14.05.2019 15:05:29;438
636934359299018223;14.05.2019 15:05:29;438
636934359299643035;14.05.2019 15:05:29;439
636934359300111692;14.05.2019 15:05:30;438
636934359300580322;14.05.2019 15:05:30;438
636934359301048960;14.05.2019 15:05:30;438
636934359301673932;14.05.2019 15:05:30;438
636934359302142576;14.05.2019 15:05:30;438
636934359302611206;14.05.2019 15:05:30;439
636934359303079844;14.05.2019 15:05:30;438
636934359303704442;14.05.2019 15:05:30;438
636934359304173629;14.05.2019 15:05:30;438
636934359304643273;14.05.2019 15:05:30;438
636934359305111872;14.05.2019 15:05:30;438
636934359305580566;14.05.2019 15:05:30;438
636934359306048882;14.05.2019 15:05:30;438
636934359306674057;14.05.2019 15:05:30;438
636934359307142701;14.05.2019 15:05:30;438
636934359307611339;14.05.2019 15:05:30;439
636934359308079977;14.05.2019 15:05:30;439
636934359308703841;14.05.2019 15:05:30;438
636934359309173471;14.05.2019 15:05:30;438
636934359309642148;14.05.2019 15:05:30;439
636934359310110753;14.05.2019 15:05:31;438
636934359310735604;14.05.2019 15:05:31;439
636934359311203269;14.05.2019 15:05:31;440
636934359311672891;14.05.2019 15:05:31;439
636934359312141532;14.05.2019 15:05:31;439
636934359312610167;14.05.2019 15:05:31;440
636934359313235020;14.05.2019 15:05:31;439
636934359313702664;14.05.2019 15:05:31;439
636934359314172302;14.05.2019 15:05:31;439
636934359314640976;14.05.2019 15:05:31;439
636934359315109578;14.05.2019 15:05:31;439
636934359315734432;14.05.2019 15:05:31;439
636934359316203125;14.05.2019 15:05:31;439
636934359316671722;14.05.2019 15:05:31;439
636934359317140354;14.05.2019 15:05:31;439
636934359317765496;14.05.2019 15:05:31;439
636934359318235076;14.05.2019 15:05:31;439
636934359318703769;14.05.2019 15:05:31;439
636934359319172388;14.05.2019 15:05:31;439
636934359319797219;14.05.2019 15:05:31;439
636934359320265852;14.05.2019 15:05:32;439
636934359320734493;14.05.2019 15:05:32;439
636934359321203133;14.05.2019 15:05:32;440
636934359321671774;14.05.2019 15:05:32;439
636934359322297046;14.05.2019 15:05:32;439
636934359322766704;14.05.2019 15:05:32;439
636934359323235339;14.05.2019 15:05:32;439
636934359323703977;14.05.2019 15:05:32;439
636934359324172621;14.05.2019 15:05:32;440
636934359324797482;14.05.2019 15:05:32;440
636934359325266112;14.05.2019 15:05:32;440
636934359325734758;14.05.2019 15:05:32;440
636934359326203399;14.05.2019 15:05:32;440
636934359326828286;14.05.2019 15:05:32;440
636934359327296788;14.05.2019 15:05:32;440
636934359327765532;14.05.2019 15:05:32;440
636934359328234167;14.05.2019 15:05:32;440
636934359328702833;14.05.2019 15:05:32;440
636934359329327659;14.05.2019 15:05:32;440
636934359329795518;14.05.2019 15:05:32;440
636934359330265176;14.05.2019 15:05:33;440
636934359330733814;14.05.2019 15:05:33;440
636934359331202513;14.05.2019 15:05:33;440
636934359331827308;14.05.2019 15:05:33;440
636934359332295946;14.05.2019 15:05:33;440
636934359332764590;14.05.2019 15:05:33;441
636934359333233228;14.05.2019 15:05:33;440
636934359333858078;14.05.2019 15:05:33;440
636934359334326719;14.05.2019 15:05:33;441
636934359334795360;14.05.2019 15:05:33;440
636934359335264006;14.05.2019 15:05:33;440
636934359335888852;14.05.2019 15:05:33;441
636934359336357531;14.05.2019 15:05:33;440
636934359336826136;14.05.2019 15:05:33;441
636934359337294771;14.05.2019 15:05:33;441
636934359337763415;14.05.2019 15:05:33;441
636934359338388274;14.05.2019 15:05:33;440
636934359338856948;14.05.2019 15:05:33;441
636934359339325550;14.05.2019 15:05:33;440
636934359339794557;14.05.2019 15:05:33;440
636934359340264217;14.05.2019 15:05:34;440
636934359340889090;14.05.2019 15:05:34;441
636934359341356758;14.05.2019 15:05:34;440
636934359341828051;14.05.2019 15:05:34;441
636934359342296697;14.05.2019 15:05:34;441
636934359342922689;14.05.2019 15:05:34;442
636934359343392222;14.05.2019 15:05:34;440
636934359343860874;14.05.2019 15:05:34;441
636934359344329507;14.05.2019 15:05:34;441
636934359344798142;14.05.2019 15:05:34;441
636934359345423898;14.05.2019 15:05:34;441
636934359345893758;14.05.2019 15:05:34;442
636934359346363735;14.05.2019 15:05:34;440
636934359346833655;14.05.2019 15:05:34;441
636934359347303161;14.05.2019 15:05:34;441
636934359347928349;14.05.2019 15:05:34;441
636934359348398182;14.05.2019 15:05:34;441
636934359348867723;14.05.2019 15:05:34;441
636934359349492945;14.05.2019 15:05:34;441
636934359349962481;14.05.2019 15:05:34;440
636934359350431119;14.05.2019 15:05:35;441
636934359350899820;14.05.2019 15:05:35;440
636934359351368414;14.05.2019 15:05:35;440
636934359351994628;14.05.2019 15:05:35;440
636934359352463612;14.05.2019 15:05:35;440
636934359352934392;14.05.2019 15:05:35;440
636934359353402958;14.05.2019 15:05:35;440
636934359353871599;14.05.2019 15:05:35;440
636934359354340262;14.05.2019 15:05:35;441
636934359354965129;14.05.2019 15:05:35;440
636934359355433773;14.05.2019 15:05:35;441
636934359355902411;14.05.2019 15:05:35;441
636934359356527273;14.05.2019 15:05:35;441
636934359356994996;14.05.2019 15:05:35;440
636934359357464596;14.05.2019 15:05:35;442
636934359357933217;14.05.2019 15:05:35;441
636934359358402204;14.05.2019 15:05:35;441
636934359359028030;14.05.2019 15:05:35;442
636934359359495718;14.05.2019 15:05:35;441
636934359359965379;14.05.2019 15:05:35;440
636934359360434050;14.05.2019 15:05:36;442
636934359360902682;14.05.2019 15:05:36;440
636934359361527486;14.05.2019 15:05:36;440
636934359361996044;14.05.2019 15:05:36;440
636934359362464139;14.05.2019 15:05:36;440
636934359362933090;14.05.2019 15:05:36;440
636934359363558852;14.05.2019 15:05:36;440
636934359364027485;14.05.2019 15:05:36;440
636934359364496123;14.05.2019 15:05:36;440
636934359364965974;14.05.2019 15:05:36;440
636934359365590603;14.05.2019 15:05:36;440
636934359366060527;14.05.2019 15:05:36;440
636934359366530387;14.05.2019 15:05:36;440
636934359367000346;14.05.2019 15:05:36;440
636934359367469915;14.05.2019 15:05:36;440
636934359367938556;14.05.2019 15:05:36;440
636934359368563407;14.05.2019 15:05:36;440
636934359369031433;14.05.2019 15:05:36;440
636934359369501032;14.05.2019 15:05:36;439
636934359369970618;14.05.2019 15:05:36;440
636934359370594543;14.05.2019 15:05:37;439
636934359371064098;14.05.2019 15:05:37;439
636934359371532745;14.05.2019 15:05:37;440
636934359372001388;14.05.2019 15:05:37;439
636934359372626607;14.05.2019 15:05:37;439
636934359373095256;14.05.2019 15:05:37;439
636934359373564939;14.05.2019 15:05:37;438
636934359374033494;14.05.2019 15:05:37;438
636934359374502096;14.05.2019 15:05:37;438
636934359375126949;14.05.2019 15:05:37;438
636934359375594679;14.05.2019 15:05:37;437
636934359376064242;14.05.2019 15:05:37;438
636934359376532875;14.05.2019 15:05:37;437
636934359377001513;14.05.2019 15:05:37;437
636934359377626397;14.05.2019 15:05:37;437
636934359378094093;14.05.2019 15:05:37;437
636934359378563687;14.05.2019 15:05:37;437
636934359379033450;14.05.2019 15:05:37;437
636934359379658300;14.05.2019 15:05:37;437
636934359380126944;14.05.2019 15:05:38;437
636934359380594798;14.05.2019 15:05:38;437
636934359381064234;14.05.2019 15:05:38;437
636934359381689087;14.05.2019 15:05:38;436
636934359382158036;14.05.2019 15:05:38;436
636934359382627605;14.05.2019 15:05:38;436
636934359383096268;14.05.2019 15:05:38;436
636934359383564886;14.05.2019 15:05:38;436
636934359384188817;14.05.2019 15:05:38;436
636934359384658381;14.05.2019 15:05:38;436
636934359385127024;14.05.2019 15:05:38;436
636934359385595660;14.05.2019 15:05:38;436
636934359386064300;14.05.2019 15:05:38;436
636934359386688362;14.05.2019 15:05:38;436
636934359387157792;14.05.2019 15:05:38;436
636934359387626436;14.05.2019 15:05:38;436
636934359388095096;14.05.2019 15:05:38;436
636934359388719933;14.05.2019 15:05:38;436
636934359389187656;14.05.2019 15:05:38;436
636934359389657225;14.05.2019 15:05:38;436
636934359390128529;14.05.2019 15:05:39;435
636934359390598414;14.05.2019 15:05:39;436
636934359391224569;14.05.2019 15:05:39;435
636934359391694174;14.05.2019 15:05:39;436
636934359392162821;14.05.2019 15:05:39;435
636934359392631564;14.05.2019 15:05:39;436
636934359393100144;14.05.2019 15:05:39;437
636934359393724964;14.05.2019 15:05:39;436
636934359394195140;14.05.2019 15:05:39;436
636934359394664678;14.05.2019 15:05:39;437
636934359395133311;14.05.2019 15:05:39;435
636934359395759971;14.05.2019 15:05:39;436
636934359396229578;14.05.2019 15:05:39;437
636934359396698505;14.05.2019 15:05:39;435
636934359397168049;14.05.2019 15:05:39;436
636934359397636748;14.05.2019 15:05:39;436
636934359398261587;14.05.2019 15:05:39;436
636934359398729303;14.05.2019 15:05:39;436
636934359399198816;14.05.2019 15:05:39;436
636934359399667460;14.05.2019 15:05:39;435
636934359400135486;14.05.2019 15:05:40;435
636934359400760987;14.05.2019 15:05:40;436
636934359401229614;14.05.2019 15:05:40;435
636934359401698244;14.05.2019 15:05:40;435
636934359402167242;14.05.2019 15:05:40;436
636934359402793276;14.05.2019 15:05:40;435
636934359403261925;14.05.2019 15:05:40;435
636934359403731453;14.05.2019 15:05:40;435
636934359404200105;14.05.2019 15:05:40;435
636934359404824941;14.05.2019 15:05:40;436
636934359405294355;14.05.2019 15:05:40;436
636934359405765102;14.05.2019 15:05:40;435
636934359406235632;14.05.2019 15:05:40;437
636934359406704295;14.05.2019 15:05:40;436
636934359407330506;14.05.2019 15:05:40;436
636934359407800338;14.05.2019 15:05:40;437
636934359408269968;14.05.2019 15:05:40;436
636934359408738626;14.05.2019 15:05:40;435
636934359409207278;14.05.2019 15:05:40;437
636934359409831347;14.05.2019 15:05:40;436
636934359410299772;14.05.2019 15:05:41;436
636934359410769576;14.05.2019 15:05:41;436
636934359411239115;14.05.2019 15:05:41;436
636934359411863938;14.05.2019 15:05:41;436
636934359412331728;14.05.2019 15:05:41;436
636934359412801521;14.05.2019 15:05:41;435
636934359413272315;14.05.2019 15:05:41;436
636934359413740953;14.05.2019 15:05:41;436
636934359414365829;14.05.2019 15:05:41;435
636934359414834480;14.05.2019 15:05:41;436
636934359415302204;14.05.2019 15:05:41;436
636934359415771757;14.05.2019 15:05:41;436
636934359416240400;14.05.2019 15:05:41;436
636934359416865251;14.05.2019 15:05:41;436
636934359417333895;14.05.2019 15:05:41;436
636934359417802045;14.05.2019 15:05:41;437
636934359418427389;14.05.2019 15:05:41;436
636934359418896027;14.05.2019 15:05:41;436
636934359419364704;14.05.2019 15:05:41;437
636934359419833306;14.05.2019 15:05:41;436
636934359420301032;14.05.2019 15:05:42;436
636934359420928055;14.05.2019 15:05:42;437
636934359421397915;14.05.2019 15:05:42;436
636934359421867487;14.05.2019 15:05:42;436
636934359422336125;14.05.2019 15:05:42;437
636934359422804763;14.05.2019 15:05:42;436
636934359423273409;14.05.2019 15:05:42;436
636934359423898263;14.05.2019 15:05:42;436
636934359424366892;14.05.2019 15:05:42;436
636934359424835539;14.05.2019 15:05:42;436
636934359425460401;14.05.2019 15:05:42;436
636934359425928122;14.05.2019 15:05:42;436
636934359426397680;14.05.2019 15:05:42;436
636934359426866318;14.05.2019 15:05:42;436
636934359427334956;14.05.2019 15:05:42;436
636934359427959806;14.05.2019 15:05:42;437
636934359428427755;14.05.2019 15:05:42;436
636934359428897091;14.05.2019 15:05:42;436
636934359429365770;14.05.2019 15:05:42;436
636934359429861452;14.05.2019 15:05:42;436
636934359430329162;14.05.2019 15:05:43;436
636934359430954913;14.05.2019 15:05:43;436
636934359431423590;14.05.2019 15:05:43;436
636934359431892178;14.05.2019 15:05:43;436
636934359432517112;14.05.2019 15:05:43;436
636934359432985744;14.05.2019 15:05:43;435
636934359433454485;14.05.2019 15:05:43;436
636934359433922990;14.05.2019 15:05:43;436
636934359434391628;14.05.2019 15:05:43;436
636934359435016387;14.05.2019 15:05:43;435
636934359435484211;14.05.2019 15:05:43;436
636934359435955234;14.05.2019 15:05:43;435
636934359436423859;14.05.2019 15:05:43;435
636934359436892461;14.05.2019 15:05:43;435
636934359437516552;14.05.2019 15:05:43;436
636934359437985082;14.05.2019 15:05:43;435
636934359438454862;14.05.2019 15:05:43;435
636934359438924844;14.05.2019 15:05:43;435
636934359439551919;14.05.2019 15:05:43;435
636934359440019684;14.05.2019 15:05:44;434
636934359440488328;14.05.2019 15:05:44;434
636934359440958138;14.05.2019 15:05:44;434
636934359441428117;14.05.2019 15:05:44;434
636934359442053937;14.05.2019 15:05:44;434
636934359442523900;14.05.2019 15:05:44;435
636934359442993898;14.05.2019 15:05:44;434
636934359443464229;14.05.2019 15:05:44;435
636934359443933762;14.05.2019 15:05:44;436
636934359444559865;14.05.2019 15:05:44;434
636934359445028902;14.05.2019 15:05:44;435
636934359445497562;14.05.2019 15:05:44;435
636934359445967505;14.05.2019 15:05:44;435
636934359446593503;14.05.2019 15:05:44;435
636934359447062160;14.05.2019 15:05:44;434
636934359447531685;14.05.2019 15:05:44;435
636934359448000323;14.05.2019 15:05:44;435
636934359448469003;14.05.2019 15:05:44;435
636934359449092934;14.05.2019 15:05:44;435
636934359449561588;14.05.2019 15:05:44;434
636934359450031099;14.05.2019 15:05:45;435
636934359450499787;14.05.2019 15:05:45;435
636934359450968425;14.05.2019 15:05:45;435
636934359451593226;14.05.2019 15:05:45;435
636934359452061875;14.05.2019 15:05:45;435
636934359452530552;14.05.2019 15:05:45;435
636934359452999182;14.05.2019 15:05:45;435
636934359453624426;14.05.2019 15:05:45;435
636934359454093089;14.05.2019 15:05:45;436
636934359454562669;14.05.2019 15:05:45;434
636934359455031368;14.05.2019 15:05:45;435
636934359455656219;14.05.2019 15:05:45;436
636934359456124832;14.05.2019 15:05:45;435
636934359456593689;14.05.2019 15:05:45;434
636934359457063227;14.05.2019 15:05:45;436
636934359457531923;14.05.2019 15:05:45;434
636934359458156827;14.05.2019 15:05:45;435
636934359458625357;14.05.2019 15:05:45;435
636934359459093119;14.05.2019 15:05:45;434
636934359459562677;14.05.2019 15:05:45;434
636934359460031323;14.05.2019 15:05:46;435
636934359460656166;14.05.2019 15:05:46;434
636934359461124818;14.05.2019 15:05:46;434
636934359461593439;14.05.2019 15:05:46;434
636934359462062052;14.05.2019 15:05:46;434
636934359462686978;14.05.2019 15:05:46;434
636934359463155605;14.05.2019 15:05:46;434
636934359463624229;14.05.2019 15:05:46;434
636934359464092873;14.05.2019 15:05:46;434
636934359464561533;14.05.2019 15:05:46;434
636934359465186367;14.05.2019 15:05:46;434
636934359465654592;14.05.2019 15:05:46;434
636934359466124081;14.05.2019 15:05:46;434
636934359466593661;14.05.2019 15:05:46;434
636934359467062302;14.05.2019 15:05:46;434
636934359467687152;14.05.2019 15:05:46;433
636934359468155793;14.05.2019 15:05:46;433
636934359468624717;14.05.2019 15:05:46;434
636934359469093371;14.05.2019 15:05:46;433
636934359469719150;14.05.2019 15:05:46;433
636934359470187830;14.05.2019 15:05:47;434
636934359470656803;14.05.2019 15:05:47;433
636934359471126386;14.05.2019 15:05:47;433
636934359471751514;14.05.2019 15:05:47;434
636934359472221055;14.05.2019 15:05:47;432
636934359472689729;14.05.2019 15:05:47;432
636934359473158428;14.05.2019 15:05:47;432
636934359473627016;14.05.2019 15:05:47;432
636934359474251889;14.05.2019 15:05:47;432
636934359474720511;14.05.2019 15:05:47;432
636934359475189149;14.05.2019 15:05:47;432
636934359475657784;14.05.2019 15:05:47;432
636934359476126436;14.05.2019 15:05:47;432
636934359476751287;14.05.2019 15:05:47;432
636934359477219922;14.05.2019 15:05:47;432
636934359477687640;14.05.2019 15:05:47;432
636934359478157256;14.05.2019 15:05:47;432
636934359478782060;14.05.2019 15:05:47;432
636934359479250701;14.05.2019 15:05:47;432
636934359479719333;14.05.2019 15:05:47;432
636934359480187882;14.05.2019 15:05:48;431
636934359480656631;14.05.2019 15:05:48;432
636934359481281465;14.05.2019 15:05:48;432
636934359481750098;14.05.2019 15:05:48;431
636934359482218742;14.05.2019 15:05:48;431
636934359482687377;14.05.2019 15:05:48;431
636934359483156029;14.05.2019 15:05:48;432
636934359483780877;14.05.2019 15:05:48;431
636934359484249556;14.05.2019 15:05:48;431
636934359484718156;14.05.2019 15:05:48;431
636934359485185882;14.05.2019 15:05:48;430
636934359485810955;14.05.2019 15:05:48;430
636934359486280598;14.05.2019 15:05:48;430
636934359486750148;14.05.2019 15:05:48;429
636934359487218783;14.05.2019 15:05:48;429
636934359487843675;14.05.2019 15:05:48;429
636934359488311394;14.05.2019 15:05:48;429
636934359488780916;14.05.2019 15:05:48;429
636934359489249554;14.05.2019 15:05:48;428
636934359489718236;14.05.2019 15:05:48;427
636934359490343101;14.05.2019 15:05:49;427
636934359490811722;14.05.2019 15:05:49;427
636934359491280753;14.05.2019 15:05:49;427
636934359491750408;14.05.2019 15:05:49;427
636934359492219052;14.05.2019 15:05:49;426
636934359492843858;14.05.2019 15:05:49;426
636934359493312494;14.05.2019 15:05:49;427
636934359493781184;14.05.2019 15:05:49;425
636934359494406035;14.05.2019 15:05:49;425
636934359494874626;14.05.2019 15:05:49;426
636934359495343264;14.05.2019 15:05:49;425
636934359495811974;14.05.2019 15:05:49;424
636934359496280601;14.05.2019 15:05:49;425
636934359496905443;14.05.2019 15:05:49;423
636934359497374093;14.05.2019 15:05:49;423
636934359497842733;14.05.2019 15:05:49;422
636934359498311374;14.05.2019 15:05:49;422
636934359498780007;14.05.2019 15:05:49;421
636934359499404838;14.05.2019 15:05:49;420
636934359499872506;14.05.2019 15:05:49;419
636934359500342098;14.05.2019 15:05:50;417
636934359500810791;14.05.2019 15:05:50;417
636934359501434880;14.05.2019 15:05:50;416
636934359501903327;14.05.2019 15:05:50;415
636934359502372278;14.05.2019 15:05:50;413
636934359502841767;14.05.2019 15:05:50;412
636934359503311369;14.05.2019 15:05:50;411
636934359503936231;14.05.2019 15:05:50;409
636934359504403913;14.05.2019 15:05:50;408
636934359504873518;14.05.2019 15:05:50;408
636934359505342125;14.05.2019 15:05:50;406
636934359505811049;14.05.2019 15:05:50;406
636934359506438202;14.05.2019 15:05:50;404
636934359506906840;14.05.2019 15:05:50;405
636934359507374600;14.05.2019 15:05:50;403
636934359507844158;14.05.2019 15:05:50;403
636934359508468972;14.05.2019 15:05:50;403
636934359508937139;14.05.2019 15:05:50;402
636934359509406850;14.05.2019 15:05:50;402
636934359509875510;14.05.2019 15:05:50;400
636934359510502619;14.05.2019 15:05:51;400
636934359510971240;14.05.2019 15:05:51;400
636934359511439848;14.05.2019 15:05:51;399
636934359511908236;14.05.2019 15:05:51;399
636934359512376209;14.05.2019 15:05:51;399
636934359513002963;14.05.2019 15:05:51;398
636934359513471798;14.05.2019 15:05:51;398
636934359513940406;14.05.2019 15:05:51;397
636934359514408246;14.05.2019 15:05:51;396
636934359514876840;14.05.2019 15:05:51;396
636934359515502020;14.05.2019 15:05:51;396
636934359515972581;14.05.2019 15:05:51;395
636934359516442155;14.05.2019 15:05:51;395
636934359516910796;14.05.2019 15:05:51;395
636934359517535644;14.05.2019 15:05:51;395
636934359518003382;14.05.2019 15:05:51;395
636934359518472887;14.05.2019 15:05:51;395
636934359518941525;14.05.2019 15:05:51;394
636934359519410194;14.05.2019 15:05:51;394
636934359520035019;14.05.2019 15:05:52;394
636934359520502788;14.05.2019 15:05:52;395
636934359520972307;14.05.2019 15:05:52;394
636934359521440909;14.05.2019 15:05:52;394
636934359521908754;14.05.2019 15:05:52;394
636934359522534724;14.05.2019 15:05:52;394
636934359523004257;14.05.2019 15:05:52;394
636934359523474486;14.05.2019 15:05:52;394
636934359523944024;14.05.2019 15:05:52;394
636934359524570039;14.05.2019 15:05:52;395
636934359525038671;14.05.2019 15:05:52;394
636934359525507597;14.05.2019 15:05:52;394
636934359525977235;14.05.2019 15:05:52;394
636934359526448561;14.05.2019 15:05:52;394
636934359527075714;14.05.2019 15:05:52;393
636934359527543452;14.05.2019 15:05:52;394
636934359528012982;14.05.2019 15:05:52;394
636934359528481592;14.05.2019 15:05:52;394
636934359528950233;14.05.2019 15:05:52;394
636934359529575073;14.05.2019 15:05:52;394
636934359530043772;14.05.2019 15:05:53;393
636934359530512396;14.05.2019 15:05:53;394
636934359530981411;14.05.2019 15:05:53;394
636934359531607203;14.05.2019 15:05:53;394
636934359532077182;14.05.2019 15:05:53;394
636934359532545391;14.05.2019 15:05:53;395
636934359533014932;14.05.2019 15:05:53;395
636934359533639836;14.05.2019 15:05:53;395
636934359534108734;14.05.2019 15:05:53;395
636934359534578284;14.05.2019 15:05:53;395
636934359535046916;14.05.2019 15:05:53;395
636934359535515593;14.05.2019 15:05:53;395
636934359536140411;14.05.2019 15:05:53;396
636934359536609403;14.05.2019 15:05:53;395
636934359537079296;14.05.2019 15:05:53;395
636934359537549303;14.05.2019 15:05:53;395
636934359538018847;14.05.2019 15:05:53;396
636934359538644016;14.05.2019 15:05:53;396
636934359539113826;14.05.2019 15:05:53;396
636934359539584094;14.05.2019 15:05:53;396
636934359540053917;14.05.2019 15:05:54;397
636934359540680020;14.05.2019 15:05:54;397
636934359541151171;14.05.2019 15:05:54;397
636934359541620710;14.05.2019 15:05:54;397
636934359542090573;14.05.2019 15:05:54;398
636934359542559202;14.05.2019 15:05:54;397
636934359543184757;14.05.2019 15:05:54;398
636934359543654556;14.05.2019 15:05:54;398
636934359544124418;14.05.2019 15:05:54;398
636934359544593156;14.05.2019 15:05:54;398
636934359545062116;14.05.2019 15:05:54;398
636934359545688396;14.05.2019 15:05:54;398
636934359546157951;14.05.2019 15:05:54;399
636934359546626589;14.05.2019 15:05:54;399
636934359547095230;14.05.2019 15:05:54;399
636934359547720394;14.05.2019 15:05:54;399
636934359548189057;14.05.2019 15:05:54;399
636934359548659925;14.05.2019 15:05:54;399
636934359549128535;14.05.2019 15:05:54;400
636934359549596345;14.05.2019 15:05:54;400
636934359550222060;14.05.2019 15:05:55;401
636934359550689834;14.05.2019 15:05:55;400
636934359551159328;14.05.2019 15:05:55;400
636934359551628044;14.05.2019 15:05:55;400
636934359552096781;14.05.2019 15:05:55;401
636934359552721543;14.05.2019 15:05:55;401
636934359553190553;14.05.2019 15:05:55;401
636934359553660083;14.05.2019 15:05:55;402
636934359554128785;14.05.2019 15:05:55;401
636934359554752705;14.05.2019 15:05:55;401
636934359555222235;14.05.2019 15:05:55;401
636934359555690864;14.05.2019 15:05:55;402
636934359556161040;14.05.2019 15:05:55;401
636934359556787719;14.05.2019 15:05:55;401
636934359557256687;14.05.2019 15:05:55;402
636934359557725564;14.05.2019 15:05:55;402
636934359558195099;14.05.2019 15:05:55;402
636934359558664095;14.05.2019 15:05:55;403
636934359559133960;14.05.2019 15:05:55;402
636934359559759706;14.05.2019 15:05:55;402
636934359560228385;14.05.2019 15:05:56;402
636934359560696990;14.05.2019 15:05:56;402
636934359561165625;14.05.2019 15:05:56;402
636934359561789601;14.05.2019 15:05:56;403
636934359562258247;14.05.2019 15:05:56;402
636934359562727799;14.05.2019 15:05:56;403
636934359563196485;14.05.2019 15:05:56;403
636934359563822682;14.05.2019 15:05:56;403
636934359564291669;14.05.2019 15:05:56;403
636934359564760329;14.05.2019 15:05:56;403
636934359565229851;14.05.2019 15:05:56;402
636934359565698489;14.05.2019 15:05:56;403
636934359566323351;14.05.2019 15:05:56;403
636934359566792039;14.05.2019 15:05:56;403
636934359567260674;14.05.2019 15:05:56;403
636934359567729304;14.05.2019 15:05:56;403
636934359568197970;14.05.2019 15:05:56;403
636934359568822848;14.05.2019 15:05:56;404
636934359569291439;14.05.2019 15:05:56;403
636934359569760080;14.05.2019 15:05:56;404
636934359570228723;14.05.2019 15:05:57;404
636934359570853599;14.05.2019 15:05:57;404
636934359571322212;14.05.2019 15:05:57;404
636934359571791277;14.05.2019 15:05:57;404
636934359572260029;14.05.2019 15:05:57;404
636934359572729822;14.05.2019 15:05:57;404
636934359573355875;14.05.2019 15:05:57;405
636934359573826461;14.05.2019 15:05:57;404
636934359574295415;14.05.2019 15:05:57;404
636934359574763183;14.05.2019 15:05:57;404
636934359575232696;14.05.2019 15:05:57;405
636934359575859229;14.05.2019 15:05:57;404
636934359576329294;14.05.2019 15:05:57;405
636934359576800411;14.05.2019 15:05:57;404
636934359577269069;14.05.2019 15:05:57;405
636934359577894795;14.05.2019 15:05:57;405
636934359578362929;14.05.2019 15:05:57;406
636934359578832512;14.05.2019 15:05:57;405
636934359579301718;14.05.2019 15:05:57;405
636934359579927491;14.05.2019 15:05:57;405
636934359580397282;14.05.2019 15:05:58;405
636934359580867133;14.05.2019 15:05:58;406
636934359581336043;14.05.2019 15:05:58;405
636934359581805847;14.05.2019 15:05:58;405
636934359582275377;14.05.2019 15:05:58;406
636934359582901979;14.05.2019 15:05:58;405
636934359583371881;14.05.2019 15:05:58;406
636934359583841427;14.05.2019 15:05:58;407
636934359584310063;14.05.2019 15:05:58;406
636934359584934251;14.05.2019 15:05:58;406
636934359585403599;14.05.2019 15:05:58;407
636934359585872220;14.05.2019 15:05:58;406
636934359586340844;14.05.2019 15:05:58;406
636934359586965731;14.05.2019 15:05:58;407
636934359587434433;14.05.2019 15:05:58;406
636934359587902090;14.05.2019 15:05:58;406
636934359588371673;14.05.2019 15:05:58;406
636934359588840291;14.05.2019 15:05:58;406
636934359589465175;14.05.2019 15:05:58;407
636934359589933780;14.05.2019 15:05:58;406
636934359590402424;14.05.2019 15:05:59;407
636934359590871048;14.05.2019 15:05:59;406
636934359591340019;14.05.2019 15:05:59;406
636934359591965770;14.05.2019 15:05:59;406
636934359592434638;14.05.2019 15:05:59;406
636934359592905489;14.05.2019 15:05:59;406
636934359593374507;14.05.2019 15:05:59;406
636934359594000328;14.05.2019 15:05:59;406
636934359594469024;14.05.2019 15:05:59;406
636934359594937667;14.05.2019 15:05:59;406
636934359595406294;14.05.2019 15:05:59;406
636934359595875173;14.05.2019 15:05:59;406
636934359596502194;14.05.2019 15:05:59;406
636934359596969942;14.05.2019 15:05:59;407
636934359597439506;14.05.2019 15:05:59;406
636934359597908144;14.05.2019 15:05:59;407
636934359598376463;14.05.2019 15:05:59;407
636934359599001657;14.05.2019 15:05:59;406
636934359599471459;14.05.2019 15:05:59;406
636934359599940125;14.05.2019 15:05:59;406
636934359600408738;14.05.2019 15:06:00;406
636934359601033591;14.05.2019 15:06:00;407
636934359601502351;14.05.2019 15:06:00;406
636934359601971001;14.05.2019 15:06:00;407
636934359602439669;14.05.2019 15:06:00;406
636934359603064492;14.05.2019 15:06:00;406
636934359603533138;14.05.2019 15:06:00;407
636934359604001774;14.05.2019 15:06:00;407
636934359604470409;14.05.2019 15:06:00;406
636934359604939103;14.05.2019 15:06:00;407
636934359605563903;14.05.2019 15:06:00;407
636934359606032541;14.05.2019 15:06:00;407
636934359606501462;14.05.2019 15:06:00;407
636934359606971070;14.05.2019 15:06:00;408
636934359607439777;14.05.2019 15:06:00;407
636934359608064617;14.05.2019 15:06:00;407
636934359608533202;14.05.2019 15:06:00;407
636934359609001840;14.05.2019 15:06:00;406
636934359609470423;14.05.2019 15:06:00;407
636934359610095282;14.05.2019 15:06:01;407
636934359610563939;14.05.2019 15:06:01;407
636934359611032586;14.05.2019 15:06:01;407
636934359611501185;14.05.2019 15:06:01;407
636934359612125163;14.05.2019 15:06:01;407
636934359612594785;14.05.2019 15:06:01;407
636934359613063423;14.05.2019 15:06:01;407
636934359613531994;14.05.2019 15:06:01;408
636934359614000643;14.05.2019 15:06:01;407
636934359614469281;14.05.2019 15:06:01;407
636934359615094135;14.05.2019 15:06:01;407
636934359615562776;14.05.2019 15:06:01;407
636934359616031411;14.05.2019 15:06:01;407
636934359616656389;14.05.2019 15:06:01;407
636934359617123994;14.05.2019 15:06:01;408
636934359617593546;14.05.2019 15:06:01;407
636934359618062195;14.05.2019 15:06:01;407
636934359618530825;14.05.2019 15:06:01;408
636934359619155690;14.05.2019 15:06:01;407
636934359619623405;14.05.2019 15:06:01;407
636934359620092957;14.05.2019 15:06:02;408
636934359620561598;14.05.2019 15:06:02;407
636934359621030239;14.05.2019 15:06:02;407
636934359621655536;14.05.2019 15:06:02;409
636934359622125188;14.05.2019 15:06:02;408
636934359622593837;14.05.2019 15:06:02;408
636934359623062497;14.05.2019 15:06:02;408
636934359623687323;14.05.2019 15:06:02;409
636934359624155964;14.05.2019 15:06:02;408
636934359624624635;14.05.2019 15:06:02;408
636934359625093246;14.05.2019 15:06:02;409
636934359625718096;14.05.2019 15:06:02;408
636934359626186737;14.05.2019 15:06:02;408
636934359626655417;14.05.2019 15:06:02;408
636934359627124071;14.05.2019 15:06:02;409
636934359627592657;14.05.2019 15:06:02;408
636934359628217519;14.05.2019 15:06:02;409
636934359628686159;14.05.2019 15:06:02;408
636934359629154712;14.05.2019 15:06:02;409
636934359629623383;14.05.2019 15:06:02;409
636934359630092013;14.05.2019 15:06:03;409
636934359630716844;14.05.2019 15:06:03;408
636934359631185565;14.05.2019 15:06:03;409
636934359631654126;14.05.2019 15:06:03;408
636934359632122766;14.05.2019 15:06:03;409
636934359632747626;14.05.2019 15:06:03;408
636934359633216264;14.05.2019 15:06:03;409
636934359633684907;14.05.2019 15:06:03;409
636934359634152625;14.05.2019 15:06:03;409
636934359634622219;14.05.2019 15:06:03;409
636934359635247048;14.05.2019 15:06:03;409
636934359635715209;14.05.2019 15:06:03;409
636934359636184338;14.05.2019 15:06:03;409
636934359636652962;14.05.2019 15:06:03;409
636934359637121603;14.05.2019 15:06:03;409
636934359637746456;14.05.2019 15:06:03;409
636934359638215097;14.05.2019 15:06:03;409
636934359638683735;14.05.2019 15:06:03;409
636934359639151459;14.05.2019 15:06:03;409
636934359639776307;14.05.2019 15:06:03;409
636934359640245868;14.05.2019 15:06:04;409
636934359640714508;14.05.2019 15:06:04;409
636934359641183166;14.05.2019 15:06:04;409
636934359641808008;14.05.2019 15:06:04;410
636934359642276652;14.05.2019 15:06:04;409
636934359642745362;14.05.2019 15:06:04;409
636934359643214000;14.05.2019 15:06:04;409
636934359643682633;14.05.2019 15:06:04;410
636934359644307494;14.05.2019 15:06:04;409
636934359644776127;14.05.2019 15:06:04;409
636934359645244795;14.05.2019 15:06:04;409
636934359645713411;14.05.2019 15:06:04;409
636934359646182074;14.05.2019 15:06:04;409
636934359646806908;14.05.2019 15:06:04;409
636934359647275574;14.05.2019 15:06:04;409
636934359647744182;14.05.2019 15:06:04;409
636934359648213147;14.05.2019 15:06:04;409
636934359648838956;14.05.2019 15:06:04;409
636934359649307580;14.05.2019 15:06:04;410
636934359649776235;14.05.2019 15:06:04;409
636934359650244854;14.05.2019 15:06:05;410
636934359650869871;14.05.2019 15:06:05;409
636934359651337436;14.05.2019 15:06:05;410
636934359651806986;14.05.2019 15:06:05;409
636934359652275627;14.05.2019 15:06:05;408
636934359652744270;14.05.2019 15:06:05;408
636934359653368431;14.05.2019 15:06:05;408
636934359653836848;14.05.2019 15:06:05;408
636934359654306403;14.05.2019 15:06:05;409
636934359654775063;14.05.2019 15:06:05;408
636934359655243679;14.05.2019 15:06:05;408
636934359655867793;14.05.2019 15:06:05;408
636934359656336852;14.05.2019 15:06:05;408
636934359656805817;14.05.2019 15:06:05;408
636934359657274505;14.05.2019 15:06:05;409
636934359657899314;14.05.2019 15:06:05;408
636934359658367040;14.05.2019 15:06:05;409
636934359658836596;14.05.2019 15:06:05;408
636934359659305317;14.05.2019 15:06:05;407
636934359659773949;14.05.2019 15:06:05;407
636934359660398805;14.05.2019 15:06:06;408
636934359660866754;14.05.2019 15:06:06;408
636934359661335090;14.05.2019 15:06:06;408
636934359661804728;14.05.2019 15:06:06;408
636934359662273363;14.05.2019 15:06:06;408
636934359662898220;14.05.2019 15:06:06;408
636934359663366852;14.05.2019 15:06:06;408
636934359663834817;14.05.2019 15:06:06;408
636934359664304136;14.05.2019 15:06:06;408
636934359664929001;14.05.2019 15:06:06;408
636934359665397634;14.05.2019 15:06:06;408
636934359665866272;14.05.2019 15:06:06;408
636934359666334915;14.05.2019 15:06:06;409
636934359666959794;14.05.2019 15:06:06;408
636934359667428407;14.05.2019 15:06:06;408
636934359667897048;14.05.2019 15:06:06;408
636934359668365730;14.05.2019 15:06:06;408
636934359668834332;14.05.2019 15:06:06;408
636934359669459177;14.05.2019 15:06:06;408
636934359669927821;14.05.2019 15:06:06;408
636934359670396378;14.05.2019 15:06:07;408
636934359670865402;14.05.2019 15:06:07;408
636934359671334982;14.05.2019 15:06:07;409
636934359671959863;14.05.2019 15:06:07;409
636934359672428506;14.05.2019 15:06:07;409
636934359672897075;14.05.2019 15:06:07;409
636934359673365705;14.05.2019 15:06:07;409
636934359673990614;14.05.2019 15:06:07;409
636934359674459244;14.05.2019 15:06:07;409
636934359674927885;14.05.2019 15:06:07;409
636934359675396520;14.05.2019 15:06:07;410
636934359675864537;14.05.2019 15:06:07;409
636934359676490297;14.05.2019 15:06:07;409
636934359676959245;14.05.2019 15:06:07;409
636934359677430465;14.05.2019 15:06:07;409
636934359677899439;14.05.2019 15:06:07;409
636934359678368983;14.05.2019 15:06:07;409
636934359678993836;14.05.2019 15:06:07;409
636934359679462915;14.05.2019 15:06:07;409
636934359679932550;14.05.2019 15:06:07;410
636934359680557426;14.05.2019 15:06:08;409
636934359681025080;14.05.2019 15:06:08;409
636934359681494580;14.05.2019 15:06:08;409
636934359681963226;14.05.2019 15:06:08;409
636934359682431925;14.05.2019 15:06:08;409
636934359683057081;14.05.2019 15:06:08;409
636934359683526304;14.05.2019 15:06:08;410
636934359683995872;14.05.2019 15:06:08;409
636934359684464533;14.05.2019 15:06:08;409
636934359684934057;14.05.2019 15:06:08;410
636934359685558944;14.05.2019 15:06:08;409
636934359686026986;14.05.2019 15:06:08;410
636934359686496594;14.05.2019 15:06:08;410
636934359686965252;14.05.2019 15:06:08;409
636934359687591776;14.05.2019 15:06:08;410
636934359688060741;14.05.2019 15:06:08;409
636934359688530052;14.05.2019 15:06:08;410
636934359688999920;14.05.2019 15:06:08;410
636934359689471163;14.05.2019 15:06:08;410
636934359690097033;14.05.2019 15:06:09;410
636934359690565926;14.05.2019 15:06:09;409
636934359691034597;14.05.2019 15:06:09;410
636934359691504144;14.05.2019 15:06:09;410
636934359691972788;14.05.2019 15:06:09;410
636934359692597616;14.05.2019 15:06:09;410
636934359693066296;14.05.2019 15:06:09;411
636934359693534923;14.05.2019 15:06:09;411
636934359694003539;14.05.2019 15:06:09;411
636934359694628373;14.05.2019 15:06:09;412
636934359695097232;14.05.2019 15:06:09;411
636934359695565696;14.05.2019 15:06:09;411
636934359696034326;14.05.2019 15:06:09;412
636934359696659567;14.05.2019 15:06:09;411
636934359697130488;14.05.2019 15:06:09;411
636934359697599123;14.05.2019 15:06:09;411
636934359698067761;14.05.2019 15:06:09;411
636934359698536402;14.05.2019 15:06:09;411
636934359699160344;14.05.2019 15:06:09;412
636934359699629897;14.05.2019 15:06:09;412
636934359700098543;14.05.2019 15:06:10;411
636934359700567608;14.05.2019 15:06:10;412
636934359701036262;14.05.2019 15:06:10;411
636934359701661121;14.05.2019 15:06:10;412
636934359702130743;14.05.2019 15:06:10;412
636934359702599395;14.05.2019 15:06:10;412
636934359703068219;14.05.2019 15:06:10;412
636934359703694050;14.05.2019 15:06:10;412
636934359704162134;14.05.2019 15:06:10;412
636934359704631725;14.05.2019 15:06:10;413
636934359705100349;14.05.2019 15:06:10;413
636934359705568990;14.05.2019 15:06:10;412
636934359706193838;14.05.2019 15:06:10;413
636934359706662487;14.05.2019 15:06:10;412
636934359707131134;14.05.2019 15:06:10;413
636934359707601138;14.05.2019 15:06:10;413
636934359708070064;14.05.2019 15:06:10;413
636934359708695934;14.05.2019 15:06:10;413
636934359709164580;14.05.2019 15:06:10;414
636934359709633606;14.05.2019 15:06:10;413
636934359710103261;14.05.2019 15:06:11;413
636934359710728198;14.05.2019 15:06:11;414
636934359711196753;14.05.2019 15:06:11;413
636934359711665394;14.05.2019 15:06:11;413
636934359712133954;14.05.2019 15:06:11;414
636934359712758301;14.05.2019 15:06:11;413
636934359713228734;14.05.2019 15:06:11;413
636934359713697325;14.05.2019 15:06:11;413
636934359714166198;14.05.2019 15:06:11;414
636934359714635734;14.05.2019 15:06:11;413
636934359715104372;14.05.2019 15:06:11;414
636934359715729591;14.05.2019 15:06:11;413
636934359716199274;14.05.2019 15:06:11;414
636934359716667887;14.05.2019 15:06:11;414
636934359717136531;14.05.2019 15:06:11;414
636934359717760669;14.05.2019 15:06:11;414
636934359718230260;14.05.2019 15:06:11;414
636934359718698893;14.05.2019 15:06:11;414
636934359719167531;14.05.2019 15:06:11;415
636934359719792337;14.05.2019 15:06:11;414
636934359720260976;14.05.2019 15:06:12;414
636934359720729694;14.05.2019 15:06:12;415
636934359721198310;14.05.2019 15:06:12;414
636934359721666948;14.05.2019 15:06:12;414
636934359722291804;14.05.2019 15:06:12;416
636934359722760445;14.05.2019 15:06:12;414
636934359723228158;14.05.2019 15:06:12;415
636934359723697749;14.05.2019 15:06:12;415
636934359724166367;14.05.2019 15:06:12;415
636934359724791262;14.05.2019 15:06:12;415
636934359725259851;14.05.2019 15:06:12;415
636934359725728522;14.05.2019 15:06:12;415
636934359726197138;14.05.2019 15:06:12;415
636934359726822338;14.05.2019 15:06:12;415
636934359727292222;14.05.2019 15:06:12;415
636934359727761791;14.05.2019 15:06:12;415
636934359728230490;14.05.2019 15:06:12;415
636934359728855081;14.05.2019 15:06:12;415
636934359729323938;14.05.2019 15:06:12;415
636934359729792977;14.05.2019 15:06:12;416
636934359730262843;14.05.2019 15:06:13;415
636934359730732420;14.05.2019 15:06:13;416
636934359731201036;14.05.2019 15:06:13;416
636934359731825917;14.05.2019 15:06:13;416
636934359732294561;14.05.2019 15:06:13;417
636934359732763534;14.05.2019 15:06:13;416
636934359733233189;14.05.2019 15:06:13;415
636934359733857128;14.05.2019 15:06:13;417
636934359734297318;14.05.2019 15:06:13;416
636934359734767217;14.05.2019 15:06:13;416
636934359735393012;14.05.2019 15:06:13;416
636934359735860730;14.05.2019 15:06:13;416
636934359736330250;14.05.2019 15:06:13;416
636934359736798951;14.05.2019 15:06:13;416
636934359737267581;14.05.2019 15:06:13;416
636934359737892739;14.05.2019 15:06:13;416
636934359738361726;14.05.2019 15:06:13;417
636934359738830960;14.05.2019 15:06:13;416
636934359739299595;14.05.2019 15:06:13;416
636934359739768270;14.05.2019 15:06:13;416
636934359740393087;14.05.2019 15:06:14;417
636934359740861736;14.05.2019 15:06:14;416
636934359741330449;14.05.2019 15:06:14;416
636934359741799010;14.05.2019 15:06:14;417
636934359742425132;14.05.2019 15:06:14;417
636934359742893756;14.05.2019 15:06:14;417
636934359743362386;14.05.2019 15:06:14;417
636934359743831032;14.05.2019 15:06:14;417
636934359744455883;14.05.2019 15:06:14;417
636934359744924524;14.05.2019 15:06:14;417
636934359745393162;14.05.2019 15:06:14;418
636934359745863216;14.05.2019 15:06:14;417
636934359746332139;14.05.2019 15:06:14;417
636934359746957863;14.05.2019 15:06:14;418
636934359747426501;14.05.2019 15:06:14;418
636934359747895166;14.05.2019 15:06:14;417
636934359748364190;14.05.2019 15:06:14;419
636934359748833800;14.05.2019 15:06:14;418
636934359749457698;14.05.2019 15:06:14;418
636934359749926391;14.05.2019 15:06:14;418
636934359750395899;14.05.2019 15:06:15;418
636934359750864820;14.05.2019 15:06:15;418
636934359751490571;14.05.2019 15:06:15;418
636934359751958334;14.05.2019 15:06:15;418
636934359752427858;14.05.2019 15:06:15;418
636934359752896360;14.05.2019 15:06:15;418
636934359753365126;14.05.2019 15:06:15;418
636934359753990018;14.05.2019 15:06:15;418
636934359754458011;14.05.2019 15:06:15;419
636934359754927300;14.05.2019 15:06:15;418
636934359755395949;14.05.2019 15:06:15;418
636934359755864582;14.05.2019 15:06:15;418
636934359756489438;14.05.2019 15:06:15;418
636934359756958070;14.05.2019 15:06:15;419
636934359757426725;14.05.2019 15:06:15;419
636934359757895360;14.05.2019 15:06:15;419
636934359758520618;14.05.2019 15:06:15;420
636934359758990337;14.05.2019 15:06:15;419
636934359759458789;14.05.2019 15:06:15;419
636934359759927427;14.05.2019 15:06:15;420
636934359760552635;14.05.2019 15:06:16;419
636934359761022204;14.05.2019 15:06:16;419
636934359761490845;14.05.2019 15:06:16;420
636934359761959489;14.05.2019 15:06:16;419
636934359762428127;14.05.2019 15:06:16;419
636934359763052980;14.05.2019 15:06:16;420
636934359763521660;14.05.2019 15:06:16;419
636934359763990287;14.05.2019 15:06:16;419
636934359764458861;14.05.2019 15:06:16;419
636934359764927510;14.05.2019 15:06:16;419
636934359765552392;14.05.2019 15:06:16;419
636934359766021456;14.05.2019 15:06:16;419
636934359766491036;14.05.2019 15:06:16;419
636934359766959680;14.05.2019 15:06:16;419
636934359767584766;14.05.2019 15:06:16;419
636934359768053426;14.05.2019 15:06:16;419
636934359768522937;14.05.2019 15:06:16;419
636934359768991584;14.05.2019 15:06:16;419
636934359769460255;14.05.2019 15:06:16;419
636934359770085114;14.05.2019 15:06:17;420
636934359770552868;14.05.2019 15:06:17;419
636934359771022412;14.05.2019 15:06:17;419
636934359771491042;14.05.2019 15:06:17;420
636934359771959683;14.05.2019 15:06:17;420
636934359772584489;14.05.2019 15:06:17;420
636934359773053133;14.05.2019 15:06:17;421
636934359773521807;14.05.2019 15:06:17;420
636934359773990450;14.05.2019 15:06:17;420
636934359774615301;14.05.2019 15:06:17;421
636934359775083945;14.05.2019 15:06:17;420
636934359775552580;14.05.2019 15:06:17;420
636934359776021689;14.05.2019 15:06:17;421
636934359776647557;14.05.2019 15:06:17;420
636934359777116220;14.05.2019 15:06:17;420
636934359777584791;14.05.2019 15:06:17;420
636934359778053426;14.05.2019 15:06:17;420
636934359778522139;14.05.2019 15:06:17;420
636934359779147223;14.05.2019 15:06:17;420
636934359779616914;14.05.2019 15:06:17;420
636934359780085552;14.05.2019 15:06:18;420
636934359780554151;14.05.2019 15:06:18;420
636934359781022828;14.05.2019 15:06:18;420
636934359781647607;14.05.2019 15:06:18;420
636934359782116247;14.05.2019 15:06:18;420
636934359782584896;14.05.2019 15:06:18;420
636934359783053540;14.05.2019 15:06:18;420
636934359783678402;14.05.2019 15:06:18;420
636934359784147021;14.05.2019 15:06:18;420
636934359784615670;14.05.2019 15:06:18;420
636934359785084385;14.05.2019 15:06:18;420
636934359785708244;14.05.2019 15:06:18;420
636934359786177874;14.05.2019 15:06:18;420
636934359786646540;14.05.2019 15:06:18;420
636934359787114632;14.05.2019 15:06:18;420
636934359787583805;14.05.2019 15:06:18;422
636934359788052437;14.05.2019 15:06:18;420
636934359788677302;14.05.2019 15:06:18;420
636934359789145937;14.05.2019 15:06:18;421
636934359789614523;14.05.2019 15:06:18;420
636934359790239385;14.05.2019 15:06:19;420
636934359790707283;14.05.2019 15:06:19;421
636934359791175827;14.05.2019 15:06:19;420
636934359791645282;14.05.2019 15:06:19;420
636934359792112992;14.05.2019 15:06:19;420
636934359792738763;14.05.2019 15:06:19;420
636934359793206486;14.05.2019 15:06:19;420
636934359793676144;14.05.2019 15:06:19;420
636934359794144765;14.05.2019 15:06:19;420
636934359794612459;14.05.2019 15:06:19;419
636934359795238578;14.05.2019 15:06:19;420
636934359795709787;14.05.2019 15:06:19;420
636934359796179320;14.05.2019 15:06:19;420
636934359796648244;14.05.2019 15:06:19;420
636934359797274006;14.05.2019 15:06:19;420
636934359797743046;14.05.2019 15:06:19;420
636934359798212933;14.05.2019 15:06:19;420
636934359798682466;14.05.2019 15:06:19;420
636934359799151448;14.05.2019 15:06:19;421
636934359799777634;14.05.2019 15:06:19;420
636934359800247624;14.05.2019 15:06:20;420
636934359800717129;14.05.2019 15:06:20;421
636934359801185773;14.05.2019 15:06:20;420
636934359801654489;14.05.2019 15:06:20;420
636934359802279367;14.05.2019 15:06:20;421
636934359802748038;14.05.2019 15:06:20;420
636934359803216685;14.05.2019 15:06:20;420
636934359803685309;14.05.2019 15:06:20;420
636934359804310160;14.05.2019 15:06:20;420
636934359804778803;14.05.2019 15:06:20;420
636934359805247444;14.05.2019 15:06:20;420
636934359805716082;14.05.2019 15:06:20;420
636934359806340936;14.05.2019 15:06:20;420
636934359806809574;14.05.2019 15:06:20;420
636934359807278223;14.05.2019 15:06:20;420
636934359807747174;14.05.2019 15:06:20;420
636934359808216862;14.05.2019 15:06:20;420
636934359808841680;14.05.2019 15:06:20;420
636934359809310376;14.05.2019 15:06:20;420
636934359809778914;14.05.2019 15:06:20;420
636934359810247483;14.05.2019 15:06:21;420
636934359810716196;14.05.2019 15:06:21;420
636934359811340107;14.05.2019 15:06:21;420
636934359811809632;14.05.2019 15:06:21;420
636934359812278309;14.05.2019 15:06:21;420
636934359812746936;14.05.2019 15:06:21;420
636934359813371814;14.05.2019 15:06:21;420
636934359813840444;14.05.2019 15:06:21;420
636934359814309071;14.05.2019 15:06:21;420
636934359814776792;14.05.2019 15:06:21;420
636934359815401643;14.05.2019 15:06:21;420
636934359815871175;14.05.2019 15:06:21;420
636934359816340290;14.05.2019 15:06:21;421
636934359816809881;14.05.2019 15:06:21;420
636934359817278503;14.05.2019 15:06:21;420
636934359817747168;14.05.2019 15:06:21;421
636934359818372005;14.05.2019 15:06:21;420
636934359818840646;14.05.2019 15:06:21;421
636934359819308592;14.05.2019 15:06:21;420
636934359819777008;14.05.2019 15:06:21;421
636934359820402191;14.05.2019 15:06:22;420
636934359820871419;14.05.2019 15:06:22;421
636934359821340055;14.05.2019 15:06:22;420
636934359821808709;14.05.2019 15:06:22;420
636934359822433554;14.05.2019 15:06:22;420
636934359822901353;14.05.2019 15:06:22;421
636934359823370828;14.05.2019 15:06:22;420
636934359823839469;14.05.2019 15:06:22;421
636934359824307206;14.05.2019 15:06:22;421
636934359824932980;14.05.2019 15:06:22;421
636934359825401684;14.05.2019 15:06:22;421
636934359825870319;14.05.2019 15:06:22;421
636934359826338960;14.05.2019 15:06:22;421
636934359826806609;14.05.2019 15:06:22;421
636934359827432455;14.05.2019 15:06:22;421
636934359827901140;14.05.2019 15:06:22;422
636934359828369736;14.05.2019 15:06:22;421
636934359828994612;14.05.2019 15:06:22;421
636934359829463231;14.05.2019 15:06:22;422
636934359829931866;14.05.2019 15:06:22;421
636934359830400507;14.05.2019 15:06:23;422
636934359830869150;14.05.2019 15:06:23;422
636934359831494006;14.05.2019 15:06:23;422
636934359831962647;14.05.2019 15:06:23;421
636934359832431338;14.05.2019 15:06:23;422
636934359832899968;14.05.2019 15:06:23;421
636934359833368564;14.05.2019 15:06:23;421
636934359833993443;14.05.2019 15:06:23;421
636934359834462000;14.05.2019 15:06:23;422
636934359834930622;14.05.2019 15:06:23;422
636934359835399257;14.05.2019 15:06:23;422
636934359836024421;14.05.2019 15:06:23;421
636934359836494026;14.05.2019 15:06:23;421
636934359836962633;14.05.2019 15:06:23;422
636934359837431280;14.05.2019 15:06:23;422
636934359837899921;14.05.2019 15:06:23;421
636934359838524766;14.05.2019 15:06:23;422
636934359838992495;14.05.2019 15:06:23;422
636934359839462006;14.05.2019 15:06:23;422
636934359839930666;14.05.2019 15:06:23;422
636934359840398465;14.05.2019 15:06:24;422
636934359841024183;14.05.2019 15:06:24;423
636934359841491909;14.05.2019 15:06:24;422
636934359841961473;14.05.2019 15:06:24;422
636934359842430111;14.05.2019 15:06:24;423
636934359842899078;14.05.2019 15:06:24;422
636934359843524007;14.05.2019 15:06:24;422
636934359843992587;14.05.2019 15:06:24;423
636934359844462117;14.05.2019 15:06:24;422
636934359845086965;14.05.2019 15:06:24;422
636934359845555633;14.05.2019 15:06:24;423
636934359846024335;14.05.2019 15:06:24;422
636934359846492003;14.05.2019 15:06:24;422
636934359846961570;14.05.2019 15:06:24;422
636934359847586415;14.05.2019 15:06:24;422
636934359848055050;14.05.2019 15:06:24;423
636934359848523694;14.05.2019 15:06:24;422
636934359848991409;14.05.2019 15:06:24;423
636934359849460975;14.05.2019 15:06:24;422
636934359850085823;14.05.2019 15:06:25;423
636934359850554761;14.05.2019 15:06:25;423
636934359851024341;14.05.2019 15:06:25;423
636934359851492995;14.05.2019 15:06:25;423
636934359852117907;14.05.2019 15:06:25;423
636934359852586556;14.05.2019 15:06:25;423
636934359853055208;14.05.2019 15:06:25;424
636934359853523829;14.05.2019 15:06:25;423
636934359854147685;14.05.2019 15:06:25;425
636934359854617332;14.05.2019 15:06:25;423
636934359855085967;14.05.2019 15:06:25;424
636934359855554605;14.05.2019 15:06:25;424
636934359856022246;14.05.2019 15:06:25;424
636934359856647100;14.05.2019 15:06:25;423
636934359857116741;14.05.2019 15:06:25;425
636934359857585390;14.05.2019 15:06:25;423
636934359858054036;14.05.2019 15:06:25;424
636934359858522707;14.05.2019 15:06:25;425
636934359859146511;14.05.2019 15:06:25;424
636934359859616213;14.05.2019 15:06:25;424
636934359860084793;14.05.2019 15:06:26;424
636934359860553436;14.05.2019 15:06:26;424
636934359861177287;14.05.2019 15:06:26;424
636934359861645930;14.05.2019 15:06:26;424
636934359862115571;14.05.2019 15:06:26;424
636934359862584204;14.05.2019 15:06:26;424
636934359863052864;14.05.2019 15:06:26;424
636934359863677726;14.05.2019 15:06:26;424
636934359864145646;14.05.2019 15:06:26;424
636934359864614983;14.05.2019 15:06:26;424
636934359865083640;14.05.2019 15:06:26;424
636934359865552297;14.05.2019 15:06:26;424
636934359866177115;14.05.2019 15:06:26;424
636934359866645756;14.05.2019 15:06:26;424
636934359867114391;14.05.2019 15:06:26;425
636934359867583035;14.05.2019 15:06:26;425
636934359868207921;14.05.2019 15:06:26;425
636934359868675526;14.05.2019 15:06:26;426
636934359869145089;14.05.2019 15:06:26;425
636934359869613739;14.05.2019 15:06:26;425
636934359870238592;14.05.2019 15:06:27;426
636934359870707227;14.05.2019 15:06:27;425
636934359871175918;14.05.2019 15:06:27;425
636934359871644506;14.05.2019 15:06:27;426
636934359872113147;14.05.2019 15:06:27;425
636934359872737078;14.05.2019 15:06:27;425
636934359873206641;14.05.2019 15:06:27;425
636934359873675288;14.05.2019 15:06:27;425
636934359874143923;14.05.2019 15:06:27;425
636934359874612567;14.05.2019 15:06:27;426
636934359875237415;14.05.2019 15:06:27;425
636934359875706058;14.05.2019 15:06:27;425
636934359876174696;14.05.2019 15:06:27;426
636934359876643334;14.05.2019 15:06:27;426
636934359877268193;14.05.2019 15:06:27;425
636934359877736831;14.05.2019 15:06:27;426
636934359878205469;14.05.2019 15:06:27;426
636934359878674116;14.05.2019 15:06:27;425
636934359879298041;14.05.2019 15:06:27;426
636934359879767605;14.05.2019 15:06:27;426
636934359880236234;14.05.2019 15:06:28;426
636934359880704875;14.05.2019 15:06:28;426
636934359881173516;14.05.2019 15:06:28;426
636934359881642176;14.05.2019 15:06:28;426
636934359882267024;14.05.2019 15:06:28;426
636934359882735648;14.05.2019 15:06:28;426
636934359883204298;14.05.2019 15:06:28;426
636934359883829165;14.05.2019 15:06:28;426
636934359884296869;14.05.2019 15:06:28;426
636934359884766430;14.05.2019 15:06:28;426
636934359885235071;14.05.2019 15:06:28;426
636934359885703714;14.05.2019 15:06:28;426
636934359886329792;14.05.2019 15:06:28;427
636934359886797519;14.05.2019 15:06:28;426
636934359887267074;14.05.2019 15:06:28;426
636934359887735712;14.05.2019 15:06:28;426
636934359888204350;14.05.2019 15:06:28;426
636934359888829209;14.05.2019 15:06:28;425
636934359889297858;14.05.2019 15:06:28;426
636934359889766488;14.05.2019 15:06:28;425
636934359890235126;14.05.2019 15:06:29;425
636934359890859398;14.05.2019 15:06:29;425
636934359891328629;14.05.2019 15:06:29;425
636934359891797270;14.05.2019 15:06:29;424
636934359892265905;14.05.2019 15:06:29;425
636934359892890761;14.05.2019 15:06:29;425
636934359893359402;14.05.2019 15:06:29;424
636934359893828040;14.05.2019 15:06:29;424
636934359894296695;14.05.2019 15:06:29;424
636934359894765316;14.05.2019 15:06:29;425
636934359895390175;14.05.2019 15:06:29;424
636934359895858816;14.05.2019 15:06:29;424
636934359896327457;14.05.2019 15:06:29;425
636934359896796103;14.05.2019 15:06:29;424
636934359897264741;14.05.2019 15:06:29;424
636934359897889586;14.05.2019 15:06:29;425
636934359898358233;14.05.2019 15:06:29;424
636934359898826868;14.05.2019 15:06:29;424
636934359899295523;14.05.2019 15:06:29;425
636934359899920360;14.05.2019 15:06:29;424
636934359900389009;14.05.2019 15:06:30;424
636934359900857747;14.05.2019 15:06:30;424
636934359901326365;14.05.2019 15:06:30;424
636934359901795003;14.05.2019 15:06:30;424
636934359902419857;14.05.2019 15:06:30;424
636934359902888384;14.05.2019 15:06:30;424
636934359903357138;14.05.2019 15:06:30;423
636934359903825779;14.05.2019 15:06:30;424
636934359904293417;14.05.2019 15:06:30;424
636934359904919268;14.05.2019 15:06:30;424
636934359905387909;14.05.2019 15:06:30;423
636934359905856572;14.05.2019 15:06:30;424
636934359906325185;14.05.2019 15:06:30;423
636934359906949044;14.05.2019 15:06:30;424
636934359907417685;14.05.2019 15:06:30;424
636934359907887320;14.05.2019 15:06:30;425
636934359908355969;14.05.2019 15:06:30;424
636934359908980812;14.05.2019 15:06:30;424
636934359909448458;14.05.2019 15:06:30;424
636934359909918010;14.05.2019 15:06:30;424
636934359910385740;14.05.2019 15:06:31;424
636934359910855292;14.05.2019 15:06:31;425
636934359911481497;14.05.2019 15:06:31;424
636934359911950077;14.05.2019 15:06:31;424
636934359912418713;14.05.2019 15:06:31;425
636934359912886411;14.05.2019 15:06:31;424
636934359913355969;14.05.2019 15:06:31;424
636934359913980820;14.05.2019 15:06:31;425
636934359914449464;14.05.2019 15:06:31;424
636934359914918104;14.05.2019 15:06:31;423
636934359915386748;14.05.2019 15:06:31;425
636934359916011942;14.05.2019 15:06:31;424
636934359916481597;14.05.2019 15:06:31;424
636934359916950241;14.05.2019 15:06:31;424
636934359917418882;14.05.2019 15:06:31;424
636934359918043148;14.05.2019 15:06:31;424
636934359918512332;14.05.2019 15:06:31;424
636934359918980961;14.05.2019 15:06:31;423
636934359919449630;14.05.2019 15:06:31;424
636934359919918179;14.05.2019 15:06:31;423
636934359920542307;14.05.2019 15:06:32;424
636934359921011726;14.05.2019 15:06:32;423
636934359921480342;14.05.2019 15:06:32;424
636934359921949047;14.05.2019 15:06:32;424
636934359922417945;14.05.2019 15:06:32;424
636934359923042824;14.05.2019 15:06:32;423
636934359923512409;14.05.2019 15:06:32;424
636934359923981011;14.05.2019 15:06:32;424
636934359924449655;14.05.2019 15:06:32;424
636934359925074511;14.05.2019 15:06:32;424
636934359925542232;14.05.2019 15:06:32;425
636934359926011787;14.05.2019 15:06:32;424
636934359926480422;14.05.2019 15:06:32;424
636934359926949069;14.05.2019 15:06:32;424
636934359927573922;14.05.2019 15:06:32;424
636934359928042577;14.05.2019 15:06:32;424
636934359928511207;14.05.2019 15:06:32;425
636934359928979845;14.05.2019 15:06:32;424
636934359929448486;14.05.2019 15:06:32;424
636934359930073331;14.05.2019 15:06:33;425
636934359930541991;14.05.2019 15:06:33;424
636934359931010621;14.05.2019 15:06:33;424
636934359931635469;14.05.2019 15:06:33;424
636934359932104110;14.05.2019 15:06:33;424
636934359932571833;14.05.2019 15:06:33;424
636934359933041386;14.05.2019 15:06:33;424
636934359933510032;14.05.2019 15:06:33;424
636934359934134877;14.05.2019 15:06:33;425
636934359934603518;14.05.2019 15:06:33;424
636934359935072045;14.05.2019 15:06:33;424
636934359935540805;14.05.2019 15:06:33;424
636934359936009490;14.05.2019 15:06:33;424
636934359936634291;14.05.2019 15:06:33;424
636934359937102932;14.05.2019 15:06:33;425
636934359937571581;14.05.2019 15:06:33;424
636934359938040219;14.05.2019 15:06:33;425
636934359938665112;14.05.2019 15:06:33;425
636934359939134016;14.05.2019 15:06:33;425
636934359939603632;14.05.2019 15:06:33;425
636934359940071314;14.05.2019 15:06:34;426
636934359940540883;14.05.2019 15:06:34;425
636934359941165753;14.05.2019 15:06:34;425
636934359941634377;14.05.2019 15:06:34;426
636934359942103012;14.05.2019 15:06:34;425
636934359942570720;14.05.2019 15:06:34;425
636934359943040294;14.05.2019 15:06:34;426
636934359943665153;14.05.2019 15:06:34;425
636934359944133791;14.05.2019 15:06:34;425
636934359944602418;14.05.2019 15:06:34;426
636934359945071098;14.05.2019 15:06:34;425
636934359945694995;14.05.2019 15:06:34;425
636934359946164584;14.05.2019 15:06:34;425
636934359946633200;14.05.2019 15:06:34;425
636934359947101846;14.05.2019 15:06:34;425
636934359947726691;14.05.2019 15:06:34;425
636934359948194409;14.05.2019 15:06:34;425
636934359948663973;14.05.2019 15:06:34;425
636934359949132899;14.05.2019 15:06:34;426
636934359949601556;14.05.2019 15:06:34;426
636934359950227330;14.05.2019 15:06:35;425
636934359950695971;14.05.2019 15:06:35;426
636934359951164611;14.05.2019 15:06:35;426
636934359951633244;14.05.2019 15:06:35;426
636934359952101696;14.05.2019 15:06:35;426
636934359952726777;14.05.2019 15:06:35;426
636934359953195382;14.05.2019 15:06:35;426
636934359953664031;14.05.2019 15:06:35;426
636934359954132661;14.05.2019 15:06:35;426
636934359954756708;14.05.2019 15:06:35;427
636934359955226152;14.05.2019 15:06:35;426
636934359955694804;14.05.2019 15:06:35;427
636934359956163434;14.05.2019 15:06:35;428
636934359956788287;14.05.2019 15:06:35;427
636934359957256491;14.05.2019 15:06:35;427
636934359957725616;14.05.2019 15:06:35;427
636934359958194224;14.05.2019 15:06:35;426
636934359958662865;14.05.2019 15:06:35;427
636934359959287779;14.05.2019 15:06:35;427
636934359959756348;14.05.2019 15:06:35;427
636934359960224991;14.05.2019 15:06:36;426
636934359960693638;14.05.2019 15:06:36;427
636934359961162284;14.05.2019 15:06:36;427
636934359961786886;14.05.2019 15:06:36;427
636934359962254842;14.05.2019 15:06:36;427
636934359962724721;14.05.2019 15:06:36;427
636934359963194296;14.05.2019 15:06:36;427
636934359963819147;14.05.2019 15:06:36;427
636934359964287020;14.05.2019 15:06:36;427
636934359964755744;14.05.2019 15:06:36;427
636934359965225069;14.05.2019 15:06:36;427
636934359965693713;14.05.2019 15:06:36;427
636934359966318566;14.05.2019 15:06:36;428
636934359966787207;14.05.2019 15:06:36;427
636934359967255842;14.05.2019 15:06:36;428
636934359967724486;14.05.2019 15:06:36;427
636934359968193132;14.05.2019 15:06:36;428
636934359968817977;14.05.2019 15:06:36;428
636934359969286615;14.05.2019 15:06:36;428
636934359969755270;14.05.2019 15:06:36;428
636934359970380110;14.05.2019 15:06:37;429
636934359970848753;14.05.2019 15:06:37;428
636934359971317397;14.05.2019 15:06:37;428
636934359971786032;14.05.2019 15:06:37;429
636934359972254667;14.05.2019 15:06:37;428
636934359972879527;14.05.2019 15:06:37;428
636934359973348167;14.05.2019 15:06:37;429
636934359973816803;14.05.2019 15:06:37;428
636934359974285443;14.05.2019 15:06:37;428
636934359974754098;14.05.2019 15:06:37;428
636934359975378938;14.05.2019 15:06:37;428
636934359975847587;14.05.2019 15:06:37;428
636934359976316225;14.05.2019 15:06:37;428
636934359976783943;14.05.2019 15:06:37;428
636934359977409728;14.05.2019 15:06:37;429
636934359977878363;14.05.2019 15:06:37;428
636934359978347065;14.05.2019 15:06:37;429
636934359978815639;14.05.2019 15:06:37;428
636934359979440121;14.05.2019 15:06:37;429
636934359979909131;14.05.2019 15:06:37;429
636934359980377774;14.05.2019 15:06:38;429
636934359980846415;14.05.2019 15:06:38;429
636934359981315156;14.05.2019 15:06:38;429
636934359981939214;14.05.2019 15:06:38;429
636934359982408556;14.05.2019 15:06:38;429
636934359982877521;14.05.2019 15:06:38;429
636934359983347178;14.05.2019 15:06:38;429
636934359983815841;14.05.2019 15:06:38;429
636934359984439678;14.05.2019 15:06:38;429
636934359984909308;14.05.2019 15:06:38;431
636934359985377954;14.05.2019 15:06:38;429
636934359985846587;14.05.2019 15:06:38;430
636934359986471443;14.05.2019 15:06:38;431
636934359986939095;14.05.2019 15:06:38;430
636934359987408944;14.05.2019 15:06:38;430
636934359987880236;14.05.2019 15:06:38;430
636934359988350170;14.05.2019 15:06:38;430
636934359988975880;14.05.2019 15:06:38;430
636934359989443803;14.05.2019 15:06:38;430
636934359989913622;14.05.2019 15:06:38;430
636934359990383479;14.05.2019 15:06:39;430
636934359990853084;14.05.2019 15:06:39;430
636934359991477904;14.05.2019 15:06:39;430
636934359991945938;14.05.2019 15:06:39;430
636934359992415183;14.05.2019 15:06:39;430
636934359992883826;14.05.2019 15:06:39;430
636934359993508710;14.05.2019 15:06:39;430
636934359993977340;14.05.2019 15:06:39;430
636934359994445923;14.05.2019 15:06:39;430
636934359994915104;14.05.2019 15:06:39;431
636934359995384645;14.05.2019 15:06:39;430
636934359996009934;14.05.2019 15:06:39;430
636934359996478854;14.05.2019 15:06:39;431
636934359996948168;14.05.2019 15:06:39;430
636934359997416787;14.05.2019 15:06:39;431
636934359997885425;14.05.2019 15:06:39;431
636934359998511536;14.05.2019 15:06:39;431
636934359998980161;14.05.2019 15:06:39;431
636934359999448799;14.05.2019 15:06:39;432
636934359999917434;14.05.2019 15:06:39;431
636934360000542307;14.05.2019 15:06:40;431
636934360001010937;14.05.2019 15:06:40;431
636934360001479569;14.05.2019 15:06:40;431
636934360001948207;14.05.2019 15:06:40;431
636934360002573061;14.05.2019 15:06:40;431
636934360003041729;14.05.2019 15:06:40;431
636934360003510714;14.05.2019 15:06:40;431
636934360003980368;14.05.2019 15:06:40;431
636934360004448926;14.05.2019 15:06:40;431
636934360005073782;14.05.2019 15:06:40;431
636934360005542756;14.05.2019 15:06:40;432
636934360006012945;14.05.2019 15:06:40;431
636934360006482844;14.05.2019 15:06:40;431
636934360006952837;14.05.2019 15:06:40;431
636934360007577710;14.05.2019 15:06:40;432
636934360008047655;14.05.2019 15:06:40;431
636934360008517726;14.05.2019 15:06:40;432
636934360008987555;14.05.2019 15:06:40;431
636934360009613265;14.05.2019 15:06:40;432
636934360010081069;14.05.2019 15:06:41;432
636934360010550596;14.05.2019 15:06:41;432
636934360011018353;14.05.2019 15:06:41;432
636934360011487246;14.05.2019 15:06:41;432
636934360012113003;14.05.2019 15:06:41;432
636934360012581073;14.05.2019 15:06:41;433
636934360013051124;14.05.2019 15:06:41;432
636934360013521103;14.05.2019 15:06:41;432
636934360013990655;14.05.2019 15:06:41;433
636934360014615490;14.05.2019 15:06:41;432
636934360015084130;14.05.2019 15:06:41;432
636934360015553106;14.05.2019 15:06:41;432
636934360016022717;14.05.2019 15:06:41;432
636934360016647562;14.05.2019 15:06:41;432
636934360017116137;14.05.2019 15:06:41;433
636934360017584813;14.05.2019 15:06:41;432
636934360018053451;14.05.2019 15:06:41;432
636934360018678660;14.05.2019 15:06:41;432
636934360019147990;14.05.2019 15:06:41;432
636934360019616844;14.05.2019 15:06:41;432
636934360020085538;14.05.2019 15:06:42;432
636934360020554112;14.05.2019 15:06:42;432
636934360021178087;14.05.2019 15:06:42;432
636934360021647075;14.05.2019 15:06:42;432
636934360022116610;14.05.2019 15:06:42;433
636934360022585254;14.05.2019 15:06:42;433
636934360023053886;14.05.2019 15:06:42;433
636934360023677867;14.05.2019 15:06:42;433
636934360024146508;14.05.2019 15:06:42;433
636934360024616432;14.05.2019 15:06:42;433
636934360025085989;14.05.2019 15:06:42;433
636934360025711971;14.05.2019 15:06:42;433
636934360026180600;14.05.2019 15:06:42;433
636934360026648357;14.05.2019 15:06:42;433
636934360027117874;14.05.2019 15:06:42;434
636934360027586517;14.05.2019 15:06:42;433
636934360028211861;14.05.2019 15:06:42;433
636934360028682749;14.05.2019 15:06:42;434
636934360029152634;14.05.2019 15:06:42;433
636934360029621590;14.05.2019 15:06:42;433
636934360030091132;14.05.2019 15:06:43;434
636934360030716063;14.05.2019 15:06:43;433
636934360031184670;14.05.2019 15:06:43;433
636934360031653441;14.05.2019 15:06:43;434
636934360032123008;14.05.2019 15:06:43;433
636934360032747900;14.05.2019 15:06:43;433
636934360033216505;14.05.2019 15:06:43;433
636934360033685148;14.05.2019 15:06:43;433
636934360034153786;14.05.2019 15:06:43;433
636934360034622427;14.05.2019 15:06:43;434
636934360035247278;14.05.2019 15:06:43;433
636934360035715924;14.05.2019 15:06:43;433
636934360036184867;14.05.2019 15:06:43;433
636934360036654405;14.05.2019 15:06:43;433
636934360037123046;14.05.2019 15:06:43;433
636934360037748257;14.05.2019 15:06:43;433
636934360038217843;14.05.2019 15:06:43;433
636934360038686763;14.05.2019 15:06:43;433
636934360039195289;14.05.2019 15:06:43;432
636934360039664842;14.05.2019 15:06:43;432
636934360040290111;14.05.2019 15:06:44;432
636934360040759037;14.05.2019 15:06:44;431
636934360041228329;14.05.2019 15:06:44;430
636934360041696984;14.05.2019 15:06:44;430
636934360042165605;14.05.2019 15:06:44;428
636934360042790456;14.05.2019 15:06:44;427
636934360043258185;14.05.2019 15:06:44;427
636934360043727740;14.05.2019 15:06:44;424
636934360044196422;14.05.2019 15:06:44;422
636934360044821232;14.05.2019 15:06:44;421
636934360045289870;14.05.2019 15:06:44;419
636934360045757646;14.05.2019 15:06:44;417
636934360046227157;14.05.2019 15:06:44;416
636934360046851972;14.05.2019 15:06:44;414
636934360047320643;14.05.2019 15:06:44;412
636934360047789242;14.05.2019 15:06:44;410
636934360048259254;14.05.2019 15:06:44;409
636934360048727887;14.05.2019 15:06:44;407
636934360049352740;14.05.2019 15:06:44;406
636934360049820503;14.05.2019 15:06:44;404
636934360050290604;14.05.2019 15:06:45;403
636934360050760505;14.05.2019 15:06:45;402
636934360051230044;14.05.2019 15:06:45;401
636934360051854022;14.05.2019 15:06:45;399
636934360052323533;14.05.2019 15:06:45;399
636934360052792179;14.05.2019 15:06:45;397
636934360053259942;14.05.2019 15:06:45;397
636934360053885036;14.05.2019 15:06:45;396
636934360054353597;14.05.2019 15:06:45;396
636934360054822963;14.05.2019 15:06:45;395
636934360055291596;14.05.2019 15:06:45;395
636934360055760262;14.05.2019 15:06:45;395
636934360056384206;14.05.2019 15:06:45;394
636934360056852844;14.05.2019 15:06:45;394
636934360057322377;14.05.2019 15:06:45;393
636934360057791007;14.05.2019 15:06:45;392
636934360058259645;14.05.2019 15:06:45;392
636934360058884493;14.05.2019 15:06:45;392
636934360059352258;14.05.2019 15:06:45;391
636934360059821791;14.05.2019 15:06:45;391
636934360060290745;14.05.2019 15:06:46;392
636934360060916463;14.05.2019 15:06:46;391
636934360061385154;14.05.2019 15:06:46;391
636934360061853775;14.05.2019 15:06:46;391
636934360062322430;14.05.2019 15:06:46;391
636934360062947264;14.05.2019 15:06:46;390
636934360063417598;14.05.2019 15:06:46;390
636934360063887133;14.05.2019 15:06:46;390
636934360064355791;14.05.2019 15:06:46;390
636934360064824418;14.05.2019 15:06:46;390
636934360065449230;14.05.2019 15:06:46;390
636934360065917871;14.05.2019 15:06:46;389
636934360066385672;14.05.2019 15:06:46;389
636934360066854313;14.05.2019 15:06:46;389
636934360067323826;14.05.2019 15:06:46;388
636934360067948641;14.05.2019 15:06:46;388
636934360068418700;14.05.2019 15:06:46;387
636934360068886460;14.05.2019 15:06:46;388
636934360069355095;14.05.2019 15:06:46;386
636934360069979954;14.05.2019 15:06:46;386
636934360070450114;14.05.2019 15:06:47;386
636934360070919647;14.05.2019 15:06:47;384
636934360071388307;14.05.2019 15:06:47;384
636934360071856948;14.05.2019 15:06:47;384
636934360072484369;14.05.2019 15:06:47;382
636934360072953919;14.05.2019 15:06:47;381
636934360073424219;14.05.2019 15:06:47;381
636934360073893763;14.05.2019 15:06:47;380
636934360074361531;14.05.2019 15:06:47;379
636934360074987316;14.05.2019 15:06:47;378
636934360075457084;14.05.2019 15:06:47;376
636934360075925711;14.05.2019 15:06:47;375
636934360076549731;14.05.2019 15:06:47;374
636934360077018325;14.05.2019 15:06:47;373
636934360077488143;14.05.2019 15:06:47;371
636934360077957692;14.05.2019 15:06:47;370
636934360078426378;14.05.2019 15:06:47;369
636934360079050303;14.05.2019 15:06:47;368
636934360079519215;14.05.2019 15:06:47;367
636934360079988493;14.05.2019 15:06:47;366
636934360080457162;14.05.2019 15:06:48;365
636934360080925861;14.05.2019 15:06:48;364
636934360081550734;14.05.2019 15:06:48;363
636934360082020300;14.05.2019 15:06:48;362
636934360082490562;14.05.2019 15:06:48;362
636934360082960579;14.05.2019 15:06:48;361
636934360083588054;14.05.2019 15:06:48;361
636934360084057454;14.05.2019 15:06:48;359
636934360084525347;14.05.2019 15:06:48;359
636934360084994877;14.05.2019 15:06:48;359
636934360085463820;14.05.2019 15:06:48;358
636934360086089546;14.05.2019 15:06:48;357
636934360086558561;14.05.2019 15:06:48;357
636934360087027221;14.05.2019 15:06:48;355
636934360087496745;14.05.2019 15:06:48;355
636934360087965641;14.05.2019 15:06:48;355
636934360088591354;14.05.2019 15:06:48;353
636934360089059158;14.05.2019 15:06:48;352
636934360089528040;14.05.2019 15:06:48;352
636934360089997362;14.05.2019 15:06:48;351
636934360090621290;14.05.2019 15:06:49;350
636934360091090806;14.05.2019 15:06:49;350
636934360091559453;14.05.2019 15:06:49;350
636934360092028088;14.05.2019 15:06:49;349
636934360092496729;14.05.2019 15:06:49;349
636934360093121898;14.05.2019 15:06:49;349
636934360093592265;14.05.2019 15:06:49;348
636934360094060909;14.05.2019 15:06:49;348
636934360094530422;14.05.2019 15:06:49;348
636934360094999069;14.05.2019 15:06:49;348
636934360095623878;14.05.2019 15:06:49;348
636934360096091701;14.05.2019 15:06:49;348
636934360096561184;14.05.2019 15:06:49;348
636934360097029869;14.05.2019 15:06:49;348
636934360097654690;14.05.2019 15:06:49;348
636934360098123295;14.05.2019 15:06:49;349
636934360098591996;14.05.2019 15:06:49;348
636934360099060017;14.05.2019 15:06:49;348
636934360099685477;14.05.2019 15:06:49;348
636934360100154120;14.05.2019 15:06:50;348
636934360100622742;14.05.2019 15:06:50;349
636934360101090507;14.05.2019 15:06:50;349
636934360101560010;14.05.2019 15:06:50;349
636934360102184885;14.05.2019 15:06:50;349
636934360102653579;14.05.2019 15:06:50;349
636934360103122184;14.05.2019 15:06:50;349
636934360103590799;14.05.2019 15:06:50;349
636934360104058568;14.05.2019 15:06:50;350
636934360104684341;14.05.2019 15:06:50;349
636934360105153004;14.05.2019 15:06:50;349
636934360105622828;14.05.2019 15:06:50;350
636934360106090707;14.05.2019 15:06:50;350
636934360106715438;14.05.2019 15:06:50;349
636934360107185215;14.05.2019 15:06:50;350
636934360107654753;14.05.2019 15:06:50;350
636934360108123430;14.05.2019 15:06:50;350
636934360108747367;14.05.2019 15:06:50;350
636934360109216013;14.05.2019 15:06:50;351
636934360109685541;14.05.2019 15:06:50;351
636934360110154168;14.05.2019 15:06:51;351
636934360110621925;14.05.2019 15:06:51;351
636934360111246786;14.05.2019 15:06:51;353
636934360111715427;14.05.2019 15:06:51;351
636934360112184938;14.05.2019 15:06:51;352
636934360112653543;14.05.2019 15:06:51;352
636934360113122195;14.05.2019 15:06:51;352
636934360113746200;14.05.2019 15:06:51;352
636934360114215115;14.05.2019 15:06:51;353
636934360114684394;14.05.2019 15:06:51;352
636934360115152993;14.05.2019 15:06:51;352
636934360115776993;14.05.2019 15:06:51;354
636934360116245606;14.05.2019 15:06:51;352
636934360116715125;14.05.2019 15:06:51;353
636934360117182899;14.05.2019 15:06:51;354
636934360117652382;14.05.2019 15:06:51;353
636934360118277072;14.05.2019 15:06:51;353
636934360118745275;14.05.2019 15:06:51;354
636934360119214553;14.05.2019 15:06:51;353
636934360119683199;14.05.2019 15:06:51;353
636934360120151790;14.05.2019 15:06:52;353
636934360120776680;14.05.2019 15:06:52;354
636934360121245301;14.05.2019 15:06:52;353
636934360121713962;14.05.2019 15:06:52;354
636934360122182600;14.05.2019 15:06:52;354
636934360122807520;14.05.2019 15:06:52;355
636934360123275213;14.05.2019 15:06:52;355
636934360123743904;14.05.2019 15:06:52;355
636934360124213373;14.05.2019 15:06:52;355
636934360124837658;14.05.2019 15:06:52;356
636934360125306887;14.05.2019 15:06:52;355
636934360125775580;14.05.2019 15:06:52;356
636934360126245512;14.05.2019 15:06:52;356
636934360126714147;14.05.2019 15:06:52;357
636934360127338931;14.05.2019 15:06:52;357
636934360127807603;14.05.2019 15:06:52;357
636934360128275604;14.05.2019 15:06:52;357
636934360128744854;14.05.2019 15:06:52;358
636934360129213553;14.05.2019 15:06:52;357
636934360129838348;14.05.2019 15:06:52;358
636934360130306950;14.05.2019 15:06:53;358
636934360130774763;14.05.2019 15:06:53;358
636934360131243628;14.05.2019 15:06:53;358
636934360131869382;14.05.2019 15:06:53;360
636934360132338017;14.05.2019 15:06:53;358
636934360132806666;14.05.2019 15:06:53;359
636934360133274861;14.05.2019 15:06:53;360
636934360133743527;14.05.2019 15:06:53;359
636934360134369253;14.05.2019 15:06:53;359
636934360134838226;14.05.2019 15:06:53;360
636934360135307732;14.05.2019 15:06:53;360
636934360135776372;14.05.2019 15:06:53;359
636934360136245080;14.05.2019 15:06:53;360
636934360136870196;14.05.2019 15:06:53;360
636934360137339729;14.05.2019 15:06:53;360
636934360137809996;14.05.2019 15:06:53;360
636934360138435714;14.05.2019 15:06:53;360
636934360138903507;14.05.2019 15:06:53;360
636934360139374331;14.05.2019 15:06:53;361
636934360139843294;14.05.2019 15:06:53;360
636934360140313129;14.05.2019 15:06:54;361
636934360140938007;14.05.2019 15:06:54;360
636934360141406642;14.05.2019 15:06:54;361
636934360141876156;14.05.2019 15:06:54;361
636934360142344799;14.05.2019 15:06:54;361
636934360142812565;14.05.2019 15:06:54;361
636934360143438263;14.05.2019 15:06:54;362
636934360143906749;14.05.2019 15:06:54;362
636934360144375573;14.05.2019 15:06:54;362
636934360144844216;14.05.2019 15:06:54;363
636934360145469081;14.05.2019 15:06:54;362
636934360145937120;14.05.2019 15:06:54;362
636934360146406346;14.05.2019 15:06:54;363
636934360146875037;14.05.2019 15:06:54;363
636934360147343686;14.05.2019 15:06:54;363
636934360147968096;14.05.2019 15:06:54;364
636934360148436246;14.05.2019 15:06:54;363
636934360148905771;14.05.2019 15:06:54;363
636934360149374412;14.05.2019 15:06:54;362
636934360149843549;14.05.2019 15:06:54;363
636934360150470427;14.05.2019 15:06:55;362
636934360150938345;14.05.2019 15:06:55;363
636934360151408197;14.05.2019 15:06:55;363
636934360151877768;14.05.2019 15:06:55;363
636934360152502586;14.05.2019 15:06:55;363
636934360152971723;14.05.2019 15:06:55;363
636934360153441297;14.05.2019 15:06:55;363
636934360153909971;14.05.2019 15:06:55;364
636934360154534836;14.05.2019 15:06:55;363
636934360155003391;14.05.2019 15:06:55;363
636934360155473101;14.05.2019 15:06:55;363
636934360155942867;14.05.2019 15:06:55;363
636934360156411546;14.05.2019 15:06:55;364
636934360157037192;14.05.2019 15:06:55;363
636934360157507958;14.05.2019 15:06:55;363
636934360157977967;14.05.2019 15:06:55;363
636934360158447825;14.05.2019 15:06:55;362
636934360158917357;14.05.2019 15:06:55;363
636934360159541341;14.05.2019 15:06:55;363
636934360160010863;14.05.2019 15:06:56;362
636934360160478617;14.05.2019 15:06:56;362
636934360160949372;14.05.2019 15:06:56;363
636934360161574220;14.05.2019 15:06:56;362
636934360162042850;14.05.2019 15:06:56;362
636934360162511518;14.05.2019 15:06:56;363
636934360162980134;14.05.2019 15:06:56;362
636934360163449069;14.05.2019 15:06:56;362
636934360164075141;14.05.2019 15:06:56;362
636934360164544732;14.05.2019 15:06:56;362
636934360165013367;14.05.2019 15:06:56;361
636934360165482543;14.05.2019 15:06:56;362
636934360165952104;14.05.2019 15:06:56;362
636934360166576935;14.05.2019 15:06:56;362
636934360167045584;14.05.2019 15:06:56;362
636934360167514546;14.05.2019 15:06:56;362
636934360167984514;14.05.2019 15:06:56;361
636934360168611850;14.05.2019 15:06:56;362
636934360169080505;14.05.2019 15:06:56;362
636934360169550024;14.05.2019 15:06:56;363
636934360170018668;14.05.2019 15:06:57;362
636934360170486474;14.05.2019 15:06:57;363
636934360171111284;14.05.2019 15:06:57;363
636934360171579927;14.05.2019 15:06:57;363
636934360172049444;14.05.2019 15:06:57;363
636934360172518090;14.05.2019 15:06:57;363
636934360172986733;14.05.2019 15:06:57;362
636934360173610698;14.05.2019 15:06:57;363
636934360174080222;14.05.2019 15:06:57;363
636934360174548855;14.05.2019 15:06:57;362
636934360175017316;14.05.2019 15:06:57;362
636934360175642734;14.05.2019 15:06:57;362
636934360176110430;14.05.2019 15:06:57;360
636934360176579944;14.05.2019 15:06:57;360
636934360177048593;14.05.2019 15:06:57;360
636934360177673724;14.05.2019 15:06:57;358
636934360178143268;14.05.2019 15:06:57;358
636934360178611349;14.05.2019 15:06:57;357
636934360179080871;14.05.2019 15:06:57;356
636934360179549481;14.05.2019 15:06:57;355
636934360180174362;14.05.2019 15:06:58;354
636934360180642119;14.05.2019 15:06:58;353
636934360181110752;14.05.2019 15:06:58;351
636934360181581875;14.05.2019 15:06:58;350
636934360182051411;14.05.2019 15:06:58;350
636934360182676281;14.05.2019 15:06:58;349
636934360183144905;14.05.2019 15:06:58;349
636934360183612687;14.05.2019 15:06:58;348
636934360184082253;14.05.2019 15:06:58;348
636934360184707035;14.05.2019 15:06:58;346
636934360185175113;14.05.2019 15:06:58;347
636934360185644640;14.05.2019 15:06:58;346
636934360186113301;14.05.2019 15:06:58;346
636934360186582850;14.05.2019 15:06:58;345
636934360187207676;14.05.2019 15:06:58;345
636934360187675444;14.05.2019 15:06:58;344
636934360188144949;14.05.2019 15:06:58;345
636934360188612715;14.05.2019 15:06:58;344
636934360189082248;14.05.2019 15:06:58;344
636934360189707132;14.05.2019 15:06:58;344
636934360190175761;14.05.2019 15:06:59;344
636934360190644444;14.05.2019 15:06:59;344
636934360191113073;14.05.2019 15:06:59;344
636934360191737348;14.05.2019 15:06:59;345
636934360192206568;14.05.2019 15:06:59;344
636934360192675499;14.05.2019 15:06:59;344
636934360193146407;14.05.2019 15:06:59;344
636934360193771321;14.05.2019 15:06:59;344
636934360194239904;14.05.2019 15:06:59;344
636934360194708561;14.05.2019 15:06:59;343
636934360195177825;14.05.2019 15:06:59;344
636934360195647718;14.05.2019 15:06:59;344
636934360196273797;14.05.2019 15:06:59;344
636934360196743728;14.05.2019 15:06:59;344
636934360197213699;14.05.2019 15:06:59;344
636934360197683745;14.05.2019 15:06:59;344
636934360198153569;14.05.2019 15:06:59;345
636934360198778444;14.05.2019 15:06:59;345
636934360199248221;14.05.2019 15:06:59;345
636934360199717771;14.05.2019 15:06:59;346
636934360200186758;14.05.2019 15:07:00;345
636934360200812584;14.05.2019 15:07:00;346
636934360201281227;14.05.2019 15:07:00;346
636934360201749929;14.05.2019 15:07:00;347
636934360202218545;14.05.2019 15:07:00;347
636934360202687183;14.05.2019 15:07:00;348
636934360203312067;14.05.2019 15:07:00;349
636934360203780683;14.05.2019 15:07:00;348
636934360204249329;14.05.2019 15:07:00;348
636934360204717956;14.05.2019 15:07:00;350
636934360205186597;14.05.2019 15:07:00;348
636934360205811450;14.05.2019 15:07:00;349
636934360206280094;14.05.2019 15:07:00;350
636934360206748818;14.05.2019 15:07:00;349
636934360207373591;14.05.2019 15:07:00;350
636934360207842243;14.05.2019 15:07:00;351
636934360208310873;14.05.2019 15:07:00;350
636934360208779505;14.05.2019 15:07:00;350
636934360209248160;14.05.2019 15:07:00;350
636934360209873080;14.05.2019 15:07:00;351
636934360210343059;14.05.2019 15:07:01;351
636934360210812839;14.05.2019 15:07:01;351
636934360211282757;14.05.2019 15:07:01;351
636934360211752298;14.05.2019 15:07:01;351
636934360212220060;14.05.2019 15:07:01;351
636934360212847116;14.05.2019 15:07:01;351
636934360213315730;14.05.2019 15:07:01;351
636934360213784321;14.05.2019 15:07:01;352
636934360214409166;14.05.2019 15:07:01;352
636934360214878120;14.05.2019 15:07:01;353
636934360215347675;14.05.2019 15:07:01;354
636934360215815692;14.05.2019 15:07:01;354
636934360216284981;14.05.2019 15:07:01;355
636934360216911256;14.05.2019 15:07:01;355
636934360217380806;14.05.2019 15:07:01;355
636934360217849435;14.05.2019 15:07:01;356
636934360218318065;14.05.2019 15:07:01;356
636934360218786756;14.05.2019 15:07:01;356
636934360219411615;14.05.2019 15:07:01;358
636934360219880527;14.05.2019 15:07:01;357
636934360220350105;14.05.2019 15:07:02;357
636934360220818743;14.05.2019 15:07:02;359
636934360221443593;14.05.2019 15:07:02;358
636934360221912259;14.05.2019 15:07:02;358
636934360222380881;14.05.2019 15:07:02;358
636934360222849521;14.05.2019 15:07:02;358
636934360223317240;14.05.2019 15:07:02;359
636934360223943054;14.05.2019 15:07:02;359
636934360224411645;14.05.2019 15:07:02;359
636934360224880292;14.05.2019 15:07:02;359
636934360225349248;14.05.2019 15:07:02;360
636934360225818878;14.05.2019 15:07:02;360
636934360226443760;14.05.2019 15:07:02;360
636934360226912351;14.05.2019 15:07:02;360
636934360227380969;14.05.2019 15:07:02;360
636934360227849602;14.05.2019 15:07:02;360
636934360228473818;14.05.2019 15:07:02;361
636934360228943395;14.05.2019 15:07:02;361
636934360229412022;14.05.2019 15:07:02;361
636934360229880674;14.05.2019 15:07:02;361
636934360230505528;14.05.2019 15:07:03;361
636934360230973251;14.05.2019 15:07:03;361
636934360231442806;14.05.2019 15:07:03;361
636934360231911447;14.05.2019 15:07:03;362
636934360232380091;14.05.2019 15:07:03;362
636934360233004939;14.05.2019 15:07:03;362
636934360233473588;14.05.2019 15:07:03;362
636934360233942270;14.05.2019 15:07:03;363
636934360234410900;14.05.2019 15:07:03;362
636934360234879502;14.05.2019 15:07:03;362
636934360235504350;14.05.2019 15:07:03;363
636934360235972994;14.05.2019 15:07:03;361
636934360236441657;14.05.2019 15:07:03;360
636934360236910275;14.05.2019 15:07:03;362
636934360237535126;14.05.2019 15:07:03;360
636934360238003775;14.05.2019 15:07:03;360
636934360238472435;14.05.2019 15:07:03;361
636934360238941051;14.05.2019 15:07:03;361
636934360239565899;14.05.2019 15:07:03;360
636934360240035044;14.05.2019 15:07:04;361
636934360240504705;14.05.2019 15:07:04;361
636934360240973343;14.05.2019 15:07:04;361
636934360241441978;14.05.2019 15:07:04;361
636934360242066834;14.05.2019 15:07:04;362
636934360242535470;14.05.2019 15:07:04;362
636934360243004113;14.05.2019 15:07:04;362
636934360243472760;14.05.2019 15:07:04;362
636934360243941392;14.05.2019 15:07:04;363
636934360244565545;14.05.2019 15:07:04;363
636934360245034803;14.05.2019 15:07:04;363
636934360245502535;14.05.2019 15:07:04;363
636934360245972459;14.05.2019 15:07:04;364
636934360246599498;14.05.2019 15:07:04;364
636934360247067242;14.05.2019 15:07:04;364
636934360247537182;14.05.2019 15:07:04;364
636934360248006355;14.05.2019 15:07:04;365
636934360248476209;14.05.2019 15:07:04;366
636934360249101085;14.05.2019 15:07:04;366
636934360249572155;14.05.2019 15:07:04;367
636934360250041694;14.05.2019 15:07:05;368
636934360250510326;14.05.2019 15:07:05;367
636934360250978967;14.05.2019 15:07:05;368
636934360251605469;14.05.2019 15:07:05;369
636934360252075398;14.05.2019 15:07:05;368
636934360252544058;14.05.2019 15:07:05;369
636934360253013575;14.05.2019 15:07:05;370
636934360253638450;14.05.2019 15:07:05;369
636934360254107124;14.05.2019 15:07:05;369
636934360254575704;14.05.2019 15:07:05;370
636934360255044315;14.05.2019 15:07:05;370
636934360255512992;14.05.2019 15:07:05;370
636934360256138369;14.05.2019 15:07:05;370
636934360256607026;14.05.2019 15:07:05;371
636934360257076553;14.05.2019 15:07:05;370
636934360257545543;14.05.2019 15:07:05;371
636934360258015123;14.05.2019 15:07:05;371
636934360258641506;14.05.2019 15:07:05;371
636934360259111078;14.05.2019 15:07:05;371
636934360259578805;14.05.2019 15:07:05;371
636934360260048318;14.05.2019 15:07:06;372
636934360260672598;14.05.2019 15:07:06;372
636934360261141835;14.05.2019 15:07:06;372
636934360261612160;14.05.2019 15:07:06;372
636934360262081762;14.05.2019 15:07:06;372
636934360262707810;14.05.2019 15:07:06;372
636934360263175592;14.05.2019 15:07:06;373
636934360263645441;14.05.2019 15:07:06;373
636934360264115021;14.05.2019 15:07:06;373
636934360264583969;14.05.2019 15:07:06;374
636934360265210113;14.05.2019 15:07:06;373
636934360265678702;14.05.2019 15:07:06;374
636934360266148609;14.05.2019 15:07:06;375
636934360266617587;14.05.2019 15:07:06;374
636934360267086838;14.05.2019 15:07:06;374
636934360267711013;14.05.2019 15:07:06;374
636934360268179401;14.05.2019 15:07:06;375
636934360268650336;14.05.2019 15:07:06;375
636934360269120717;14.05.2019 15:07:06;376
636934360269745590;14.05.2019 15:07:06;375
636934360270215890;14.05.2019 15:07:07;375
636934360270684548;14.05.2019 15:07:07;376
636934360271154108;14.05.2019 15:07:07;375
636934360271623095;14.05.2019 15:07:07;375
636934360272250442;14.05.2019 15:07:07;376
636934360272721408;14.05.2019 15:07:07;376
636934360273189159;14.05.2019 15:07:07;376
636934360273657803;14.05.2019 15:07:07;376
636934360274127383;14.05.2019 15:07:07;377
636934360274752511;14.05.2019 15:07:07;376
636934360275222052;14.05.2019 15:07:07;377
636934360275689798;14.05.2019 15:07:07;377
636934360276159760;14.05.2019 15:07:07;378
636934360276785509;14.05.2019 15:07:07;377
636934360277253268;14.05.2019 15:07:07;378
636934360277722829;14.05.2019 15:07:07;378
636934360278190553;14.05.2019 15:07:07;378
636934360278660426;14.05.2019 15:07:07;378
636934360279286172;14.05.2019 15:07:07;379
636934360279754863;14.05.2019 15:07:07;379
636934360280223828;14.05.2019 15:07:08;379
636934360280691543;14.05.2019 15:07:08;380
636934360281161420;14.05.2019 15:07:08;379
636934360281788448;14.05.2019 15:07:08;379
636934360282257078;14.05.2019 15:07:08;381
636934360282725721;14.05.2019 15:07:08;380
636934360283350575;14.05.2019 15:07:08;380
636934360283819227;14.05.2019 15:07:08;381
636934360284287893;14.05.2019 15:07:08;380
636934360284756450;14.05.2019 15:07:08;380
636934360285225091;14.05.2019 15:07:08;381
636934360285850363;14.05.2019 15:07:08;381
636934360286319946;14.05.2019 15:07:08;381
636934360286788612;14.05.2019 15:07:08;381
636934360287257216;14.05.2019 15:07:08;381
636934360287724946;14.05.2019 15:07:08;381
636934360288350248;14.05.2019 15:07:08;381
636934360288819354;14.05.2019 15:07:08;382
636934360289287995;14.05.2019 15:07:08;381
636934360289756636;14.05.2019 15:07:08;382
636934360290382891;14.05.2019 15:07:09;382
636934360290850543;14.05.2019 15:07:09;382
636934360291320181;14.05.2019 15:07:09;382
636934360291788814;14.05.2019 15:07:09;383
636934360292257488;14.05.2019 15:07:09;383
636934360292882319;14.05.2019 15:07:09;383
636934360293350229;14.05.2019 15:07:09;383
636934360293819587;14.05.2019 15:07:09;383
636934360294288225;14.05.2019 15:07:09;383
636934360294756944;14.05.2019 15:07:09;384
636934360295381719;14.05.2019 15:07:09;385
636934360295850360;14.05.2019 15:07:09;384
636934360296319001;14.05.2019 15:07:09;384
636934360296787650;14.05.2019 15:07:09;385
636934360297412518;14.05.2019 15:07:09;384
636934360297880142;14.05.2019 15:07:09;385
636934360298349788;14.05.2019 15:07:09;385
636934360298818421;14.05.2019 15:07:09;385
636934360299443271;14.05.2019 15:07:09;385
636934360299911912;14.05.2019 15:07:09;385
636934360300380564;14.05.2019 15:07:10;385
636934360300849188;14.05.2019 15:07:10;385
636934360301317835;14.05.2019 15:07:10;386
636934360301942683;14.05.2019 15:07:10;385
636934360302411346;14.05.2019 15:07:10;385
636934360302878970;14.05.2019 15:07:10;386
636934360303348616;14.05.2019 15:07:10;386
636934360303817243;14.05.2019 15:07:10;386
636934360304442099;14.05.2019 15:07:10;386
636934360304910743;14.05.2019 15:07:10;386
636934360305378688;14.05.2019 15:07:10;386
636934360305847894;14.05.2019 15:07:10;387
636934360306474358;14.05.2019 15:07:10;387
636934360306943891;14.05.2019 15:07:10;387
636934360307412545;14.05.2019 15:07:10;387
636934360307880297;14.05.2019 15:07:10;387
636934360308350129;14.05.2019 15:07:10;388
636934360308976010;14.05.2019 15:07:10;388
636934360309443994;14.05.2019 15:07:10;388
636934360309914447;14.05.2019 15:07:10;389
636934360310382221;14.05.2019 15:07:11;388
636934360310851743;14.05.2019 15:07:11;388
636934360311476837;14.05.2019 15:07:11;389
636934360311946661;14.05.2019 15:07:11;389
636934360312416202;14.05.2019 15:07:11;389
636934360312883954;14.05.2019 15:07:11;390
636934360313509688;14.05.2019 15:07:11;389
636934360313978349;14.05.2019 15:07:11;389
636934360314447042;14.05.2019 15:07:11;390
636934360314915675;14.05.2019 15:07:11;390
636934360315540506;14.05.2019 15:07:11;390
636934360316009150;14.05.2019 15:07:11;390
636934360316477788;14.05.2019 15:07:11;390
636934360316946434;14.05.2019 15:07:11;390
636934360317414424;14.05.2019 15:07:11;390
636934360318039928;14.05.2019 15:07:11;390
636934360318508583;14.05.2019 15:07:11;390
636934360318977254;14.05.2019 15:07:11;391
636934360319445878;14.05.2019 15:07:11;391
636934360319913832;14.05.2019 15:07:11;391
636934360320538414;14.05.2019 15:07:12;391
636934360321007978;14.05.2019 15:07:12;391
636934360321476618;14.05.2019 15:07:12;391
636934360322100549;14.05.2019 15:07:12;391
636934360322569473;14.05.2019 15:07:12;391
636934360323039413;14.05.2019 15:07:12;392
636934360323509073;14.05.2019 15:07:12;391
636934360323977714;14.05.2019 15:07:12;392
636934360324445723;14.05.2019 15:07:12;392
636934360325070203;14.05.2019 15:07:12;392
636934360325539841;14.05.2019 15:07:12;392
636934360326007803;14.05.2019 15:07:12;393
636934360326477372;14.05.2019 15:07:12;392
636934360326946016;14.05.2019 15:07:12;393
636934360327569949;14.05.2019 15:07:12;394
636934360328039518;14.05.2019 15:07:12;393
636934360328508154;14.05.2019 15:07:12;393
636934360328976797;14.05.2019 15:07:12;394
636934360329600728;14.05.2019 15:07:12;393
636934360330069369;14.05.2019 15:07:13;394
636934360330538924;14.05.2019 15:07:13;395
636934360331007559;14.05.2019 15:07:13;394
636934360331632906;14.05.2019 15:07:13;394
636934360332102511;14.05.2019 15:07:13;394
636934360332570204;14.05.2019 15:07:13;394
636934360333039809;14.05.2019 15:07:13;394
636934360333508397;14.05.2019 15:07:13;394
636934360334133575;14.05.2019 15:07:13;394
636934360334603241;14.05.2019 15:07:13;394
636934360335070876;14.05.2019 15:07:13;394
636934360335540514;14.05.2019 15:07:13;395
636934360336009155;14.05.2019 15:07:13;394
636934360336634009;14.05.2019 15:07:13;395
636934360337102677;14.05.2019 15:07:13;395
636934360337570609;14.05.2019 15:07:13;395
636934360338196144;14.05.2019 15:07:13;395
636934360338664779;14.05.2019 15:07:13;395
636934360339133738;14.05.2019 15:07:13;396
636934360339603271;14.05.2019 15:07:13;396
636934360340071948;14.05.2019 15:07:14;396
636934360340695998;14.05.2019 15:07:14;397
636934360341165451;14.05.2019 15:07:14;396
636934360341634119;14.05.2019 15:07:14;396
636934360342102733;14.05.2019 15:07:14;397
636934360342571373;14.05.2019 15:07:14;397
636934360343195349;14.05.2019 15:07:14;397
636934360343664901;14.05.2019 15:07:14;398
636934360344218285;14.05.2019 15:07:14;397
636934360344701613;14.05.2019 15:07:14;397
636934360345171137;14.05.2019 15:07:14;398
636934360345640277;14.05.2019 15:07:14;397
636934360346109782;14.05.2019 15:07:14;397
636934360346577891;14.05.2019 15:07:14;399
636934360347203312;14.05.2019 15:07:14;398
636934360347672202;14.05.2019 15:07:14;398
636934360348141741;14.05.2019 15:07:14;398
636934360348610856;14.05.2019 15:07:14;398
636934360349237067;14.05.2019 15:07:14;398
636934360349706741;14.05.2019 15:07:14;398
636934360350176401;14.05.2019 15:07:15;398
636934360350645934;14.05.2019 15:07:15;398
636934360351114542;14.05.2019 15:07:15;398
636934360351738561;14.05.2019 15:07:15;398
636934360352208078;14.05.2019 15:07:15;398
636934360352677045;14.05.2019 15:07:15;399
636934360353146637;14.05.2019 15:07:15;399
636934360353615216;14.05.2019 15:07:15;399
636934360354240391;14.05.2019 15:07:15;399
636934360354710246;14.05.2019 15:07:15;399
636934360355179851;14.05.2019 15:07:15;399
636934360355804784;14.05.2019 15:07:15;399
636934360356273398;14.05.2019 15:07:15;400
636934360356742271;14.05.2019 15:07:15;399
636934360357211851;14.05.2019 15:07:15;400
636934360357682254;14.05.2019 15:07:15;400
636934360358308432;14.05.2019 15:07:15;400
636934360358777344;14.05.2019 15:07:15;400
636934360359246833;14.05.2019 15:07:15;400
636934360359716679;14.05.2019 15:07:15;401
636934360360186619;14.05.2019 15:07:16;401
636934360360656199;14.05.2019 15:07:16;400
636934360361282690;14.05.2019 15:07:16;401
636934360361751348;14.05.2019 15:07:16;401
636934360362219988;14.05.2019 15:07:16;401
636934360362845756;14.05.2019 15:07:16;401
636934360363314735;14.05.2019 15:07:16;401
636934360363784326;14.05.2019 15:07:16;401
636934360364252948;14.05.2019 15:07:16;401
636934360364721663;14.05.2019 15:07:16;401
636934360365346475;14.05.2019 15:07:16;401
636934360365815163;14.05.2019 15:07:16;401
636934360366284120;14.05.2019 15:07:16;401
636934360366753716;14.05.2019 15:07:16;402
636934360367222291;14.05.2019 15:07:16;402
636934360367848759;14.05.2019 15:07:16;401
636934360368318326;14.05.2019 15:07:16;402
636934360368786994;14.05.2019 15:07:16;402
636934360369255616;14.05.2019 15:07:16;402
636934360369881023;14.05.2019 15:07:16;402
636934360370349672;14.05.2019 15:07:17;402
636934360370820557;14.05.2019 15:07:17;402
636934360371289201;14.05.2019 15:07:17;402
636934360371758149;14.05.2019 15:07:17;403
636934360372384432;14.05.2019 15:07:17;402
636934360372853439;14.05.2019 15:07:17;402
636934360373323382;14.05.2019 15:07:17;403
636934360373793012;14.05.2019 15:07:17;403
636934360374261611;14.05.2019 15:07:17;403
636934360374886412;14.05.2019 15:07:17;403
636934360375356266;14.05.2019 15:07:17;404
636934360375826165;14.05.2019 15:07:17;403
636934360376294761;14.05.2019 15:07:17;403
636934360376763757;14.05.2019 15:07:17;403
636934360377389563;14.05.2019 15:07:17;403
636934360377858152;14.05.2019 15:07:17;403
636934360378326795;14.05.2019 15:07:17;403
636934360378950840;14.05.2019 15:07:17;404
636934360379420287;14.05.2019 15:07:17;404
636934360379888955;14.05.2019 15:07:17;404
636934360380357602;14.05.2019 15:07:18;404
636934360380826234;14.05.2019 15:07:18;404
636934360381450176;14.05.2019 15:07:18;404
636934360381919729;14.05.2019 15:07:18;405
636934360382388375;14.05.2019 15:07:18;404
636934360382857007;14.05.2019 15:07:18;405
636934360383326067;14.05.2019 15:07:18;404
636934360383794730;14.05.2019 15:07:18;404
636934360384420450;14.05.2019 15:07:18;404
636934360384889468;14.05.2019 15:07:18;406
636934360385359486;14.05.2019 15:07:18;404
636934360385986583;14.05.2019 15:07:18;404
636934360386454568;14.05.2019 15:07:18;405
636934360386923873;14.05.2019 15:07:18;405
636934360387392500;14.05.2019 15:07:18;405
636934360387861158;14.05.2019 15:07:18;405
636934360388486000;14.05.2019 15:07:18;405
636934360388953713;14.05.2019 15:07:18;405
636934360389423573;14.05.2019 15:07:18;405
636934360389893347;14.05.2019 15:07:18;406
636934360390362880;14.05.2019 15:07:19;406
636934360390988060;14.05.2019 15:07:19;405
636934360391456720;14.05.2019 15:07:19;407
636934360391926611;14.05.2019 15:07:19;405
636934360392396595;14.05.2019 15:07:19;407
636934360393022743;14.05.2019 15:07:19;406
636934360393490876;14.05.2019 15:07:19;407
636934360393959537;14.05.2019 15:07:19;406
636934360394429119;14.05.2019 15:07:19;406
636934360394898037;14.05.2019 15:07:19;406
636934360395523797;14.05.2019 15:07:19;406
636934360395991551;14.05.2019 15:07:19;406
636934360396461114;14.05.2019 15:07:19;406
636934360396930082;14.05.2019 15:07:19;406
636934360397400047;14.05.2019 15:07:19;408
636934360398025790;14.05.2019 15:07:19;406
636934360398495703;14.05.2019 15:07:19;407
636934360398964332;14.05.2019 15:07:19;408
636934360399432954;14.05.2019 15:07:19;407
636934360400057821;14.05.2019 15:07:20;408
636934360400526437;14.05.2019 15:07:20;407
636934360400995122;14.05.2019 15:07:20;407
636934360401463760;14.05.2019 15:07:20;407
636934360402088605;14.05.2019 15:07:20;408
636934360402557291;14.05.2019 15:07:20;407
636934360403025929;14.05.2019 15:07:20;407
636934360403494611;14.05.2019 15:07:20;407
636934360403962218;14.05.2019 15:07:20;408
636934360404587945;14.05.2019 15:07:20;408
636934360405057807;14.05.2019 15:07:20;408
636934360405526468;14.05.2019 15:07:20;408
636934360405995089;14.05.2019 15:07:20;408
636934360406462996;14.05.2019 15:07:20;408
636934360407088672;14.05.2019 15:07:20;409
636934360407557271;14.05.2019 15:07:20;408
636934360408025904;14.05.2019 15:07:20;408
636934360408494545;14.05.2019 15:07:20;409
636934360409118764;14.05.2019 15:07:20;409
636934360409587745;14.05.2019 15:07:20;409
636934360410056838;14.05.2019 15:07:21;410
636934360410525298;14.05.2019 15:07:21;409
636934360410993288;14.05.2019 15:07:21;409
636934360411618167;14.05.2019 15:07:21;409
636934360412086550;14.05.2019 15:07:21;409
636934360412555454;14.05.2019 15:07:21;410
636934360413024083;14.05.2019 15:07:21;410
636934360413492464;14.05.2019 15:07:21;409
636934360414117608;14.05.2019 15:07:21;410
636934360414586917;14.05.2019 15:07:21;409
636934360415055538;14.05.2019 15:07:21;410
636934360415524223;14.05.2019 15:07:21;409
636934360416149124;14.05.2019 15:07:21;410
636934360416617718;14.05.2019 15:07:21;410
636934360417086359;14.05.2019 15:07:21;410
636934360417555010;14.05.2019 15:07:21;410
636934360418179853;14.05.2019 15:07:21;410
636934360418647496;14.05.2019 15:07:21;410
636934360419116148;14.05.2019 15:07:21;410
636934360419585047;14.05.2019 15:07:21;411
636934360420053701;14.05.2019 15:07:22;411
636934360420679189;14.05.2019 15:07:22;411
636934360421147780;14.05.2019 15:07:22;411
636934360421616504;14.05.2019 15:07:22;411
636934360422085115;14.05.2019 15:07:22;411
636934360422553218;14.05.2019 15:07:22;411
636934360423179083;14.05.2019 15:07:22;412
636934360423646732;14.05.2019 15:07:22;411
636934360424116284;14.05.2019 15:07:22;411
636934360424584928;14.05.2019 15:07:22;413
636934360425209778;14.05.2019 15:07:22;411
636934360425678414;14.05.2019 15:07:22;412
636934360426146143;14.05.2019 15:07:22;413
636934360426615703;14.05.2019 15:07:22;412
636934360427240632;14.05.2019 15:07:22;412
636934360427709306;14.05.2019 15:07:22;412
636934360428177919;14.05.2019 15:07:22;412
636934360428646549;14.05.2019 15:07:22;412
636934360429115120;14.05.2019 15:07:22;413
636934360429739558;14.05.2019 15:07:22;412
636934360430208568;14.05.2019 15:07:23;412
636934360430677250;14.05.2019 15:07:23;413
636934360431145902;14.05.2019 15:07:23;412
636934360431614484;14.05.2019 15:07:23;412
636934360432238465;14.05.2019 15:07:23;413
636934360432707336;14.05.2019 15:07:23;413
636934360433175752;14.05.2019 15:07:23;412
636934360433644668;14.05.2019 15:07:23;413
636934360434270106;14.05.2019 15:07:23;413
636934360434737871;14.05.2019 15:07:23;413
636934360435206526;14.05.2019 15:07:23;413
636934360435676103;14.05.2019 15:07:23;413
636934360436144104;14.05.2019 15:07:23;414
636934360436768871;14.05.2019 15:07:23;413
636934360437238166;14.05.2019 15:07:23;413
636934360437706818;14.05.2019 15:07:23;413
636934360438174564;14.05.2019 15:07:23;414
636934360438644133;14.05.2019 15:07:23;414
636934360439268992;14.05.2019 15:07:23;414
636934360439736843;14.05.2019 15:07:23;414
636934360440206271;14.05.2019 15:07:24;414
636934360440831121;14.05.2019 15:07:24;414
636934360441300203;14.05.2019 15:07:24;414
636934360441769780;14.05.2019 15:07:24;414
636934360442238415;14.05.2019 15:07:24;415
636934360442707062;14.05.2019 15:07:24;414
636934360443331912;14.05.2019 15:07:24;414
636934360443800556;14.05.2019 15:07:24;416
636934360444269208;14.05.2019 15:07:24;415
636934360444736957;14.05.2019 15:07:24;415
636934360445206479;14.05.2019 15:07:24;416
636934360445830409;14.05.2019 15:07:24;415
636934360446299976;14.05.2019 15:07:24;415
636934360446768603;14.05.2019 15:07:24;415
636934360447237243;14.05.2019 15:07:24;415
636934360447862119;14.05.2019 15:07:24;415
636934360448330721;14.05.2019 15:07:24;416
636934360448799379;14.05.2019 15:07:24;415
636934360449268017;14.05.2019 15:07:24;415
636934360449891978;14.05.2019 15:07:24;416
636934360450361514;14.05.2019 15:07:25;416
636934360450830152;14.05.2019 15:07:25;415
636934360451298812;14.05.2019 15:07:25;416
636934360451767395;14.05.2019 15:07:25;416
636934360452236035;14.05.2019 15:07:25;416
636934360452862452;14.05.2019 15:07:25;416
636934360453331095;14.05.2019 15:07:25;416
636934360453799728;14.05.2019 15:07:25;416
636934360454268421;14.05.2019 15:07:25;416
636934360454892230;14.05.2019 15:07:25;416
636934360455361860;14.05.2019 15:07:25;417
636934360455830512;14.05.2019 15:07:25;416
636934360456299144;14.05.2019 15:07:25;416
636934360456924034;14.05.2019 15:07:25;417
636934360457392960;14.05.2019 15:07:25;416
636934360457862546;14.05.2019 15:07:25;417
636934360458331170;14.05.2019 15:07:25;417
636934360458799805;14.05.2019 15:07:25;417
636934360459424725;14.05.2019 15:07:25;417
636934360459893300;14.05.2019 15:07:25;417
636934360460361971;14.05.2019 15:07:26;417
636934360460830598;14.05.2019 15:07:26;418
636934360461299214;14.05.2019 15:07:26;417
636934360461924070;14.05.2019 15:07:26;418
636934360462392716;14.05.2019 15:07:26;417
636934360462861352;14.05.2019 15:07:26;419
636934360463329990;14.05.2019 15:07:26;418
636934360463954840;14.05.2019 15:07:26;418
636934360464423503;14.05.2019 15:07:26;418
636934360464893527;14.05.2019 15:07:26;418
636934360465362118;14.05.2019 15:07:26;418
636934360465987093;14.05.2019 15:07:26;418
636934360466457122;14.05.2019 15:07:26;418
636934360466926705;14.05.2019 15:07:26;418
636934360467395346;14.05.2019 15:07:26;418
636934360467863986;14.05.2019 15:07:26;418
636934360468487923;14.05.2019 15:07:26;418
636934360468957478;14.05.2019 15:07:26;418
636934360469426111;14.05.2019 15:07:26;419
636934360469894746;14.05.2019 15:07:26;418
636934360470363406;14.05.2019 15:07:27;419
636934360470987340;14.05.2019 15:07:27;419
636934360471456881;14.05.2019 15:07:27;419
636934360471925538;14.05.2019 15:07:27;420
636934360472394165;14.05.2019 15:07:27;420
636934360473018113;14.05.2019 15:07:27;420
636934360473486745;14.05.2019 15:07:27;420
636934360473956295;14.05.2019 15:07:27;420
636934360474424933;14.05.2019 15:07:27;421
636934360474893574;14.05.2019 15:07:27;420
636934360475518430;14.05.2019 15:07:27;421
636934360475986575;14.05.2019 15:07:27;421
636934360476456227;14.05.2019 15:07:27;421
636934360476924932;14.05.2019 15:07:27;421
636934360477393506;14.05.2019 15:07:27;422
636934360478018440;14.05.2019 15:07:27;421
636934360478487003;14.05.2019 15:07:27;421
636934360478955661;14.05.2019 15:07:27;421
636934360479424279;14.05.2019 15:07:27;421
636934360480049138;14.05.2019 15:07:28;421
636934360480517779;14.05.2019 15:07:28;421
636934360480986448;14.05.2019 15:07:28;421
636934360481455055;14.05.2019 15:07:28;421
636934360482079834;14.05.2019 15:07:28;422
636934360482549985;14.05.2019 15:07:28;422
636934360483019565;14.05.2019 15:07:28;421
636934360483488203;14.05.2019 15:07:28;422
636934360483956838;14.05.2019 15:07:28;422
636934360484581700;14.05.2019 15:07:28;421
636934360485050335;14.05.2019 15:07:28;422
636934360485518970;14.05.2019 15:07:28;422
636934360485987633;14.05.2019 15:07:28;422
636934360486456249;14.05.2019 15:07:28;422
636934360487081106;14.05.2019 15:07:28;422
636934360487549746;14.05.2019 15:07:28;422
636934360488018387;14.05.2019 15:07:28;422
636934360488487081;14.05.2019 15:07:28;422
636934360489111236;14.05.2019 15:07:28;422
636934360489580007;14.05.2019 15:07:28;422
636934360490049160;14.05.2019 15:07:29;423
636934360490517868;14.05.2019 15:07:29;423
636934360490986448;14.05.2019 15:07:29;423
636934360491611320;14.05.2019 15:07:29;423
636934360492079947;14.05.2019 15:07:29;424
636934360492548583;14.05.2019 15:07:29;423
636934360493017221;14.05.2019 15:07:29;423
636934360493485862;14.05.2019 15:07:29;424
636934360494110779;14.05.2019 15:07:29;424
636934360494578433;14.05.2019 15:07:29;423
636934360495047348;14.05.2019 15:07:29;425
636934360495673144;14.05.2019 15:07:29;424
636934360496142721;14.05.2019 15:07:29;424
636934360496611370;14.05.2019 15:07:29;425
636934360497080006;14.05.2019 15:07:29;424
636934360497547716;14.05.2019 15:07:29;424
636934360498173503;14.05.2019 15:07:29;425
636934360498642138;14.05.2019 15:07:29;424
636934360499111086;14.05.2019 15:07:29;425
636934360499580713;14.05.2019 15:07:29;424
636934360500049316;14.05.2019 15:07:30;425
636934360500674169;14.05.2019 15:07:30;424
636934360501142804;14.05.2019 15:07:30;425
636934360501611528;14.05.2019 15:07:30;424
636934360502080155;14.05.2019 15:07:30;425
636934360502705014;14.05.2019 15:07:30;425
636934360503173647;14.05.2019 15:07:30;425
636934360503642337;14.05.2019 15:07:30;425
636934360504110928;14.05.2019 15:07:30;425
636934360504734857;14.05.2019 15:07:30;425
636934360505204420;14.05.2019 15:07:30;425
636934360505673066;14.05.2019 15:07:30;425
636934360506141699;14.05.2019 15:07:30;425
636934360506610340;14.05.2019 15:07:30;425
636934360507234204;14.05.2019 15:07:30;425
636934360507703842;14.05.2019 15:07:30;425
636934360508172497;14.05.2019 15:07:30;425
636934360508641481;14.05.2019 15:07:30;426
636934360509111524;14.05.2019 15:07:30;426
636934360509736400;14.05.2019 15:07:30;427
636934360510206041;14.05.2019 15:07:31;426
636934360510674676;14.05.2019 15:07:31;426
636934360511143314;14.05.2019 15:07:31;427
636934360511768204;14.05.2019 15:07:31;426
636934360512236155;14.05.2019 15:07:31;426
636934360512705807;14.05.2019 15:07:31;427
636934360513174447;14.05.2019 15:07:31;426
636934360513643088;14.05.2019 15:07:31;427
636934360514267945;14.05.2019 15:07:31;427
636934360514736713;14.05.2019 15:07:31;427
636934360515205221;14.05.2019 15:07:31;427
636934360515673867;14.05.2019 15:07:31;428
636934360516142516;14.05.2019 15:07:31;427
636934360516767389;14.05.2019 15:07:31;427
636934360517235997;14.05.2019 15:07:31;427
636934360517704651;14.05.2019 15:07:31;427
636934360518173276;14.05.2019 15:07:31;427
636934360518798132;14.05.2019 15:07:31;427
636934360519266825;14.05.2019 15:07:31;427
636934360519734424;14.05.2019 15:07:31;427
636934360520204060;14.05.2019 15:07:32;427
636934360520828908;14.05.2019 15:07:32;427
636934360521297543;14.05.2019 15:07:32;427
636934360521766217;14.05.2019 15:07:32;427
636934360522234827;14.05.2019 15:07:32;427
636934360522703466;14.05.2019 15:07:32;427
636934360523328366;14.05.2019 15:07:32;428
636934360523796965;14.05.2019 15:07:32;427
636934360524265595;14.05.2019 15:07:32;428
636934360524733244;14.05.2019 15:07:32;428
636934360525202880;14.05.2019 15:07:32;428
636934360525827744;14.05.2019 15:07:32;428
636934360526296368;14.05.2019 15:07:32;428
636934360526765045;14.05.2019 15:07:32;428
636934360527232658;14.05.2019 15:07:32;429
636934360527858506;14.05.2019 15:07:32;428
636934360528327208;14.05.2019 15:07:32;428
636934360528795788;14.05.2019 15:07:32;429
636934360529264534;14.05.2019 15:07:32;429
636934360529732931;14.05.2019 15:07:32;428
636934360530357920;14.05.2019 15:07:33;430
636934360530826567;14.05.2019 15:07:33;429
636934360531295196;14.05.2019 15:07:33;429
636934360531763876;14.05.2019 15:07:33;428
636934360532232497;14.05.2019 15:07:33;429
636934360532857343;14.05.2019 15:07:33;429
636934360533325975;14.05.2019 15:07:33;430
636934360533794613;14.05.2019 15:07:33;429
636934360534419467;14.05.2019 15:07:33;429
636934360534888144;14.05.2019 15:07:33;430
636934360535356748;14.05.2019 15:07:33;429
636934360535825442;14.05.2019 15:07:33;429
636934360536294033;14.05.2019 15:07:33;430
636934360536918936;14.05.2019 15:07:33;429
636934360537387519;14.05.2019 15:07:33;429
636934360537856162;14.05.2019 15:07:33;430
636934360538324812;14.05.2019 15:07:33;429
636934360538793499;14.05.2019 15:07:33;429
636934360539417300;14.05.2019 15:07:33;429
636934360539886933;14.05.2019 15:07:33;429
636934360540355510;14.05.2019 15:07:34;429
636934360540824165;14.05.2019 15:07:34;429
636934360541292756;14.05.2019 15:07:34;429
636934360541917637;14.05.2019 15:07:34;429
636934360542386266;14.05.2019 15:07:34;429
636934360542854907;14.05.2019 15:07:34;430
636934360543479786;14.05.2019 15:07:34;429
636934360543948402;14.05.2019 15:07:34;430
636934360544416128;14.05.2019 15:07:34;430
636934360544885681;14.05.2019 15:07:34;430
636934360545354324;14.05.2019 15:07:34;430
636934360545979300;14.05.2019 15:07:34;430
636934360546448910;14.05.2019 15:07:34;430
636934360546916601;14.05.2019 15:07:34;430
636934360547386164;14.05.2019 15:07:34;429
636934360547854805;14.05.2019 15:07:34;430
636934360548478733;14.05.2019 15:07:34;429
636934360548948299;14.05.2019 15:07:34;429
636934360549416286;14.05.2019 15:07:34;430
636934360549885531;14.05.2019 15:07:34;430
636934360550510440;14.05.2019 15:07:35;430
636934360550978155;14.05.2019 15:07:35;430
636934360551448059;14.05.2019 15:07:35;430
636934360551917592;14.05.2019 15:07:35;430
636934360552386230;14.05.2019 15:07:35;431
636934360553011123;14.05.2019 15:07:35;430
636934360553479090;14.05.2019 15:07:35;430
636934360553948429;14.05.2019 15:07:35;430
636934360554417045;14.05.2019 15:07:35;430
636934360554885719;14.05.2019 15:07:35;430
636934360555510551;14.05.2019 15:07:35;430
636934360555978266;14.05.2019 15:07:35;430
636934360556447818;14.05.2019 15:07:35;430
636934360556916462;14.05.2019 15:07:35;430
636934360557541318;14.05.2019 15:07:35;430
636934360558009954;14.05.2019 15:07:35;429
636934360558478592;14.05.2019 15:07:35;430
636934360558947260;14.05.2019 15:07:35;430
636934360559572100;14.05.2019 15:07:35;430
636934360560040732;14.05.2019 15:07:36;430
636934360560509368;14.05.2019 15:07:36;430
636934360560978008;14.05.2019 15:07:36;430
636934360561445735;14.05.2019 15:07:36;430
636934360562071916;14.05.2019 15:07:36;430
636934360562541576;14.05.2019 15:07:36;430
636934360563010208;14.05.2019 15:07:36;430
636934360563478869;14.05.2019 15:07:36;431
636934360563946495;14.05.2019 15:07:36;431
636934360564572280;14.05.2019 15:07:36;431
636934360565040904;14.05.2019 15:07:36;431
636934360565509542;14.05.2019 15:07:36;431
636934360565978180;14.05.2019 15:07:36;431
636934360566603422;14.05.2019 15:07:36;431
636934360567073112;14.05.2019 15:07:36;431
636934360567541720;14.05.2019 15:07:36;431
636934360568010369;14.05.2019 15:07:36;431
636934360568479049;14.05.2019 15:07:36;432
636934360569102863;14.05.2019 15:07:36;431
636934360569571967;14.05.2019 15:07:36;431
636934360570041020;14.05.2019 15:07:37;431
636934360570509706;14.05.2019 15:07:37;431
636934360570978377;14.05.2019 15:07:37;431
636934360571602596;14.05.2019 15:07:37;432
636934360572071860;14.05.2019 15:07:37;431
636934360572540495;14.05.2019 15:07:37;431
636934360573009111;14.05.2019 15:07:37;432
636934360573633045;14.05.2019 15:07:37;431
636934360574102916;14.05.2019 15:07:37;431
636934360574572502;14.05.2019 15:07:37;432
636934360575041131;14.05.2019 15:07:37;432
636934360575665982;14.05.2019 15:07:37;431
636934360576134623;14.05.2019 15:07:37;432
636934360576603258;14.05.2019 15:07:37;432
636934360577071899;14.05.2019 15:07:37;432
636934360577540601;14.05.2019 15:07:37;432
636934360578165399;14.05.2019 15:07:37;432
636934360578634040;14.05.2019 15:07:37;431
636934360579102110;14.05.2019 15:07:37;432
636934360579571330;14.05.2019 15:07:37;432
636934360580039959;14.05.2019 15:07:38;432
636934360580664807;14.05.2019 15:07:38;432
636934360581133462;14.05.2019 15:07:38;432
636934360581602086;14.05.2019 15:07:38;432
636934360582226954;14.05.2019 15:07:38;432
636934360582695583;14.05.2019 15:07:38;432
636934360583164227;14.05.2019 15:07:38;433
636934360583632862;14.05.2019 15:07:38;432
636934360584101503;14.05.2019 15:07:38;433
636934360584726362;14.05.2019 15:07:38;433
636934360585195006;14.05.2019 15:07:38;433
636934360585663649;14.05.2019 15:07:38;433
636934360586132287;14.05.2019 15:07:38;434
636934360586600925;14.05.2019 15:07:38;433
636934360587225596;14.05.2019 15:07:38;433
636934360587694417;14.05.2019 15:07:38;434
636934360588163108;14.05.2019 15:07:38;433
636934360588631696;14.05.2019 15:07:38;433
636934360589256546;14.05.2019 15:07:38;433
636934360589724262;14.05.2019 15:07:38;433
636934360590193831;14.05.2019 15:07:39;433
636934360590662846;14.05.2019 15:07:39;434
636934360591132498;14.05.2019 15:07:39;433
636934360591757664;14.05.2019 15:07:39;433
636934360592228056;14.05.2019 15:07:39;434
636934360592697911;14.05.2019 15:07:39;433
636934360593167441;14.05.2019 15:07:39;433
636934360593636082;14.05.2019 15:07:39;434
636934360594261503;14.05.2019 15:07:39;433
636934360594731055;14.05.2019 15:07:39;433
636934360595199702;14.05.2019 15:07:39;434
636934360595668343;14.05.2019 15:07:39;434
636934360596292296;14.05.2019 15:07:39;433
636934360596761840;14.05.2019 15:07:39;434
636934360597230915;14.05.2019 15:07:39;433
636934360597701726;14.05.2019 15:07:39;433
636934360598170674;14.05.2019 15:07:39;434
636934360598795544;14.05.2019 15:07:39;434
636934360599265072;14.05.2019 15:07:39;433
636934360599733934;14.05.2019 15:07:39;434
636934360600203863;14.05.2019 15:07:40;434
636934360600673698;14.05.2019 15:07:40;434
636934360601298576;14.05.2019 15:07:40;434
636934360601768414;14.05.2019 15:07:40;434
636934360602238025;14.05.2019 15:07:40;434
636934360602706984;14.05.2019 15:07:40;436
636934360603332733;14.05.2019 15:07:40;444
636934360603801371;14.05.2019 15:07:40;449
636934360604270505;14.05.2019 15:07:40;450
636934360604740182;14.05.2019 15:07:40;452
636934360605365409;14.05.2019 15:07:40;453
636934360605834978;14.05.2019 15:07:40;453
636934360606302705;14.05.2019 15:07:40;453
636934360606772224;14.05.2019 15:07:40;454
636934360607241200;14.05.2019 15:07:40;453
636934360607866993;14.05.2019 15:07:40;453
636934360608335658;14.05.2019 15:07:40;454
636934360608803656;14.05.2019 15:07:40;454
636934360609272987;14.05.2019 15:07:40;454
636934360609741589;14.05.2019 15:07:40;455
636934360610367083;14.05.2019 15:07:41;455
636934360610836397;14.05.2019 15:07:41;454
636934360611304123;14.05.2019 15:07:41;454
636934360611773684;14.05.2019 15:07:41;452
636934360612400322;14.05.2019 15:07:41;452
636934360612869162;14.05.2019 15:07:41;453
636934360613337628;14.05.2019 15:07:41;453
636934360613806252;14.05.2019 15:07:41;453
636934360614275771;14.05.2019 15:07:41;453
636934360614902279;14.05.2019 15:07:41;453
636934360615371887;14.05.2019 15:07:41;452
636934360615841733;14.05.2019 15:07:41;454
636934360616309517;14.05.2019 15:07:41;455
636934360616778155;14.05.2019 15:07:41;455
636934360617405647;14.05.2019 15:07:41;456
636934360617875620;14.05.2019 15:07:41;456
636934360618345585;14.05.2019 15:07:41;456
636934360618814251;14.05.2019 15:07:41;456
636934360619440296;14.05.2019 15:07:41;456
636934360619909904;14.05.2019 15:07:41;456
636934360620378439;14.05.2019 15:07:42;456
636934360620847108;14.05.2019 15:07:42;455
636934360621314876;14.05.2019 15:07:42;456
636934360621940632;14.05.2019 15:07:42;455
636934360622409575;14.05.2019 15:07:42;455
636934360622879092;14.05.2019 15:07:42;455
636934360623346851;14.05.2019 15:07:42;455
636934360623815481;14.05.2019 15:07:42;455
636934360624442468;14.05.2019 15:07:42;456
636934360624910289;14.05.2019 15:07:42;455
636934360625379741;14.05.2019 15:07:42;456
636934360625848712;14.05.2019 15:07:42;458
636934360626474444;14.05.2019 15:07:42;456
636934360626943472;14.05.2019 15:07:42;458
636934360627412991;14.05.2019 15:07:42;458
636934360627880754;14.05.2019 15:07:42;458
636934360628506475;14.05.2019 15:07:42;458
636934360628975404;14.05.2019 15:07:42;459
636934360629444945;14.05.2019 15:07:42;458
636934360629914123;14.05.2019 15:07:42;458
636934360630382786;14.05.2019 15:07:43;459
636934360631007687;14.05.2019 15:07:43;457
636934360631477150;14.05.2019 15:07:43;457
636934360631945758;14.05.2019 15:07:43;457
636934360632414421;14.05.2019 15:07:43;456
636934360632884256;14.05.2019 15:07:43;455
636934360633509547;14.05.2019 15:07:43;454
636934360633978185;14.05.2019 15:07:43;453
636934360634447740;14.05.2019 15:07:43;451
636934360634916384;14.05.2019 15:07:43;450
636934360635540728;14.05.2019 15:07:43;449
636934360636009363;14.05.2019 15:07:43;448
636934360636478871;14.05.2019 15:07:43;447
636934360636947509;14.05.2019 15:07:43;446
636934360637416155;14.05.2019 15:07:43;445
636934360638041092;14.05.2019 15:07:43;445
636934360638508774;14.05.2019 15:07:43;443
636934360638977409;14.05.2019 15:07:43;442
636934360639446965;14.05.2019 15:07:43;442
636934360639915564;14.05.2019 15:07:43;440
636934360640541811;14.05.2019 15:07:44;439
636934360641010454;14.05.2019 15:07:44;438
636934360641479057;14.05.2019 15:07:44;438
636934360641947930;14.05.2019 15:07:44;438
636934360642573681;14.05.2019 15:07:44;438
636934360643043893;14.05.2019 15:07:44;437
636934360643514675;14.05.2019 15:07:44;438
636934360643982432;14.05.2019 15:07:44;435
636934360644608472;14.05.2019 15:07:44;434
636934360645076805;14.05.2019 15:07:44;434
636934360645545487;14.05.2019 15:07:44;433
636934360646014125;14.05.2019 15:07:44;432
636934360646482786;14.05.2019 15:07:44;432
636934360647107074;14.05.2019 15:07:44;432
636934360647576261;14.05.2019 15:07:44;432
636934360648044904;14.05.2019 15:07:44;432
636934360648513504;14.05.2019 15:07:44;431
636934360648982665;14.05.2019 15:07:44;430
636934360649647675;14.05.2019 15:07:44;431
636934360650038402;14.05.2019 15:07:45;430
636934360650506170;14.05.2019 15:07:45;430
636934360651131905;14.05.2019 15:07:45;429
636934360651600582;14.05.2019 15:07:45;428
636934360652069181;14.05.2019 15:07:45;427
636934360652536935;14.05.2019 15:07:45;427
636934360653162673;14.05.2019 15:07:45;425
636934360653631327;14.05.2019 15:07:45;424
636934360654099957;14.05.2019 15:07:45;423
636934360654567717;14.05.2019 15:07:45;423
636934360655037241;14.05.2019 15:07:45;421
636934360655662095;14.05.2019 15:07:45;422
636934360656130725;14.05.2019 15:07:45;421
636934360656600515;14.05.2019 15:07:45;420
636934360657069153;14.05.2019 15:07:45;419
636934360657538107;14.05.2019 15:07:45;418
636934360658163271;14.05.2019 15:07:45;416
636934360658633131;14.05.2019 15:07:45;415
636934360659101797;14.05.2019 15:07:45;413
636934360659570432;14.05.2019 15:07:45;411
636934360660195283;14.05.2019 15:07:46;409
636934360660664250;14.05.2019 15:07:46;406
636934360661133454;14.05.2019 15:07:46;405
636934360661602499;14.05.2019 15:07:46;403
636934360662072079;14.05.2019 15:07:46;401
636934360662696858;14.05.2019 15:07:46;399
636934360663164645;14.05.2019 15:07:46;398
636934360663634170;14.05.2019 15:07:46;395
636934360664103248;14.05.2019 15:07:46;393
636934360664571917;14.05.2019 15:07:46;390
636934360665196762;14.05.2019 15:07:46;388
636934360665666295;14.05.2019 15:07:46;388
636934360666136155;14.05.2019 15:07:46;387
636934360666605128;14.05.2019 15:07:46;386
636934360667231176;14.05.2019 15:07:46;385
636934360667702169;14.05.2019 15:07:46;382
636934360668171707;14.05.2019 15:07:46;383
636934360668640642;14.05.2019 15:07:46;384
636934360669265814;14.05.2019 15:07:46;383
636934360669735314;14.05.2019 15:07:46;383
636934360670204237;14.05.2019 15:07:47;384
636934360670673848;14.05.2019 15:07:47;383
636934360671144591;14.05.2019 15:07:47;383
636934360671613567;14.05.2019 15:07:47;382
636934360672238440;14.05.2019 15:07:47;380
636934360672709489;14.05.2019 15:07:47;378
636934360673179304;14.05.2019 15:07:47;378
636934360673649120;14.05.2019 15:07:47;378
636934360674275209;14.05.2019 15:07:47;381
636934360674745163;14.05.2019 15:07:47;383
636934360675214660;14.05.2019 15:07:47;380
636934360675683342;14.05.2019 15:07:47;381
636934360676308221;14.05.2019 15:07:47;383
636934360676776839;14.05.2019 15:07:47;381
636934360677245821;14.05.2019 15:07:47;379
636934360677715362;14.05.2019 15:07:47;379
636934360678184313;14.05.2019 15:07:47;377
636934360678810328;14.05.2019 15:07:47;372
636934360679281465;14.05.2019 15:07:47;374
636934360679751449;14.05.2019 15:07:47;376
636934360680220110;14.05.2019 15:07:48;377
636934360680689665;14.05.2019 15:07:48;378
636934360681314978;14.05.2019 15:07:48;379
636934360681784833;14.05.2019 15:07:48;379
636934360682254341;14.05.2019 15:07:48;379
636934360682723358;14.05.2019 15:07:48;381
636934360683349109;14.05.2019 15:07:48;377
636934360683817747;14.05.2019 15:07:48;372
636934360684286399;14.05.2019 15:07:48;374
636934360684755325;14.05.2019 15:07:48;379
636934360685223991;14.05.2019 15:07:48;378
636934360685851258;14.05.2019 15:07:48;370
636934360686321112;14.05.2019 15:07:48;366
636934360686790648;14.05.2019 15:07:48;368
636934360687259524;14.05.2019 15:07:48;370
636934360687729060;14.05.2019 15:07:48;373
636934360688353038;14.05.2019 15:07:48;377
636934360688822690;14.05.2019 15:07:48;381
636934360689291314;14.05.2019 15:07:48;384
636934360689759986;14.05.2019 15:07:48;385
636934360690384590;14.05.2019 15:07:49;378
636934360690853242;14.05.2019 15:07:49;372
636934360691322764;14.05.2019 15:07:49;369
636934360691791404;14.05.2019 15:07:49;368
636934360692260045;14.05.2019 15:07:49;370
636934360692885242;14.05.2019 15:07:49;369
636934360693353905;14.05.2019 15:07:49;369
636934360693823505;14.05.2019 15:07:49;366
636934360694292109;14.05.2019 15:07:49;364
636934360694760711;14.05.2019 15:07:49;362
636934360695385557;14.05.2019 15:07:49;362
636934360695854247;14.05.2019 15:07:49;361
636934360696322883;14.05.2019 15:07:49;361
636934360696791479;14.05.2019 15:07:49;361
636934360697416335;14.05.2019 15:07:49;361
636934360697884455;14.05.2019 15:07:49;360
636934360698355559;14.05.2019 15:07:49;362
636934360698825098;14.05.2019 15:07:49;362
636934360699451134;14.05.2019 15:07:49;362
636934360699920024;14.05.2019 15:07:49;361
636934360700389560;14.05.2019 15:07:50;362
636934360700858198;14.05.2019 15:07:50;368
636934360701326917;14.05.2019 15:07:50;373
636934360701950809;14.05.2019 15:07:50;371
636934360702420738;14.05.2019 15:07:50;371
636934360702889628;14.05.2019 15:07:50;370
636934360703358878;14.05.2019 15:07:50;371
636934360703827569;14.05.2019 15:07:50;367
636934360704451533;14.05.2019 15:07:50;364
636934360704920218;14.05.2019 15:07:50;363
636934360705389111;14.05.2019 15:07:50;363
636934360705857769;14.05.2019 15:07:50;362
636934360706483517;14.05.2019 15:07:50;363
636934360706951576;14.05.2019 15:07:50;363
636934360707420799;14.05.2019 15:07:50;362
636934360707888564;14.05.2019 15:07:50;362
636934360708358080;14.05.2019 15:07:50;363
636934360708982903;14.05.2019 15:07:50;367
636934360709452716;14.05.2019 15:07:50;374
636934360709920803;14.05.2019 15:07:50;378
636934360710389120;14.05.2019 15:07:51;373
636934360710857769;14.05.2019 15:07:51;371
636934360711483794;14.05.2019 15:07:51;371
636934360711953330;14.05.2019 15:07:51;369
636934360712421932;14.05.2019 15:07:51;369
636934360713047614;14.05.2019 15:07:51;370
636934360713517546;14.05.2019 15:07:51;370
636934360713987090;14.05.2019 15:07:51;367
636934360714455728;14.05.2019 15:07:51;365
636934360714924773;14.05.2019 15:07:51;364
636934360715549557;14.05.2019 15:07:51;364
636934360716019082;14.05.2019 15:07:51;371
636934360716487975;14.05.2019 15:07:51;369
636934360716959007;14.05.2019 15:07:51;368
636934360717427584;14.05.2019 15:07:51;372
636934360717895341;14.05.2019 15:07:51;374
636934360718521092;14.05.2019 15:07:51;370
636934360718988832;14.05.2019 15:07:51;369
636934360719458083;14.05.2019 15:07:51;368
636934360720082327;14.05.2019 15:07:52;368
636934360720550968;14.05.2019 15:07:52;367
636934360721020539;14.05.2019 15:07:52;371
636934360721489119;14.05.2019 15:07:52;367
636934360721958267;14.05.2019 15:07:52;370
636934360722584157;14.05.2019 15:07:52;372
636934360723053679;14.05.2019 15:07:52;372
636934360723522389;14.05.2019 15:07:52;380
636934360723990988;14.05.2019 15:07:52;386
636934360724459593;14.05.2019 15:07:52;388
636934360725083571;14.05.2019 15:07:52;392
636934360725553098;14.05.2019 15:07:52;401
636934360726021728;14.05.2019 15:07:52;410
636934360726490372;14.05.2019 15:07:52;413
636934360727115222;14.05.2019 15:07:52;416
636934360727583874;14.05.2019 15:07:52;420
636934360728052532;14.05.2019 15:07:52;418
636934360728521147;14.05.2019 15:07:52;411
636934360729145319;14.05.2019 15:07:52;393
636934360729613755;14.05.2019 15:07:52;388
636934360730082399;14.05.2019 15:07:53;384
636934360730551962;14.05.2019 15:07:53;384
636934360731019683;14.05.2019 15:07:53;382
636934360731645407;14.05.2019 15:07:53;382
636934360732115045;14.05.2019 15:07:53;382
636934360732583301;14.05.2019 15:07:53;382
636934360733052875;14.05.2019 15:07:53;381
636934360733520632;14.05.2019 15:07:53;386
636934360734145436;14.05.2019 15:07:53;388
636934360734614947;14.05.2019 15:07:53;390
636934360735082828;14.05.2019 15:07:53;391
636934360735552286;14.05.2019 15:07:53;391
636934360736177123;14.05.2019 15:07:53;393
636934360736644850;14.05.2019 15:07:53;393
636934360737114970;14.05.2019 15:07:53;393
636934360737582655;14.05.2019 15:07:53;393
636934360738052243;14.05.2019 15:07:53;393
636934360738678299;14.05.2019 15:07:53;393
636934360739146497;14.05.2019 15:07:53;396
636934360739616038;14.05.2019 15:07:53;394
636934360740083798;14.05.2019 15:07:54;390
636934360740553666;14.05.2019 15:07:54;390
636934360741178539;14.05.2019 15:07:54;391
636934360741648058;14.05.2019 15:07:54;391
636934360742117907;14.05.2019 15:07:54;392
636934360742585667;14.05.2019 15:07:54;396
636934360743211390;14.05.2019 15:07:54;398
636934360743680399;14.05.2019 15:07:54;400
636934360744149497;14.05.2019 15:07:54;400
636934360744618158;14.05.2019 15:07:54;400
636934360745243815;14.05.2019 15:07:54;401
636934360745712594;14.05.2019 15:07:54;401
636934360746181146;14.05.2019 15:07:54;401
636934360746649817;14.05.2019 15:07:54;402
636934360747118455;14.05.2019 15:07:54;402
636934360747742644;14.05.2019 15:07:54;402
636934360748211994;14.05.2019 15:07:54;402
636934360748680588;14.05.2019 15:07:54;402
636934360749148625;14.05.2019 15:07:54;404
636934360749617041;14.05.2019 15:07:54;403
636934360750241834;14.05.2019 15:07:55;403
636934360750711425;14.05.2019 15:07:55;402
636934360751179991;14.05.2019 15:07:55;403
636934360751650058;14.05.2019 15:07:55;403
636934360752275325;14.05.2019 15:07:55;404
636934360752743087;14.05.2019 15:07:55;403
636934360753212609;14.05.2019 15:07:55;403
636934360753681638;14.05.2019 15:07:55;404
636934360754151218;14.05.2019 15:07:55;404
636934360754776728;14.05.2019 15:07:55;404
636934360755245929;14.05.2019 15:07:55;404
636934360755714497;14.05.2019 15:07:55;404
636934360756183141;14.05.2019 15:07:55;404
636934360756651773;14.05.2019 15:07:55;404
636934360757276644;14.05.2019 15:07:55;404
636934360757745819;14.05.2019 15:07:55;404
636934360758215355;14.05.2019 15:07:55;404
636934360758684001;14.05.2019 15:07:55;404
636934360759308907;14.05.2019 15:07:55;404
636934360759776609;14.05.2019 15:07:55;405
636934360760246134;14.05.2019 15:07:56;404
636934360760714747;14.05.2019 15:07:56;405
636934360761338883;14.05.2019 15:07:56;405
636934360761808488;14.05.2019 15:07:56;405
636934360762276181;14.05.2019 15:07:56;401
636934360762745775;14.05.2019 15:07:56;401
636934360763214704;14.05.2019 15:07:56;399
636934360763684652;14.05.2019 15:07:56;403
636934360764310775;14.05.2019 15:07:56;404
636934360764779432;14.05.2019 15:07:56;406
636934360765248954;14.05.2019 15:07:56;405
636934360765717589;14.05.2019 15:07:56;401
636934360766342836;14.05.2019 15:07:56;397
636934360766812821;14.05.2019 15:07:56;396
636934360767281481;14.05.2019 15:07:56;395
636934360767751355;14.05.2019 15:07:56;394
636934360768377139;14.05.2019 15:07:56;393
636934360768845752;14.05.2019 15:07:56;394
636934360769315083;14.05.2019 15:07:56;394
636934360769784585;14.05.2019 15:07:56;393
636934360770253268;14.05.2019 15:07:57;393
636934360770878645;14.05.2019 15:07:57;393
636934360771349408;14.05.2019 15:07:57;393
636934360771817420;14.05.2019 15:07:57;393
636934360772287080;14.05.2019 15:07:57;393
636934360772756996;14.05.2019 15:07:57;394
636934360773383096;14.05.2019 15:07:57;394
636934360773851734;14.05.2019 15:07:57;394
636934360774321572;14.05.2019 15:07:57;394
636934360774791118;14.05.2019 15:07:57;395
636934360775415961;14.05.2019 15:07:57;395
636934360775883726;14.05.2019 15:07:57;395
636934360776353245;14.05.2019 15:07:57;395
636934360776821847;14.05.2019 15:07:57;396
636934360777289649;14.05.2019 15:07:57;395
636934360777916904;14.05.2019 15:07:57;395
636934360778385564;14.05.2019 15:07:57;395
636934360778855075;14.05.2019 15:07:57;395
636934360779324087;14.05.2019 15:07:57;396
636934360779793640;14.05.2019 15:07:57;396
636934360780418452;14.05.2019 15:07:58;397
636934360780887644;14.05.2019 15:07:58;398
636934360781357179;14.05.2019 15:07:58;397
636934360781981410;14.05.2019 15:07:58;398
636934360782450084;14.05.2019 15:07:58;399
636934360782919309;14.05.2019 15:07:58;396
636934360783387953;14.05.2019 15:07:58;396
636934360783856605;14.05.2019 15:07:58;396
636934360784481486;14.05.2019 15:07:58;395
636934360784949506;14.05.2019 15:07:58;395
636934360785418765;14.05.2019 15:07:58;396
636934360785887788;14.05.2019 15:07:58;395
636934360786357326;14.05.2019 15:07:58;395
636934360786981299;14.05.2019 15:07:58;396
636934360787450657;14.05.2019 15:07:58;397
636934360787919761;14.05.2019 15:07:58;398
636934360788389294;14.05.2019 15:07:58;400
636934360788857053;14.05.2019 15:07:58;401
636934360789481915;14.05.2019 15:07:58;401
636934360789951806;14.05.2019 15:07:58;402
636934360790421413;14.05.2019 15:07:59;402
636934360790890303;14.05.2019 15:07:59;401
636934360791517429;14.05.2019 15:07:59;399
636934360791986416;14.05.2019 15:07:59;398
636934360792455273;14.05.2019 15:07:59;397
636934360792925097;14.05.2019 15:07:59;397
636934360793394616;14.05.2019 15:07:59;397
636934360794019486;14.05.2019 15:07:59;397
636934360794488130;14.05.2019 15:07:59;397
636934360794956734;14.05.2019 15:07:59;397
636934360795425417;14.05.2019 15:07:59;397
636934360795894052;14.05.2019 15:07:59;398
636934360796518906;14.05.2019 15:07:59;398
636934360796986663;14.05.2019 15:07:59;398
636934360797456179;14.05.2019 15:07:59;398
636934360798080401;14.05.2019 15:07:59;398
636934360798550164;14.05.2019 15:07:59;398
636934360799020519;14.05.2019 15:07:59;398
636934360799491269;14.05.2019 15:07:59;398
636934360799959901;14.05.2019 15:07:59;399
636934360800428536;14.05.2019 15:08:00;399
636934360801053747;14.05.2019 15:08:00;399
636934360801522770;14.05.2019 15:08:00;400
636934360801991971;14.05.2019 15:08:00;401
636934360802460609;14.05.2019 15:08:00;402
636934360802929253;14.05.2019 15:08:00;402
636934360803555494;14.05.2019 15:08:00;405
636934360804024423;14.05.2019 15:08:00;404
636934360804493964;14.05.2019 15:08:00;406
636934360805118790;14.05.2019 15:08:00;406
636934360805587509;14.05.2019 15:08:00;405
636934360806056457;14.05.2019 15:08:00;405
636934360806526073;14.05.2019 15:08:00;405
636934360806994706;14.05.2019 15:08:00;404
636934360807619977;14.05.2019 15:08:00;404
636934360808089629;14.05.2019 15:08:00;404
636934360808559783;14.05.2019 15:08:00;406
636934360809029324;14.05.2019 15:08:00;405
636934360809497655;14.05.2019 15:08:00;406
636934360810122517;14.05.2019 15:08:01;404
636934360810592415;14.05.2019 15:08:01;406
636934360811062350;14.05.2019 15:08:01;405
636934360811532318;14.05.2019 15:08:01;406
636934360812159734;14.05.2019 15:08:01;405
636934360812629683;14.05.2019 15:08:01;405
636934360813098343;14.05.2019 15:08:01;408
636934360813567868;14.05.2019 15:08:01;407
636934360814036866;14.05.2019 15:08:01;409
636934360814662830;14.05.2019 15:08:01;408
636934360815132383;14.05.2019 15:08:01;409
636934360815601046;14.05.2019 15:08:01;409
636934360816070069;14.05.2019 15:08:01;411
636934360816538729;14.05.2019 15:08:01;410
636934360817165677;14.05.2019 15:08:01;410
636934360817634348;14.05.2019 15:08:01;411
636934360818102961;14.05.2019 15:08:01;410
636934360818571597;14.05.2019 15:08:01;410
636934360819196453;14.05.2019 15:08:01;411
636934360819665080;14.05.2019 15:08:01;410
636934360820133721;14.05.2019 15:08:02;411
636934360820602423;14.05.2019 15:08:02;412
636934360821071036;14.05.2019 15:08:02;411
636934360821696183;14.05.2019 15:08:02;412
636934360822164843;14.05.2019 15:08:02;411
636934360822634373;14.05.2019 15:08:02;411
636934360823103427;14.05.2019 15:08:02;411
636934360823573001;14.05.2019 15:08:02;411
636934360824199176;14.05.2019 15:08:02;411
636934360824667729;14.05.2019 15:08:02;411
636934360825136372;14.05.2019 15:08:02;411
636934360825605093;14.05.2019 15:08:02;411
636934360826230207;14.05.2019 15:08:02;413
636934360826699776;14.05.2019 15:08:02;412
636934360827169658;14.05.2019 15:08:02;412
636934360827638302;14.05.2019 15:08:02;413
636934360828264532;14.05.2019 15:08:02;413
636934360828733107;14.05.2019 15:08:02;413
636934360829201615;14.05.2019 15:08:02;414
636934360829670715;14.05.2019 15:08:02;413
636934360830140237;14.05.2019 15:08:03;414
636934360830765697;14.05.2019 15:08:03;413
636934360831235244;14.05.2019 15:08:03;414
636934360831705531;14.05.2019 15:08:03;415
636934360832174188;14.05.2019 15:08:03;415
636934360832644308;14.05.2019 15:08:03;415
636934360833269181;14.05.2019 15:08:03;414
636934360833738700;14.05.2019 15:08:03;414
636934360834207366;14.05.2019 15:08:03;414
636934360834676001;14.05.2019 15:08:03;414
636934360835302052;14.05.2019 15:08:03;415
636934360835770729;14.05.2019 15:08:03;415
636934360836239342;14.05.2019 15:08:03;417
636934360836708002;14.05.2019 15:08:03;419
636934360837176640;14.05.2019 15:08:03;418
636934360837801458;14.05.2019 15:08:03;418
636934360838270098;14.05.2019 15:08:03;418
636934360838738736;14.05.2019 15:08:03;416
636934360839207383;14.05.2019 15:08:03;417
636934360839676038;14.05.2019 15:08:03;418
636934360840299996;14.05.2019 15:08:04;416
636934360840769512;14.05.2019 15:08:04;417
636934360841238170;14.05.2019 15:08:04;416
636934360841706766;14.05.2019 15:08:04;418
636934360842331030;14.05.2019 15:08:04;418
636934360842800718;14.05.2019 15:08:04;419
636934360843270256;14.05.2019 15:08:04;417
636934360843738019;14.05.2019 15:08:04;419
636934360844362919;14.05.2019 15:08:04;419
636934360844832408;14.05.2019 15:08:04;419
636934360845301030;14.05.2019 15:08:04;417
636934360845770125;14.05.2019 15:08:04;418
636934360846239730;14.05.2019 15:08:04;419
636934360846863638;14.05.2019 15:08:04;416
636934360847333152;14.05.2019 15:08:04;415
636934360847802236;14.05.2019 15:08:04;417
636934360848271819;14.05.2019 15:08:04;416
636934360848741596;14.05.2019 15:08:04;414
636934360849365601;14.05.2019 15:08:04;416
636934360849835120;14.05.2019 15:08:04;417
636934360850303772;14.05.2019 15:08:05;417
636934360850772798;14.05.2019 15:08:05;418
636934360851397921;14.05.2019 15:08:05;418
636934360851866603;14.05.2019 15:08:05;418
636934360852335230;14.05.2019 15:08:05;418
636934360852803810;14.05.2019 15:08:05;418
636934360853272448;14.05.2019 15:08:05;418
636934360853897964;14.05.2019 15:08:05;418
636934360854366599;14.05.2019 15:08:05;419
636934360854835237;14.05.2019 15:08:05;418
636934360855303897;14.05.2019 15:08:05;418
636934360855772532;14.05.2019 15:08:05;418
636934360856397793;14.05.2019 15:08:05;414
636934360856866750;14.05.2019 15:08:05;413
636934360857336286;14.05.2019 15:08:05;414
636934360857805156;14.05.2019 15:08:05;415
636934360858430910;14.05.2019 15:08:05;418
636934360858899548;14.05.2019 15:08:05;418
636934360859368189;14.05.2019 15:08:05;416
636934360859836827;14.05.2019 15:08:05;417
636934360860460800;14.05.2019 15:08:06;418
636934360860931823;14.05.2019 15:08:06;418
636934360861401786;14.05.2019 15:08:06;418
636934360861871327;14.05.2019 15:08:06;419
636934360862340333;14.05.2019 15:08:06;418
636934360862809875;14.05.2019 15:08:06;418
636934360863436302;14.05.2019 15:08:06;419
636934360863905851;14.05.2019 15:08:06;418
636934360864375692;14.05.2019 15:08:06;419
636934360864844363;14.05.2019 15:08:06;420
636934360865469242;14.05.2019 15:08:06;419
636934360865937885;14.05.2019 15:08:06;419
636934360866406448;14.05.2019 15:08:06;420
636934360866875474;14.05.2019 15:08:06;420
636934360867501225;14.05.2019 15:08:06;419
636934360867971673;14.05.2019 15:08:06;420
636934360868441206;14.05.2019 15:08:06;420
636934360868909813;14.05.2019 15:08:06;420
636934360869377612;14.05.2019 15:08:06;420
636934360870003338;14.05.2019 15:08:07;420
636934360870472040;14.05.2019 15:08:07;420
636934360870940622;14.05.2019 15:08:07;420
636934360871409260;14.05.2019 15:08:07;421
636934360871877029;14.05.2019 15:08:07;421
636934360872501871;14.05.2019 15:08:07;421
636934360872971446;14.05.2019 15:08:07;420
636934360873440350;14.05.2019 15:08:07;419
636934360873909880;14.05.2019 15:08:07;420
636934360874533902;14.05.2019 15:08:07;419
636934360875002501;14.05.2019 15:08:07;420
636934360875472059;14.05.2019 15:08:07;419
636934360875940700;14.05.2019 15:08:07;420
636934360876409385;14.05.2019 15:08:07;421
636934360877034280;14.05.2019 15:08:07;422
636934360877502863;14.05.2019 15:08:07;422
636934360877971501;14.05.2019 15:08:07;423
636934360878440480;14.05.2019 15:08:07;422
636934360878910024;14.05.2019 15:08:07;423
636934360879533993;14.05.2019 15:08:07;423
636934360880003892;14.05.2019 15:08:08;422
636934360880473464;14.05.2019 15:08:08;421
636934360881097719;14.05.2019 15:08:08;424
636934360881566917;14.05.2019 15:08:08;423
636934360882034685;14.05.2019 15:08:08;423
636934360882504240;14.05.2019 15:08:08;424
636934360882973280;14.05.2019 15:08:08;423
636934360883599455;14.05.2019 15:08:08;423
636934360884070154;14.05.2019 15:08:08;425
636934360884537942;14.05.2019 15:08:08;424
636934360885007499;14.05.2019 15:08:08;424
636934360885476107;14.05.2019 15:08:08;424
636934360886100606;14.05.2019 15:08:08;423
636934360886569623;14.05.2019 15:08:08;423
636934360887037353;14.05.2019 15:08:08;424
636934360887508047;14.05.2019 15:08:08;424
636934360888132920;14.05.2019 15:08:08;424
636934360888600660;14.05.2019 15:08:08;424
636934360889070656;14.05.2019 15:08:08;424
636934360889539316;14.05.2019 15:08:08;424
636934360890010331;14.05.2019 15:08:09;424
636934360890635439;14.05.2019 15:08:09;424
636934360891105055;14.05.2019 15:08:09;423
636934360891573685;14.05.2019 15:08:09;423
636934360892041381;14.05.2019 15:08:09;423
636934360892511069;14.05.2019 15:08:09;424
636934360893135873;14.05.2019 15:08:09;424
636934360893606159;14.05.2019 15:08:09;425
636934360894077335;14.05.2019 15:08:09;424
636934360894545993;14.05.2019 15:08:09;424
636934360895172099;14.05.2019 15:08:09;424
636934360895641706;14.05.2019 15:08:09;423
636934360896110760;14.05.2019 15:08:09;423
636934360896580312;14.05.2019 15:08:09;423
636934360897048050;14.05.2019 15:08:09;422
636934360897673796;14.05.2019 15:08:09;421
636934360898142417;14.05.2019 15:08:09;421
636934360898611698;14.05.2019 15:08:09;421
636934360899080641;14.05.2019 15:08:09;420
636934360899548999;14.05.2019 15:08:09;419
636934360900176335;14.05.2019 15:08:10;419
636934360900645876;14.05.2019 15:08:10;418
636934360901114509;14.05.2019 15:08:10;418
636934360901582271;14.05.2019 15:08:10;418
636934360902208039;14.05.2019 15:08:10;417
636934360902676987;14.05.2019 15:08:10;416
636934360903146592;14.05.2019 15:08:10;417
636934360903615610;14.05.2019 15:08:10;415
636934360904241358;14.05.2019 15:08:10;416
636934360904710420;14.05.2019 15:08:10;417
636934360905179078;14.05.2019 15:08:10;415
636934360905648835;14.05.2019 15:08:10;415
636934360906118700;14.05.2019 15:08:10;416
636934360906743881;14.05.2019 15:08:10;415
636934360907213173;14.05.2019 15:08:10;415
636934360907681850;14.05.2019 15:08:10;415
636934360908149490;14.05.2019 15:08:10;414
636934360908619095;14.05.2019 15:08:10;414
636934360909242990;14.05.2019 15:08:10;414
636934360909712662;14.05.2019 15:08:10;413
636934360910181183;14.05.2019 15:08:11;413
636934360910650176;14.05.2019 15:08:11;412
636934360911275891;14.05.2019 15:08:11;412
636934360911745396;14.05.2019 15:08:11;412
636934360912215312;14.05.2019 15:08:11;412
636934360912684845;14.05.2019 15:08:11;411
636934360913153535;14.05.2019 15:08:11;410
636934360913779611;14.05.2019 15:08:11;410
636934360914248634;14.05.2019 15:08:11;409
636934360914718208;14.05.2019 15:08:11;410
636934360915186846;14.05.2019 15:08:11;411
636934360915655991;14.05.2019 15:08:11;411
636934360916283106;14.05.2019 15:08:11;406
636934360916752206;14.05.2019 15:08:11;403
636934360917222149;14.05.2019 15:08:11;403
636934360917692159;14.05.2019 15:08:11;403
636934360918319118;14.05.2019 15:08:11;403
636934360918786828;14.05.2019 15:08:11;402
636934360919256588;14.05.2019 15:08:11;403
636934360919726121;14.05.2019 15:08:11;403
636934360920195230;14.05.2019 15:08:12;403
636934360920821233;14.05.2019 15:08:12;403
636934360921290126;14.05.2019 15:08:12;403
636934360921759970;14.05.2019 15:08:12;404
636934360922229696;14.05.2019 15:08:12;404
636934360922698357;14.05.2019 15:08:12;404
636934360923325573;14.05.2019 15:08:12;404
636934360923796539;14.05.2019 15:08:12;405
636934360924266667;14.05.2019 15:08:12;405
636934360924735347;14.05.2019 15:08:12;405
636934360925361436;14.05.2019 15:08:12;405
636934360925831379;14.05.2019 15:08:12;406
636934360926300012;14.05.2019 15:08:12;406
636934360926769769;14.05.2019 15:08:12;406
636934360927238424;14.05.2019 15:08:12;406
636934360927864164;14.05.2019 15:08:12;407
636934360928333217;14.05.2019 15:08:12;407
636934360928802728;14.05.2019 15:08:12;407
636934360929271898;14.05.2019 15:08:12;407
636934360929740564;14.05.2019 15:08:12;408
636934360930366293;14.05.2019 15:08:13;408
636934360930835200;14.05.2019 15:08:13;408
636934360931304771;14.05.2019 15:08:13;409
636934360931773390;14.05.2019 15:08:13;409
636934360932398235;14.05.2019 15:08:13;409
636934360932866868;14.05.2019 15:08:13;409
636934360933335559;14.05.2019 15:08:13;410
636934360933804149;14.05.2019 15:08:13;410
636934360934430131;14.05.2019 15:08:13;410
636934360934898774;14.05.2019 15:08:13;410
636934360935369100;14.05.2019 15:08:13;410
636934360935838668;14.05.2019 15:08:13;411
636934360936306401;14.05.2019 15:08:13;411
636934360936776291;14.05.2019 15:08:13;411
636934360937402081;14.05.2019 15:08:13;411
636934360937870672;14.05.2019 15:08:13;412
636934360938339326;14.05.2019 15:08:13;412
636934360938808003;14.05.2019 15:08:13;412
636934360939431940;14.05.2019 15:08:13;412
636934360939901456;14.05.2019 15:08:13;412
636934360940370091;14.05.2019 15:08:14;412
636934360940838774;14.05.2019 15:08:14;412
636934360941463630;14.05.2019 15:08:14;413
636934360941931645;14.05.2019 15:08:14;413
636934360942400912;14.05.2019 15:08:14;413
636934360942869566;14.05.2019 15:08:14;413
636934360943338193;14.05.2019 15:08:14;413
636934360943963039;14.05.2019 15:08:14;414
636934360944430768;14.05.2019 15:08:14;413
636934360944900320;14.05.2019 15:08:14;414
636934360945368961;14.05.2019 15:08:14;416
636934360945837663;14.05.2019 15:08:14;415
636934360946462774;14.05.2019 15:08:14;415
636934360946932348;14.05.2019 15:08:14;416
636934360947400986;14.05.2019 15:08:14;417
636934360947869633;14.05.2019 15:08:14;417
636934360948494481;14.05.2019 15:08:14;418
636934360948963208;14.05.2019 15:08:14;416
636934360949430856;14.05.2019 15:08:14;420
636934360949900484;14.05.2019 15:08:14;424
636934360950525296;14.05.2019 15:08:15;425
636934360950993947;14.05.2019 15:08:15;427
636934360951462541;14.05.2019 15:08:15;429
636934360951931176;14.05.2019 15:08:15;428
636934360952399815;14.05.2019 15:08:15;429
636934360953024682;14.05.2019 15:08:15;430
636934360953493375;14.05.2019 15:08:15;429
636934360953961955;14.05.2019 15:08:15;429
636934360954429673;14.05.2019 15:08:15;430
636934360954899231;14.05.2019 15:08:15;430
636934360955567403;14.05.2019 15:08:15;429
636934360956001866;14.05.2019 15:08:15;430
636934360956470507;14.05.2019 15:08:15;429
636934360956938219;14.05.2019 15:08:15;429
636934360957564026;14.05.2019 15:08:15;429
636934360958032650;14.05.2019 15:08:15;423
636934360958501283;14.05.2019 15:08:15;415
636934360958969918;14.05.2019 15:08:15;411
636934360959438525;14.05.2019 15:08:15;408
636934360960063432;14.05.2019 15:08:16;413
636934360960532053;14.05.2019 15:08:16;419
636934360961000694;14.05.2019 15:08:16;422
636934360961469329;14.05.2019 15:08:16;424
636934360961937047;14.05.2019 15:08:16;426
636934360962562857;14.05.2019 15:08:16;427
636934360963031475;14.05.2019 15:08:16;427
636934360963500172;14.05.2019 15:08:16;427
636934360963968746;14.05.2019 15:08:16;428
636934360964593597;14.05.2019 15:08:16;428
636934360965062262;14.05.2019 15:08:16;428
636934360965530878;14.05.2019 15:08:16;429
636934360965999522;14.05.2019 15:08:16;429
636934360966624411;14.05.2019 15:08:16;429
636934360967093036;14.05.2019 15:08:16;430
636934360967561685;14.05.2019 15:08:16;421
636934360968030303;14.05.2019 15:08:16;416
636934360968498933;14.05.2019 15:08:16;423
636934360969123183;14.05.2019 15:08:16;425
636934360969592896;14.05.2019 15:08:16;427
636934360970061476;14.05.2019 15:08:17;428
636934360970530150;14.05.2019 15:08:17;428
636934360970998760;14.05.2019 15:08:17;428
636934360971622605;14.05.2019 15:08:17;428
636934360972092263;14.05.2019 15:08:17;428
636934360972560890;14.05.2019 15:08:17;429
636934360973029528;14.05.2019 15:08:17;428
636934360973654381;14.05.2019 15:08:17;427
636934360974122066;14.05.2019 15:08:17;427
636934360974591666;14.05.2019 15:08:17;427
636934360975060309;14.05.2019 15:08:17;426
636934360975528978;14.05.2019 15:08:17;426
636934360976153798;14.05.2019 15:08:17;426
636934360976621444;14.05.2019 15:08:17;425
636934360977091077;14.05.2019 15:08:17;422
636934360977559718;14.05.2019 15:08:17;422
636934360978028358;14.05.2019 15:08:17;422
636934360978653212;14.05.2019 15:08:17;423
636934360979121792;14.05.2019 15:08:17;423
636934360979590410;14.05.2019 15:08:17;423
636934360980215272;14.05.2019 15:08:18;423
636934360980683910;14.05.2019 15:08:18;423
636934360981152557;14.05.2019 15:08:18;422
636934360981621206;14.05.2019 15:08:18;421
636934360982089830;14.05.2019 15:08:18;422
636934360982714678;14.05.2019 15:08:18;422
636934360983183258;14.05.2019 15:08:18;422
636934360983651971;14.05.2019 15:08:18;419
636934360984119706;14.05.2019 15:08:18;418
636934360984589250;14.05.2019 15:08:18;417
636934360985214089;14.05.2019 15:08:18;417
636934360985682752;14.05.2019 15:08:18;417
636934360986151371;14.05.2019 15:08:18;418
636934360986619089;14.05.2019 15:08:18;417
636934360987244865;14.05.2019 15:08:18;418
636934360987713523;14.05.2019 15:08:18;418
636934360988182152;14.05.2019 15:08:18;418
636934360988650790;14.05.2019 15:08:18;418
636934360989275400;14.05.2019 15:08:18;419
636934360989744299;14.05.2019 15:08:18;418
636934360990212923;14.05.2019 15:08:19;419
636934360990681561;14.05.2019 15:08:19;419
636934360991150105;14.05.2019 15:08:19;419
636934360991774133;14.05.2019 15:08:19;419
636934360992243693;14.05.2019 15:08:19;420
636934360992712351;14.05.2019 15:08:19;419
636934360993181036;14.05.2019 15:08:19;419
636934360993648693;14.05.2019 15:08:19;420
636934360994273558;14.05.2019 15:08:19;419
636934360994743105;14.05.2019 15:08:19;419
636934360995211751;14.05.2019 15:08:19;420
636934360995680389;14.05.2019 15:08:19;419
636934360996304708;14.05.2019 15:08:19;420
636934360996773368;14.05.2019 15:08:19;419
636934360997243001;14.05.2019 15:08:19;420
636934360997711641;14.05.2019 15:08:19;419
636934360998180285;14.05.2019 15:08:19;420
636934360998805133;14.05.2019 15:08:19;420
636934360999273087;14.05.2019 15:08:19;420
636934360999742470;14.05.2019 15:08:19;420
636934361000211061;14.05.2019 15:08:20;420
636934361000679696;14.05.2019 15:08:20;420
636934361001304558;14.05.2019 15:08:20;420
636934361001773501;14.05.2019 15:08:20;420
636934361002243075;14.05.2019 15:08:20;420
636934361002711713;14.05.2019 15:08:20;420
636934361003336852;14.05.2019 15:08:20;420
636934361003806424;14.05.2019 15:08:20;420
636934361004275070;14.05.2019 15:08:20;420
636934361004743706;14.05.2019 15:08:20;421
636934361005368568;14.05.2019 15:08:20;420
636934361005837197;14.05.2019 15:08:20;421
636934361006304963;14.05.2019 15:08:20;421
636934361006774479;14.05.2019 15:08:20;421
636934361007243120;14.05.2019 15:08:20;421
636934361007867984;14.05.2019 15:08:20;421
636934361008336611;14.05.2019 15:08:20;421
636934361008804607;14.05.2019 15:08:20;421
636934361009273899;14.05.2019 15:08:20;421
636934361009742537;14.05.2019 15:08:20;422
636934361010367385;14.05.2019 15:08:21;421
636934361010836034;14.05.2019 15:08:21;421
636934361011304669;14.05.2019 15:08:21;422
636934361011773274;14.05.2019 15:08:21;422
636934361012398122;14.05.2019 15:08:21;423
636934361012866810;14.05.2019 15:08:21;424
636934361013335439;14.05.2019 15:08:21;422
636934361013804083;14.05.2019 15:08:21;422
636934361014272732;14.05.2019 15:08:21;423
636934361014896890;14.05.2019 15:08:21;422
636934361015366218;14.05.2019 15:08:21;423
636934361015834853;14.05.2019 15:08:21;424
636934361016303494;14.05.2019 15:08:21;425
636934361016772099;14.05.2019 15:08:21;425
636934361017396947;14.05.2019 15:08:21;426
636934361017865640;14.05.2019 15:08:21;426
636934361018334267;14.05.2019 15:08:21;427
636934361018959129;14.05.2019 15:08:21;428
636934361019426847;14.05.2019 15:08:21;428
636934361019895765;14.05.2019 15:08:21;428
636934361020364426;14.05.2019 15:08:22;429
636934361020833041;14.05.2019 15:08:22;429
636934361021457895;14.05.2019 15:08:22;429
636934361021926533;14.05.2019 15:08:22;430
636934361022395182;14.05.2019 15:08:22;430
636934361022863823;14.05.2019 15:08:22;429
636934361023332447;14.05.2019 15:08:22;428
636934361023957334;14.05.2019 15:08:22;428
636934361024425942;14.05.2019 15:08:22;428
636934361024894580;14.05.2019 15:08:22;428
636934361025362957;14.05.2019 15:08:22;429
636934361025987816;14.05.2019 15:08:22;428
636934361026456729;14.05.2019 15:08:22;429
636934361026925375;14.05.2019 15:08:22;428
636934361027393736;14.05.2019 15:08:22;429
636934361028018587;14.05.2019 15:08:22;428
636934361028487441;14.05.2019 15:08:22;429
636934361028956760;14.05.2019 15:08:22;430
636934361029424772;14.05.2019 15:08:22;429
636934361029893419;14.05.2019 15:08:22;429
636934361030518001;14.05.2019 15:08:23;429
636934361030986883;14.05.2019 15:08:23;429
636934361031456213;14.05.2019 15:08:23;429
636934361031924873;14.05.2019 15:08:23;429
636934361032393714;14.05.2019 15:08:23;430
636934361033018365;14.05.2019 15:08:23;430
636934361033487003;14.05.2019 15:08:23;431
636934361033955647;14.05.2019 15:08:23;430
636934361034424285;14.05.2019 15:08:23;430
636934361035049133;14.05.2019 15:08:23;431
636934361035517771;14.05.2019 15:08:23;430
636934361035986412;14.05.2019 15:08:23;431
636934361036455055;14.05.2019 15:08:23;430
636934361036923696;14.05.2019 15:08:23;431
636934361037548544;14.05.2019 15:08:23;430
636934361038017182;14.05.2019 15:08:23;431
636934361038485826;14.05.2019 15:08:23;430
636934361038954469;14.05.2019 15:08:23;431
636934361039423107;14.05.2019 15:08:23;430
636934361040047963;14.05.2019 15:08:24;431
636934361040516604;14.05.2019 15:08:24;431
636934361040985242;14.05.2019 15:08:24;432
636934361041453883;14.05.2019 15:08:24;431
636934361042078734;14.05.2019 15:08:24;431
636934361042547372;14.05.2019 15:08:24;432
636934361043016013;14.05.2019 15:08:24;431
636934361043485540;14.05.2019 15:08:24;431
636934361044110399;14.05.2019 15:08:24;432
636934361044579029;14.05.2019 15:08:24;431
636934361045047664;14.05.2019 15:08:24;431
636934361045516355;14.05.2019 15:08:24;431
636934361045984987;14.05.2019 15:08:24;431
636934361046609805;14.05.2019 15:08:24;431
636934361047078443;14.05.2019 15:08:24;432
636934361047547123;14.05.2019 15:08:24;432
636934361048014846;14.05.2019 15:08:24;432
636934361048484399;14.05.2019 15:08:24;432
636934361049108341;14.05.2019 15:08:24;432
636934361049578331;14.05.2019 15:08:24;432
636934361050047966;14.05.2019 15:08:25;432
636934361050515884;14.05.2019 15:08:25;432
636934361051141452;14.05.2019 15:08:25;431
636934361051610052;14.05.2019 15:08:25;432
636934361052078701;14.05.2019 15:08:25;431
636934361052547325;14.05.2019 15:08:25;431
636934361053171236;14.05.2019 15:08:25;431
636934361053640877;14.05.2019 15:08:25;431
636934361054109513;14.05.2019 15:08:25;431
636934361054578431;14.05.2019 15:08:25;432
636934361055048091;14.05.2019 15:08:25;431
636934361055516721;14.05.2019 15:08:25;432
636934361056141574;14.05.2019 15:08:25;432
636934361056610215;14.05.2019 15:08:25;432
636934361057078856;14.05.2019 15:08:25;432
636934361057547497;14.05.2019 15:08:25;432
636934361058171356;14.05.2019 15:08:25;433
636934361058640983;14.05.2019 15:08:25;434
636934361059110011;14.05.2019 15:08:25;433
636934361059579702;14.05.2019 15:08:25;434
636934361060204523;14.05.2019 15:08:26;435
636934361060672163;14.05.2019 15:08:26;433
636934361061141799;14.05.2019 15:08:26;433
636934361061610437;14.05.2019 15:08:26;433
636934361062079080;14.05.2019 15:08:26;431
636934361062703937;14.05.2019 15:08:26;431
636934361063172572;14.05.2019 15:08:26;432
636934361063641213;14.05.2019 15:08:26;431
636934361064109851;14.05.2019 15:08:26;431
636934361064578550;14.05.2019 15:08:26;435
636934361065203351;14.05.2019 15:08:26;435
636934361065671994;14.05.2019 15:08:26;436
636934361066140627;14.05.2019 15:08:26;437
636934361066765483;14.05.2019 15:08:26;436
636934361067234127;14.05.2019 15:08:26;436
636934361067702762;14.05.2019 15:08:26;436
636934361068171400;14.05.2019 15:08:26;437
636934361068640043;14.05.2019 15:08:26;437
636934361069265188;14.05.2019 15:08:26;438
636934361069734809;14.05.2019 15:08:26;438
636934361070203400;14.05.2019 15:08:27;438
636934361070672047;14.05.2019 15:08:27;438
636934361071140679;14.05.2019 15:08:27;440
636934361071765541;14.05.2019 15:08:27;440
636934361072234179;14.05.2019 15:08:27;440
636934361072701900;14.05.2019 15:08:27;445
636934361073171469;14.05.2019 15:08:27;446
636934361073796312;14.05.2019 15:08:27;448
636934361074264689;14.05.2019 15:08:27;448
636934361074733602;14.05.2019 15:08:27;446
636934361075201314;14.05.2019 15:08:27;445
636934361075670878;14.05.2019 15:08:27;442
636934361076296072;14.05.2019 15:08:27;443
636934361076764732;14.05.2019 15:08:27;443
636934361077234393;14.05.2019 15:08:27;443
636934361077703006;14.05.2019 15:08:27;443
636934361078171646;14.05.2019 15:08:27;444
636934361078796508;14.05.2019 15:08:27;443
636934361079265144;14.05.2019 15:08:27;444
636934361079733782;14.05.2019 15:08:27;444
636934361080201433;14.05.2019 15:08:28;444
636934361080827298;14.05.2019 15:08:28;444
636934361081295925;14.05.2019 15:08:28;444
636934361081764558;14.05.2019 15:08:28;444
636934361082233165;14.05.2019 15:08:28;445
636934361082857969;14.05.2019 15:08:28;445
636934361083326612;14.05.2019 15:08:28;445
636934361083795250;14.05.2019 15:08:28;445
636934361084263888;14.05.2019 15:08:28;445
636934361084732499;14.05.2019 15:08:28;445
636934361085357341;14.05.2019 15:08:28;445
636934361085826026;14.05.2019 15:08:28;446
636934361086295108;14.05.2019 15:08:28;445
636934361086764114;14.05.2019 15:08:28;447
636934361087234121;14.05.2019 15:08:28;445
636934361087859883;14.05.2019 15:08:28;446
636934361088328516;14.05.2019 15:08:28;447
636934361088798464;14.05.2019 15:08:28;446
636934361089267158;14.05.2019 15:08:28;446
636934361089893264;14.05.2019 15:08:28;446
636934361090361436;14.05.2019 15:08:29;446
636934361090830581;14.05.2019 15:08:29;446
636934361091299219;14.05.2019 15:08:29;447
636934361091767871;14.05.2019 15:08:29;446
636934361092392733;14.05.2019 15:08:29;446
636934361092860493;14.05.2019 15:08:29;447
636934361093330342;14.05.2019 15:08:29;446
636934361093799930;14.05.2019 15:08:29;446
636934361094269058;14.05.2019 15:08:29;447
636934361094895131;14.05.2019 15:08:29;446
636934361095364739;14.05.2019 15:08:29;446
636934361095833374;14.05.2019 15:08:29;447
636934361096302018;14.05.2019 15:08:29;447
636934361096926924;14.05.2019 15:08:29;446
636934361097395573;14.05.2019 15:08:29;447
636934361097864205;14.05.2019 15:08:29;447
636934361098332854;14.05.2019 15:08:29;446
636934361098957694;14.05.2019 15:08:29;447
636934361099426335;14.05.2019 15:08:29;447
636934361099894967;14.05.2019 15:08:29;446
636934361100363567;14.05.2019 15:08:30;447
636934361100832496;14.05.2019 15:08:30;447
636934361101458363;14.05.2019 15:08:30;447
636934361101927004;14.05.2019 15:08:30;447
636934361102394647;14.05.2019 15:08:30;447
636934361102864208;14.05.2019 15:08:30;447
636934361103332846;14.05.2019 15:08:30;447
636934361103957705;14.05.2019 15:08:30;447
636934361104426332;14.05.2019 15:08:30;447
636934361104894690;14.05.2019 15:08:30;447
636934361105363625;14.05.2019 15:08:30;448
636934361105988429;14.05.2019 15:08:30;448
636934361106457119;14.05.2019 15:08:30;448
636934361106925754;14.05.2019 15:08:30;447
636934361107394420;14.05.2019 15:08:30;448
636934361107863033;14.05.2019 15:08:30;448
636934361108487887;14.05.2019 15:08:30;448
636934361108956528;14.05.2019 15:08:30;449
636934361109425246;14.05.2019 15:08:30;448
636934361109892881;14.05.2019 15:08:30;448
636934361110362536;14.05.2019 15:08:31;449
636934361110987381;14.05.2019 15:08:31;448
636934361111456025;14.05.2019 15:08:31;448
636934361111924657;14.05.2019 15:08:31;449
636934361112392575;14.05.2019 15:08:31;448
636934361113017157;14.05.2019 15:08:31;448
636934361113486798;14.05.2019 15:08:31;450
636934361113955793;14.05.2019 15:08:31;448
636934361114425368;14.05.2019 15:08:31;449
636934361115050227;14.05.2019 15:08:31;450
636934361115518862;14.05.2019 15:08:31;449
636934361115987500;14.05.2019 15:08:31;449
636934361116456161;14.05.2019 15:08:31;450
636934361116924790;14.05.2019 15:08:31;449
636934361117549655;14.05.2019 15:08:31;449
636934361118018279;14.05.2019 15:08:31;450
636934361118486942;14.05.2019 15:08:31;449
636934361118955575;14.05.2019 15:08:31;449
636934361119423285;14.05.2019 15:08:31;449
636934361120049050;14.05.2019 15:08:32;449
636934361120517688;14.05.2019 15:08:32;449
636934361120986370;14.05.2019 15:08:32;449
636934361121611492;14.05.2019 15:08:32;449
636934361122081072;14.05.2019 15:08:32;449
636934361122549708;14.05.2019 15:08:32;449
636934361123018348;14.05.2019 15:08:32;449
636934361123486984;14.05.2019 15:08:32;449
636934361124111433;14.05.2019 15:08:32;450
636934361124579566;14.05.2019 15:08:32;449
636934361125049127;14.05.2019 15:08:32;449
636934361125517787;14.05.2019 15:08:32;450
636934361125985486;14.05.2019 15:08:32;449
636934361126610334;14.05.2019 15:08:32;448
636934361127079975;14.05.2019 15:08:32;448
636934361127548538;14.05.2019 15:08:32;448
636934361128017176;14.05.2019 15:08:32;448
636934361128642038;14.05.2019 15:08:32;447
636934361129109853;14.05.2019 15:08:32;446
636934361129578403;14.05.2019 15:08:32;445
636934361130047952;14.05.2019 15:08:33;444
636934361130516546;14.05.2019 15:08:33;443
636934361131143090;14.05.2019 15:08:33;442
636934361131614376;14.05.2019 15:08:33;440
636934361132083283;14.05.2019 15:08:33;439
636934361132552594;14.05.2019 15:08:33;438
636934361133021188;14.05.2019 15:08:33;436
636934361133646089;14.05.2019 15:08:33;435
636934361134113810;14.05.2019 15:08:33;433
636934361134582451;14.05.2019 15:08:33;431
636934361135051964;14.05.2019 15:08:33;430
636934361135678458;14.05.2019 15:08:33;429
636934361136147991;14.05.2019 15:08:33;426
636934361136616679;14.05.2019 15:08:33;425
636934361137084394;14.05.2019 15:08:33;423
636934361137709489;14.05.2019 15:08:33;420
636934361138178761;14.05.2019 15:08:33;418
636934361138647906;14.05.2019 15:08:33;417
636934361139116813;14.05.2019 15:08:33;414
636934361139585202;14.05.2019 15:08:33;413
636934361140054779;14.05.2019 15:08:34;411
636934361140679577;14.05.2019 15:08:34;410
636934361141149736;14.05.2019 15:08:34;407
636934361141619275;14.05.2019 15:08:34;407
636934361142087035;14.05.2019 15:08:34;404
636934361142711888;14.05.2019 15:08:34;403
636934361143181451;14.05.2019 15:08:34;400
636934361143650081;14.05.2019 15:08:34;399
636934361144118725;14.05.2019 15:08:34;397
636934361144743584;14.05.2019 15:08:34;395
636934361145212216;14.05.2019 15:08:34;394
636934361145680832;14.05.2019 15:08:34;393
636934361146149465;14.05.2019 15:08:34;391
636934361146618463;14.05.2019 15:08:34;390
636934361147244292;14.05.2019 15:08:34;388
636934361147712863;14.05.2019 15:08:34;388
636934361148181501;14.05.2019 15:08:34;386
636934361148650184;14.05.2019 15:08:34;386
636934361149118124;14.05.2019 15:08:34;384
636934361149743720;14.05.2019 15:08:34;383
636934361150212302;14.05.2019 15:08:35;382
636934361150680943;14.05.2019 15:08:35;381
636934361151149581;14.05.2019 15:08:35;380
636934361151774473;14.05.2019 15:08:35;379
636934361152243073;14.05.2019 15:08:35;382
636934361152711747;14.05.2019 15:08:35;383
636934361153180316;14.05.2019 15:08:35;384
636934361153805219;14.05.2019 15:08:35;383
636934361154273935;14.05.2019 15:08:35;382
636934361154742453;14.05.2019 15:08:35;381
636934361155211094;14.05.2019 15:08:35;380
636934361155680109;14.05.2019 15:08:35;379
636934361156305190;14.05.2019 15:08:35;374
636934361156773623;14.05.2019 15:08:35;369
636934361157243147;14.05.2019 15:08:35;366
636934361157711835;14.05.2019 15:08:35;364
636934361158180462;14.05.2019 15:08:35;362
636934361158804396;14.05.2019 15:08:35;360
636934361159273965;14.05.2019 15:08:35;359
636934361159742642;14.05.2019 15:08:35;357
636934361160211263;14.05.2019 15:08:36;356
636934361160836100;14.05.2019 15:08:36;355
636934361161303852;14.05.2019 15:08:36;354
636934361161773415;14.05.2019 15:08:36;353
636934361162242003;14.05.2019 15:08:36;352
636934361162710614;14.05.2019 15:08:36;351
636934361163337177;14.05.2019 15:08:36;353
636934361163805834;14.05.2019 15:08:36;352
636934361164275389;14.05.2019 15:08:36;350
636934361164743988;14.05.2019 15:08:36;349
636934361165212632;14.05.2019 15:08:36;347
636934361165837483;14.05.2019 15:08:36;344
636934361166306123;14.05.2019 15:08:36;341
636934361166773889;14.05.2019 15:08:36;340
636934361167399618;14.05.2019 15:08:36;338
636934361167868264;14.05.2019 15:08:36;340
636934361168338249;14.05.2019 15:08:36;337
636934361168806926;14.05.2019 15:08:36;336
636934361169274647;14.05.2019 15:08:36;335
636934361169900423;14.05.2019 15:08:36;333
636934361170369061;14.05.2019 15:08:37;332
636934361170837724;14.05.2019 15:08:37;332
636934361171306340;14.05.2019 15:08:37;330
636934361171774975;14.05.2019 15:08:37;331
636934361172399856;14.05.2019 15:08:37;331
636934361172868472;14.05.2019 15:08:37;331
636934361173337113;14.05.2019 15:08:37;331
636934361173805754;14.05.2019 15:08:37;332
636934361174274397;14.05.2019 15:08:37;331
636934361174899253;14.05.2019 15:08:37;331
636934361175367894;14.05.2019 15:08:37;330
636934361175836579;14.05.2019 15:08:37;329
636934361176305168;14.05.2019 15:08:37;328
636934361176930445;14.05.2019 15:08:37;327
636934361177399097;14.05.2019 15:08:37;326
636934361177868688;14.05.2019 15:08:37;325
636934361178337265;14.05.2019 15:08:37;324
636934361178805377;14.05.2019 15:08:37;323
636934361179430801;14.05.2019 15:08:37;323
636934361179899442;14.05.2019 15:08:37;322
636934361180368083;14.05.2019 15:08:38;321
636934361180836718;14.05.2019 15:08:38;321
636934361181305359;14.05.2019 15:08:38;320
636934361181930215;14.05.2019 15:08:38;320
636934361182398906;14.05.2019 15:08:38;320
636934361182867466;14.05.2019 15:08:38;319
636934361183492323;14.05.2019 15:08:38;319
636934361183960950;14.05.2019 15:08:38;320
636934361184429588;14.05.2019 15:08:38;320
636934361184898226;14.05.2019 15:08:38;320
636934361185366878;14.05.2019 15:08:38;320
636934361185991113;14.05.2019 15:08:38;318
636934361186459483;14.05.2019 15:08:38;316
636934361186928993;14.05.2019 15:08:38;311
636934361187397986;14.05.2019 15:08:38;307
636934361187867522;14.05.2019 15:08:38;302
636934361188492444;14.05.2019 15:08:38;302
636934361188960135;14.05.2019 15:08:38;304
636934361189429657;14.05.2019 15:08:38;303
636934361189898317;14.05.2019 15:08:38;304
636934361190524373;14.05.2019 15:08:39;303
636934361190993014;14.05.2019 15:08:39;302
636934361191460732;14.05.2019 15:08:39;302
636934361191930384;14.05.2019 15:08:39;301
636934361192398956;14.05.2019 15:08:39;301
636934361193023787;14.05.2019 15:08:39;300
636934361193492433;14.05.2019 15:08:39;300
636934361193960891;14.05.2019 15:08:39;299
636934361194429707;14.05.2019 15:08:39;297
636934361195053635;14.05.2019 15:08:39;296
636934361195523653;14.05.2019 15:08:39;296
636934361195992587;14.05.2019 15:08:39;295
636934361196461826;14.05.2019 15:08:39;296
636934361196930464;14.05.2019 15:08:39;298
636934361197554437;14.05.2019 15:08:39;298
636934361198024011;14.05.2019 15:08:39;296
636934361198492644;14.05.2019 15:08:39;286
636934361198961285;14.05.2019 15:08:39;276
636934361199586094;14.05.2019 15:08:39;268
636934361200053862;14.05.2019 15:08:40;267
636934361200523445;14.05.2019 15:08:40;266
636934361200992075;14.05.2019 15:08:40;263
636934361201460704;14.05.2019 15:08:40;264
636934361202085572;14.05.2019 15:08:40;263
636934361202554196;14.05.2019 15:08:40;264
636934361203022848;14.05.2019 15:08:40;265
636934361203493007;14.05.2019 15:08:40;265
636934361203961626;14.05.2019 15:08:40;266
636934361204586365;14.05.2019 15:08:40;268
636934361205056308;14.05.2019 15:08:40;269
636934361205525188;14.05.2019 15:08:40;270
636934361205993837;14.05.2019 15:08:40;271
636934361206618701;14.05.2019 15:08:40;270
636934361207088287;14.05.2019 15:08:40;272
636934361207556922;14.05.2019 15:08:40;273
636934361208025541;14.05.2019 15:08:40;275
636934361208649477;14.05.2019 15:08:40;274
636934361209118121;14.05.2019 15:08:40;272
636934361209587668;14.05.2019 15:08:40;273
636934361210056308;14.05.2019 15:08:41;272
636934361210524946;14.05.2019 15:08:41;274
636934361211148994;14.05.2019 15:08:41;274
636934361211618438;14.05.2019 15:08:41;276
636934361212087118;14.05.2019 15:08:41;275
636934361212555731;14.05.2019 15:08:41;276
636934361213024394;14.05.2019 15:08:41;277
636934361213648303;14.05.2019 15:08:41;275
636934361214118179;14.05.2019 15:08:41;274
636934361214587831;14.05.2019 15:08:41;275
636934361215056475;14.05.2019 15:08:41;272
636934361215680780;14.05.2019 15:08:41;272
636934361216148974;14.05.2019 15:08:41;273
636934361216618485;14.05.2019 15:08:41;274
636934361217087126;14.05.2019 15:08:41;277
636934361217555806;14.05.2019 15:08:41;278
636934361218180659;14.05.2019 15:08:41;277
636934361218648652;14.05.2019 15:08:41;277
636934361219117298;14.05.2019 15:08:41;276
636934361219586579;14.05.2019 15:08:41;276
636934361220055267;14.05.2019 15:08:42;278
636934361220680037;14.05.2019 15:08:42;279
636934361221148703;14.05.2019 15:08:42;278
636934361221617385;14.05.2019 15:08:42;279
636934361222242167;14.05.2019 15:08:42;278
636934361222710857;14.05.2019 15:08:42;278
636934361223180817;14.05.2019 15:08:42;280
636934361223649452;14.05.2019 15:08:42;279
636934361224118437;14.05.2019 15:08:42;280
636934361224744224;14.05.2019 15:08:42;281
636934361225212867;14.05.2019 15:08:42;280
636934361225681508;14.05.2019 15:08:42;280
636934361226150155;14.05.2019 15:08:42;282
636934361226617873;14.05.2019 15:08:42;281
636934361227243607;14.05.2019 15:08:42;281
636934361227712284;14.05.2019 15:08:42;282
636934361228180939;14.05.2019 15:08:42;282
636934361228649627;14.05.2019 15:08:42;282
636934361229117581;14.05.2019 15:08:42;283
636934361229743069;14.05.2019 15:08:42;284
636934361230211701;14.05.2019 15:08:43;286
636934361230680342;14.05.2019 15:08:43;285
636934361231148985;14.05.2019 15:08:43;283
636934361231774160;14.05.2019 15:08:43;283
636934361232242823;14.05.2019 15:08:43;282
636934361232711459;14.05.2019 15:08:43;282
636934361233181039;14.05.2019 15:08:43;282
636934361233649655;14.05.2019 15:08:43;283
636934361234275871;14.05.2019 15:08:43;283
636934361234744512;14.05.2019 15:08:43;282
636934361235213172;14.05.2019 15:08:43;283
636934361235680868;14.05.2019 15:08:43;283
636934361236150418;14.05.2019 15:08:43;283
636934361236775246;14.05.2019 15:08:43;282
636934361237244217;14.05.2019 15:08:43;283
636934361237713797;14.05.2019 15:08:43;283
636934361238338038;14.05.2019 15:08:43;284
636934361238807618;14.05.2019 15:08:43;283
636934361239276270;14.05.2019 15:08:43;285
636934361239744944;14.05.2019 15:08:43;284
636934361240213541;14.05.2019 15:08:44;286
636934361240837472;14.05.2019 15:08:44;289
636934361241307035;14.05.2019 15:08:44;290
636934361241775676;14.05.2019 15:08:44;291
636934361242244314;14.05.2019 15:08:44;293
636934361242712919;14.05.2019 15:08:44;294
636934361243336886;14.05.2019 15:08:44;295
636934361243806466;14.05.2019 15:08:44;296
636934361244275151;14.05.2019 15:08:44;296
636934361244743772;14.05.2019 15:08:44;294
636934361245368908;14.05.2019 15:08:44;295
636934361245838026;14.05.2019 15:08:44;296
636934361246307129;14.05.2019 15:08:44;297
636934361246775764;14.05.2019 15:08:44;299
636934361247244411;14.05.2019 15:08:44;299
636934361247869262;14.05.2019 15:08:44;299
636934361248338052;14.05.2019 15:08:44;301
636934361248807638;14.05.2019 15:08:44;300
636934361249276281;14.05.2019 15:08:44;301
636934361249744880;14.05.2019 15:08:44;302
636934361250369737;14.05.2019 15:08:45;302
636934361250838408;14.05.2019 15:08:45;302
636934361251307054;14.05.2019 15:08:45;302
636934361251775695;14.05.2019 15:08:45;303
636934361252399621;14.05.2019 15:08:45;303
636934361252869217;14.05.2019 15:08:45;303
636934361253337828;14.05.2019 15:08:45;303
636934361253806468;14.05.2019 15:08:45;304
636934361254431316;14.05.2019 15:08:45;304
636934361254899954;14.05.2019 15:08:45;304
636934361255367941;14.05.2019 15:08:45;304
636934361255837239;14.05.2019 15:08:45;304
636934361256305935;14.05.2019 15:08:45;303
636934361256930697;14.05.2019 15:08:45;303
636934361257399385;14.05.2019 15:08:45;302
636934361257868045;14.05.2019 15:08:45;302
636934361258336653;14.05.2019 15:08:45;302
636934361258805291;14.05.2019 15:08:45;302
636934361259431582;14.05.2019 15:08:45;301
636934361259900212;14.05.2019 15:08:45;301
636934361260368850;14.05.2019 15:08:46;301
636934361260837499;14.05.2019 15:08:46;300
636934361261462347;14.05.2019 15:08:46;300
636934361261937552;14.05.2019 15:08:46;300
636934361262407121;14.05.2019 15:08:46;300
636934361262876066;14.05.2019 15:08:46;300
636934361263345649;14.05.2019 15:08:46;299
636934361263970852;14.05.2019 15:08:46;299
636934361264439808;14.05.2019 15:08:46;298
636934361264909103;14.05.2019 15:08:46;299
636934361265377752;14.05.2019 15:08:46;299
636934361265846440;14.05.2019 15:08:46;298
636934361266471238;14.05.2019 15:08:46;298
636934361266939873;14.05.2019 15:08:46;297
636934361267408511;14.05.2019 15:08:46;296
636934361267876205;14.05.2019 15:08:46;295
636934361268501931;14.05.2019 15:08:46;294
636934361268970583;14.05.2019 15:08:46;292
636934361269439249;14.05.2019 15:08:46;290
636934361269907925;14.05.2019 15:08:46;288
636934361270532751;14.05.2019 15:08:47;286
636934361271001386;14.05.2019 15:08:47;283
636934361271470033;14.05.2019 15:08:47;282
636934361271938687;14.05.2019 15:08:47;279
636934361272407326;14.05.2019 15:08:47;278
636934361273031245;14.05.2019 15:08:47;277
636934361273500759;14.05.2019 15:08:47;274
636934361273969400;14.05.2019 15:08:47;272
636934361274438077;14.05.2019 15:08:47;271
636934361274906681;14.05.2019 15:08:47;268
636934361275530859;14.05.2019 15:08:47;267
636934361276000275;14.05.2019 15:08:47;265
636934361276468814;14.05.2019 15:08:47;262
636934361276937455;14.05.2019 15:08:47;261
636934361277562402;14.05.2019 15:08:47;262
636934361278031029;14.05.2019 15:08:47;264
636934361278498714;14.05.2019 15:08:47;264
636934361278968231;14.05.2019 15:08:47;266
636934361279436905;14.05.2019 15:08:47;265
636934361280061719;14.05.2019 15:08:48;265
636934361280530402;14.05.2019 15:08:48;266
636934361280999043;14.05.2019 15:08:48;265
636934361281467686;14.05.2019 15:08:48;265
636934361281936324;14.05.2019 15:08:48;266
636934361282561180;14.05.2019 15:08:48;265
636934361283029857;14.05.2019 15:08:48;265
636934361283498454;14.05.2019 15:08:48;266
636934361284123413;14.05.2019 15:08:48;267
636934361284591308;14.05.2019 15:08:48;266
636934361285060589;14.05.2019 15:08:48;267
636934361285529230;14.05.2019 15:08:48;268
636934361285997868;14.05.2019 15:08:48;269
636934361286622685;14.05.2019 15:08:48;267
636934361287090451;14.05.2019 15:08:48;269
636934361287560009;14.05.2019 15:08:48;270
636934361288028638;14.05.2019 15:08:48;272
636934361288497298;14.05.2019 15:08:48;274
636934361289122141;14.05.2019 15:08:48;275
636934361289590737;14.05.2019 15:08:48;277
636934361290059456;14.05.2019 15:08:49;278
636934361290528138;14.05.2019 15:08:49;278
636934361291153008;14.05.2019 15:08:49;280
636934361291621635;14.05.2019 15:08:49;280
636934361292090279;14.05.2019 15:08:49;280
636934361292558917;14.05.2019 15:08:49;277
636934361293183765;14.05.2019 15:08:49;280
636934361293652425;14.05.2019 15:08:49;283
636934361294121066;14.05.2019 15:08:49;284
636934361294589607;14.05.2019 15:08:49;284
636934361295058251;14.05.2019 15:08:49;286
636934361295683087;14.05.2019 15:08:49;284
636934361296153266;14.05.2019 15:08:49;283
636934361296623040;14.05.2019 15:08:49;286
636934361297091661;14.05.2019 15:08:49;287
636934361297560374;14.05.2019 15:08:49;290
636934361298185147;14.05.2019 15:08:49;291
636934361298653833;14.05.2019 15:08:49;288
636934361299121792;14.05.2019 15:08:49;287
636934361299591073;14.05.2019 15:08:49;288
636934361300215946;14.05.2019 15:08:50;287
636934361300684041;14.05.2019 15:08:50;287
636934361301153244;14.05.2019 15:08:50;287
636934361301621921;14.05.2019 15:08:50;287
636934361302090899;14.05.2019 15:08:50;287
636934361302715770;14.05.2019 15:08:50;289
636934361303184413;14.05.2019 15:08:50;288
636934361303653924;14.05.2019 15:08:50;289
636934361304122590;14.05.2019 15:08:50;291
636934361304591247;14.05.2019 15:08:50;289
636934361305216622;14.05.2019 15:08:50;288
636934361305686274;14.05.2019 15:08:50;288
636934361306154923;14.05.2019 15:08:50;288
636934361306623561;14.05.2019 15:08:50;288
636934361307248473;14.05.2019 15:08:50;288
636934361307717014;14.05.2019 15:08:50;288
636934361308185945;14.05.2019 15:08:50;289
636934361308655487;14.05.2019 15:08:50;289
636934361309280346;14.05.2019 15:08:50;290
636934361309749020;14.05.2019 15:08:50;291
636934361310217666;14.05.2019 15:08:51;292
636934361310686301;14.05.2019 15:08:51;292
636934361311154939;14.05.2019 15:08:51;292
636934361311779868;14.05.2019 15:08:51;292
636934361312248425;14.05.2019 15:08:51;294
636934361312717030;14.05.2019 15:08:51;294
636934361313185671;14.05.2019 15:08:51;295
636934361313654434;14.05.2019 15:08:51;295
636934361314279542;14.05.2019 15:08:51;295
636934361314749081;14.05.2019 15:08:51;296
636934361315217719;14.05.2019 15:08:51;297
636934361315686357;14.05.2019 15:08:51;301
636934361316311498;14.05.2019 15:08:51;300
636934361316780159;14.05.2019 15:08:51;301
636934361317250113;14.05.2019 15:08:51;303
636934361317719646;14.05.2019 15:08:51;303
636934361318188525;14.05.2019 15:08:51;302
636934361318815586;14.05.2019 15:08:51;301
636934361319283357;14.05.2019 15:08:51;301
636934361319754137;14.05.2019 15:08:51;301
636934361320221827;14.05.2019 15:08:52;303
636934361320691419;14.05.2019 15:08:52;302
636934361321316267;14.05.2019 15:08:52;302
636934361321785232;14.05.2019 15:08:52;303
636934361322253870;14.05.2019 15:08:52;303
636934361322722491;14.05.2019 15:08:52;303
636934361323347325;14.05.2019 15:08:52;305
636934361323817495;14.05.2019 15:08:52;304
636934361324285208;14.05.2019 15:08:52;304
636934361324754694;14.05.2019 15:08:52;305
636934361325379586;14.05.2019 15:08:52;305
636934361325848665;14.05.2019 15:08:52;306
636934361326318236;14.05.2019 15:08:52;307
636934361326787276;14.05.2019 15:08:52;306
636934361327256806;14.05.2019 15:08:52;306
636934361327882103;14.05.2019 15:08:52;307
636934361328353055;14.05.2019 15:08:52;307
636934361328822596;14.05.2019 15:08:52;307
636934361329291483;14.05.2019 15:08:52;308
636934361329760144;14.05.2019 15:08:52;308
636934361330384997;14.05.2019 15:08:53;308
636934361330854511;14.05.2019 15:08:53;308
636934361331323160;14.05.2019 15:08:53;308
636934361331791792;14.05.2019 15:08:53;309
636934361332415770;14.05.2019 15:08:53;309
636934361332885625;14.05.2019 15:08:53;310
636934361333355609;14.05.2019 15:08:53;310
636934361333825150;14.05.2019 15:08:53;311
636934361334293877;14.05.2019 15:08:53;310
636934361334919296;14.05.2019 15:08:53;309
636934361335388887;14.05.2019 15:08:53;310
636934361335858262;14.05.2019 15:08:53;310
636934361336327800;14.05.2019 15:08:53;309
636934361336796402;14.05.2019 15:08:53;310
636934361337420414;14.05.2019 15:08:53;310
636934361337889933;14.05.2019 15:08:53;311
636934361338358565;14.05.2019 15:08:53;312
636934361338827212;14.05.2019 15:08:53;312
636934361339453683;14.05.2019 15:08:53;312
636934361339922343;14.05.2019 15:08:53;313
636934361340391937;14.05.2019 15:08:54;313
636934361340861005;14.05.2019 15:08:54;314
636934361341330962;14.05.2019 15:08:54;314
636934361341956757;14.05.2019 15:08:54;314
636934361342424473;14.05.2019 15:08:54;315
636934361342894003;14.05.2019 15:08:54;314
636934361343362646;14.05.2019 15:08:54;315
636934361343831276;14.05.2019 15:08:54;315
636934361344456121;14.05.2019 15:08:54;316
636934361344923887;14.05.2019 15:08:54;316
636934361345393697;14.05.2019 15:08:54;316
636934361346018894;14.05.2019 15:08:54;316
636934361346488507;14.05.2019 15:08:54;317
636934361346957139;14.05.2019 15:08:54;317
636934361347424891;14.05.2019 15:08:54;318
636934361347894482;14.05.2019 15:08:54;317
636934361348519374;14.05.2019 15:08:54;318
636934361348987885;14.05.2019 15:08:54;318
636934361349456498;14.05.2019 15:08:54;318
636934361349925119;14.05.2019 15:08:54;317
636934361350393760;14.05.2019 15:08:55;318
636934361351019018;14.05.2019 15:08:55;316
636934361351488856;14.05.2019 15:08:55;316
636934361351959688;14.05.2019 15:08:55;315
636934361352428180;14.05.2019 15:08:55;314
636934361353054363;14.05.2019 15:08:55;313
636934361353522117;14.05.2019 15:08:55;312
636934361353991672;14.05.2019 15:08:55;311
636934361354459399;14.05.2019 15:08:55;310
636934361354928921;14.05.2019 15:08:55;307
636934361355555359;14.05.2019 15:08:55;306
636934361356026158;14.05.2019 15:08:55;305
636934361356496289;14.05.2019 15:08:55;302
636934361356965831;14.05.2019 15:08:55;301
636934361357433582;14.05.2019 15:08:55;300
636934361358059325;14.05.2019 15:08:55;298
636934361358529506;14.05.2019 15:08:55;297
636934361358999056;14.05.2019 15:08:55;297
636934361359467727;14.05.2019 15:08:55;295
636934361360092592;14.05.2019 15:08:56;294
636934361360561183;14.05.2019 15:08:56;294
636934361361029832;14.05.2019 15:08:56;293
636934361361497874;14.05.2019 15:08:56;292
636934361362122434;14.05.2019 15:08:56;293
636934361362592000;14.05.2019 15:08:56;291
636934361363060635;14.05.2019 15:08:56;291
636934361363529282;14.05.2019 15:08:56;291
636934361363997920;14.05.2019 15:08:56;290
636934361364466541;14.05.2019 15:08:56;289
636934361365091794;14.05.2019 15:08:56;290
636934361365561654;14.05.2019 15:08:56;289
636934361366031231;14.05.2019 15:08:56;289
636934361366499863;14.05.2019 15:08:56;290
636934361366968549;14.05.2019 15:08:56;290
636934361367593399;14.05.2019 15:08:56;290
636934361368061087;14.05.2019 15:08:56;291
636934361368530986;14.05.2019 15:08:56;292
636934361369158128;14.05.2019 15:08:56;293
636934361369628339;14.05.2019 15:08:56;294
636934361370097872;14.05.2019 15:08:57;294
636934361370566522;14.05.2019 15:08:57;295
636934361371035151;14.05.2019 15:08:57;295
636934361371660019;14.05.2019 15:08:57;295
636934361372128646;14.05.2019 15:08:57;295
636934361372597322;14.05.2019 15:08:57;295
636934361373065972;14.05.2019 15:08:57;295
636934361373535851;14.05.2019 15:08:57;295
636934361374160682;14.05.2019 15:08:57;295
636934361374628456;14.05.2019 15:08:57;296
636934361375097975;14.05.2019 15:08:57;296
636934361375566638;14.05.2019 15:08:57;296
636934361376191466;14.05.2019 15:08:57;296
636934361376661484;14.05.2019 15:08:57;297
636934361377130122;14.05.2019 15:08:57;295
636934361377599049;14.05.2019 15:08:57;296
636934361378067709;14.05.2019 15:08:57;296
636934361378693474;14.05.2019 15:08:57;296
636934361379161430;14.05.2019 15:08:57;296
636934361379630753;14.05.2019 15:08:57;297
636934361380099402;14.05.2019 15:08:58;296
636934361380568034;14.05.2019 15:08:58;297
636934361381192885;14.05.2019 15:08:58;297
636934361381661565;14.05.2019 15:08:58;297
636934361382129344;14.05.2019 15:08:58;297
636934361382598819;14.05.2019 15:08:58;298
636934361383223661;14.05.2019 15:08:58;298
636934361383692313;14.05.2019 15:08:58;298
636934361384160028;14.05.2019 15:08:58;299
636934361384628669;14.05.2019 15:08:58;299
636934361385254756;14.05.2019 15:08:58;299
636934361385724327;14.05.2019 15:08:58;300
636934361386192968;14.05.2019 15:08:58;299
636934361386661587;14.05.2019 15:08:58;299
636934361387129338;14.05.2019 15:08:58;301
636934361387755065;14.05.2019 15:08:58;300
636934361388223226;14.05.2019 15:08:58;300
636934361388692762;14.05.2019 15:08:58;300
636934361389161411;14.05.2019 15:08:58;301
636934361389629168;14.05.2019 15:08:58;301
636934361390255385;14.05.2019 15:08:59;302
636934361390724915;14.05.2019 15:08:59;302
636934361391193556;14.05.2019 15:08:59;303
636934361391662717;14.05.2019 15:08:59;304
636934361392288787;14.05.2019 15:08:59;303
636934361392758397;14.05.2019 15:08:59;303
636934361393227060;14.05.2019 15:08:59;304
636934361393695715;14.05.2019 15:08:59;304
636934361394164312;14.05.2019 15:08:59;305
636934361394789378;14.05.2019 15:08:59;305
636934361395258039;14.05.2019 15:08:59;306
636934361395727876;14.05.2019 15:08:59;306
636934361396197418;14.05.2019 15:08:59;307
636934361396666106;14.05.2019 15:08:59;306
636934361397290951;14.05.2019 15:08:59;306
636934361397759553;14.05.2019 15:08:59;306
636934361398228227;14.05.2019 15:08:59;307
636934361398696870;14.05.2019 15:08:59;307
636934361399321735;14.05.2019 15:08:59;309
636934361399790370;14.05.2019 15:08:59;310
636934361400258382;14.05.2019 15:09:00;310
636934361400728339;14.05.2019 15:09:00;311
636934361401354639;14.05.2019 15:09:00;312
636934361401824632;14.05.2019 15:09:00;312
636934361402294450;14.05.2019 15:09:00;313
636934361402765654;14.05.2019 15:09:00;313
636934361403235259;14.05.2019 15:09:00;314
636934361403859176;14.05.2019 15:09:00;314
636934361404327805;14.05.2019 15:09:00;315
636934361404797701;14.05.2019 15:09:00;315
636934361405267234;14.05.2019 15:09:00;315
636934361405736299;14.05.2019 15:09:00;316
636934361406361172;14.05.2019 15:09:00;315
636934361406831040;14.05.2019 15:09:00;318
636934361407300939;14.05.2019 15:09:00;320
636934361407770893;14.05.2019 15:09:00;322
636934361408398198;14.05.2019 15:09:00;323
636934361408867734;14.05.2019 15:09:00;324
636934361409336402;14.05.2019 15:09:00;324
636934361409805337;14.05.2019 15:09:00;324
636934361410274881;14.05.2019 15:09:01;325
636934361410900061;14.05.2019 15:09:01;326
636934361411369689;14.05.2019 15:09:01;327
636934361411838291;14.05.2019 15:09:01;327
636934361412306923;14.05.2019 15:09:01;327
636934361412775561;14.05.2019 15:09:01;327
636934361413400467;14.05.2019 15:09:01;328
636934361413869047;14.05.2019 15:09:01;329
636934361414337048;14.05.2019 15:09:01;330
636934361414806326;14.05.2019 15:09:01;331
636934361415431434;14.05.2019 15:09:01;331
636934361415900555;14.05.2019 15:09:01;332
636934361416370137;14.05.2019 15:09:01;332
636934361416839039;14.05.2019 15:09:01;333
636934361417308585;14.05.2019 15:09:01;333
636934361417934616;14.05.2019 15:09:01;333
636934361418403562;14.05.2019 15:09:01;334
636934361418872521;14.05.2019 15:09:01;334
636934361419341509;14.05.2019 15:09:01;334
636934361419811524;14.05.2019 15:09:01;334
636934361420438574;14.05.2019 15:09:02;335
636934361420907373;14.05.2019 15:09:02;334
636934361421376942;14.05.2019 15:09:02;336
636934361422001768;14.05.2019 15:09:02;336
636934361422470408;14.05.2019 15:09:02;336
636934361422938166;14.05.2019 15:09:02;338
636934361423408006;14.05.2019 15:09:02;340
636934361423877547;14.05.2019 15:09:02;339
636934361424501522;14.05.2019 15:09:02;340
636934361424972294;14.05.2019 15:09:02;341
636934361425442265;14.05.2019 15:09:02;340
636934361425913388;14.05.2019 15:09:02;339
636934361426382045;14.05.2019 15:09:02;340
636934361426851157;14.05.2019 15:09:02;340
636934361427477227;14.05.2019 15:09:02;341
636934361427946995;14.05.2019 15:09:02;341
636934361428416531;14.05.2019 15:09:02;342
636934361428885175;14.05.2019 15:09:02;340
636934361429510025;14.05.2019 15:09:02;342
636934361429978661;14.05.2019 15:09:02;341
636934361430447354;14.05.2019 15:09:03;342
636934361430915981;14.05.2019 15:09:03;344
636934361431540857;14.05.2019 15:09:03;343
636934361432009531;14.05.2019 15:09:03;343
636934361432478088;14.05.2019 15:09:03;344
636934361432946732;14.05.2019 15:09:03;343
636934361433415370;14.05.2019 15:09:03;342
636934361434040215;14.05.2019 15:09:03;343
636934361434508859;14.05.2019 15:09:03;343
636934361434977874;14.05.2019 15:09:03;343
636934361435447806;14.05.2019 15:09:03;343
636934361435917339;14.05.2019 15:09:03;342
636934361436541319;14.05.2019 15:09:03;342
636934361437012052;14.05.2019 15:09:03;343
636934361437480690;14.05.2019 15:09:03;342
636934361437949724;14.05.2019 15:09:03;342
636934361438576880;14.05.2019 15:09:03;342
636934361439045754;14.05.2019 15:09:03;343
636934361439515021;14.05.2019 15:09:03;344
636934361439982819;14.05.2019 15:09:03;344
636934361440452360;14.05.2019 15:09:04;345
636934361441077186;14.05.2019 15:09:04;345
636934361441545824;14.05.2019 15:09:04;345
636934361442013592;14.05.2019 15:09:04;346
636934361442482233;14.05.2019 15:09:04;346
636934361442951791;14.05.2019 15:09:04;346
636934361443576603;14.05.2019 15:09:04;346
636934361444045252;14.05.2019 15:09:04;346
636934361444513006;14.05.2019 15:09:04;346
636934361445138699;14.05.2019 15:09:04;347
636934361445608676;14.05.2019 15:09:04;348
636934361446077657;14.05.2019 15:09:04;349
636934361446548739;14.05.2019 15:09:04;349
636934361447017676;14.05.2019 15:09:04;349
636934361447643120;14.05.2019 15:09:04;349
636934361448111766;14.05.2019 15:09:04;350
636934361448581995;14.05.2019 15:09:04;350
636934361449050658;14.05.2019 15:09:04;350
636934361449519853;14.05.2019 15:09:04;350
636934361449989410;14.05.2019 15:09:04;351
636934361450614281;14.05.2019 15:09:05;351
636934361451082932;14.05.2019 15:09:05;351
636934361451551601;14.05.2019 15:09:05;351
636934361452176449;14.05.2019 15:09:05;351
636934361452644139;14.05.2019 15:09:05;351
636934361453113775;14.05.2019 15:09:05;353
636934361453582366;14.05.2019 15:09:05;352
636934361454050932;14.05.2019 15:09:05;352
636934361454675785;14.05.2019 15:09:05;353
636934361455143825;14.05.2019 15:09:05;352
636934361455613438;14.05.2019 15:09:05;353
636934361456082603;14.05.2019 15:09:05;354
636934361456552393;14.05.2019 15:09:05;353
636934361457177480;14.05.2019 15:09:05;353
636934361457647104;14.05.2019 15:09:05;354
636934361458116642;14.05.2019 15:09:05;352
636934361458585693;14.05.2019 15:09:05;352
636934361459212265;14.05.2019 15:09:05;353
636934361459682122;14.05.2019 15:09:05;352
636934361460151721;14.05.2019 15:09:06;352
636934361460619423;14.05.2019 15:09:06;353
636934361461088933;14.05.2019 15:09:06;352
636934361461714191;14.05.2019 15:09:06;353
636934361462183616;14.05.2019 15:09:06;355
636934361462652919;14.05.2019 15:09:06;353
636934361463122494;14.05.2019 15:09:06;353
636934361463590389;14.05.2019 15:09:06;354
636934361464216046;14.05.2019 15:09:06;353
636934361464684596;14.05.2019 15:09:06;351
636934361465153234;14.05.2019 15:09:06;352
636934361465621911;14.05.2019 15:09:06;354
636934361466247953;14.05.2019 15:09:06;355
636934361466716605;14.05.2019 15:09:06;355
636934361467184345;14.05.2019 15:09:06;355
636934361467653870;14.05.2019 15:09:06;356
636934361468280233;14.05.2019 15:09:06;356
636934361468751085;14.05.2019 15:09:06;355
636934361469221352;14.05.2019 15:09:06;356
636934361469690893;14.05.2019 15:09:06;356
636934361470159767;14.05.2019 15:09:07;356
636934361470784640;14.05.2019 15:09:07;356
636934361471255325;14.05.2019 15:09:07;356
636934361471726465;14.05.2019 15:09:07;356
636934361472196084;14.05.2019 15:09:07;357
636934361472664633;14.05.2019 15:09:07;356
636934361473288617;14.05.2019 15:09:07;357
636934361473759604;14.05.2019 15:09:07;357
636934361474228259;14.05.2019 15:09:07;358
636934361474696856;14.05.2019 15:09:07;357
636934361475321703;14.05.2019 15:09:07;357
636934361475790336;14.05.2019 15:09:07;356
636934361476258977;14.05.2019 15:09:07;357
636934361476727917;14.05.2019 15:09:07;356
636934361477197527;14.05.2019 15:09:07;357
636934361477822530;14.05.2019 15:09:07;356
636934361478291152;14.05.2019 15:09:07;356
636934361478759158;14.05.2019 15:09:07;356
636934361479228481;14.05.2019 15:09:07;355
636934361479696900;14.05.2019 15:09:07;355
636934361480322277;14.05.2019 15:09:08;355
636934361480791807;14.05.2019 15:09:08;354
636934361481259578;14.05.2019 15:09:08;355
636934361481729092;14.05.2019 15:09:08;356
636934361482355541;14.05.2019 15:09:08;357
636934361482825154;14.05.2019 15:09:08;357
636934361483293784;14.05.2019 15:09:08;357
636934361483763683;14.05.2019 15:09:08;357
636934361484231672;14.05.2019 15:09:08;357
636934361484857304;14.05.2019 15:09:08;357
636934361485325967;14.05.2019 15:09:08;358
636934361485795570;14.05.2019 15:09:08;360
636934361486264197;14.05.2019 15:09:08;359
636934361486732704;14.05.2019 15:09:08;359
636934361487357752;14.05.2019 15:09:08;360
636934361487826415;14.05.2019 15:09:08;360
636934361488295360;14.05.2019 15:09:08;360
636934361488764990;14.05.2019 15:09:08;361
636934361489391163;14.05.2019 15:09:08;360
636934361489859670;14.05.2019 15:09:08;361
636934361490328309;14.05.2019 15:09:09;361
636934361490796952;14.05.2019 15:09:09;360
636934361491420925;14.05.2019 15:09:09;360
636934361491889565;14.05.2019 15:09:09;361
636934361492359082;14.05.2019 15:09:09;358
636934361492827820;14.05.2019 15:09:09;358
636934361493296405;14.05.2019 15:09:09;359
636934361493921289;14.05.2019 15:09:09;357
636934361494389921;14.05.2019 15:09:09;357
636934361494857620;14.05.2019 15:09:09;358
636934361495327173;14.05.2019 15:09:09;357
636934361495795872;14.05.2019 15:09:09;358
636934361496420667;14.05.2019 15:09:09;358
636934361496888407;14.05.2019 15:09:09;360
636934361497358403;14.05.2019 15:09:09;361
636934361497828008;14.05.2019 15:09:09;361
636934361498453327;14.05.2019 15:09:09;361
636934361498922904;14.05.2019 15:09:09;361
636934361499391539;14.05.2019 15:09:09;362
636934361499860161;14.05.2019 15:09:09;362
636934361500328788;14.05.2019 15:09:10;362
636934361500953760;14.05.2019 15:09:10;362
636934361501422083;14.05.2019 15:09:10;361
636934361501890039;14.05.2019 15:09:10;361
636934361502359924;14.05.2019 15:09:10;361
636934361502829584;14.05.2019 15:09:10;360
636934361503454452;14.05.2019 15:09:10;360
636934361503923051;14.05.2019 15:09:10;360
636934361504390966;14.05.2019 15:09:10;360
636934361504859357;14.05.2019 15:09:10;358
636934361505486768;14.05.2019 15:09:10;358
636934361505956343;14.05.2019 15:09:10;358
636934361506424947;14.05.2019 15:09:10;358
636934361506892901;14.05.2019 15:09:10;359
636934361507518483;14.05.2019 15:09:10;358
636934361507987548;14.05.2019 15:09:10;357
636934361508457131;14.05.2019 15:09:10;357
636934361508925766;14.05.2019 15:09:10;357
636934361509394158;14.05.2019 15:09:10;357
636934361510019252;14.05.2019 15:09:11;357
636934361510487904;14.05.2019 15:09:11;357
636934361510956570;14.05.2019 15:09:11;357
636934361511425177;14.05.2019 15:09:11;358
636934361511893777;14.05.2019 15:09:11;359
636934361512518669;14.05.2019 15:09:11;359
636934361512987313;14.05.2019 15:09:11;359
636934361513455956;14.05.2019 15:09:11;359
636934361513924589;14.05.2019 15:09:11;360
636934361514549445;14.05.2019 15:09:11;360
636934361515017158;14.05.2019 15:09:11;361
636934361515486732;14.05.2019 15:09:11;361
636934361515955365;14.05.2019 15:09:11;361
636934361516423701;14.05.2019 15:09:11;362
636934361517048873;14.05.2019 15:09:11;362
636934361517517500;14.05.2019 15:09:11;362
636934361517986152;14.05.2019 15:09:11;362
636934361518454776;14.05.2019 15:09:11;362
636934361518923417;14.05.2019 15:09:11;363
636934361519548273;14.05.2019 15:09:11;363
636934361520016908;14.05.2019 15:09:12;364
636934361520485607;14.05.2019 15:09:12;362
636934361521110455;14.05.2019 15:09:12;363
636934361521578149;14.05.2019 15:09:12;363
636934361522047681;14.05.2019 15:09:12;363
636934361522516333;14.05.2019 15:09:12;363
636934361522984963;14.05.2019 15:09:12;364
636934361523609830;14.05.2019 15:09:12;363
636934361524077543;14.05.2019 15:09:12;363
636934361524547101;14.05.2019 15:09:12;365
636934361525015742;14.05.2019 15:09:12;364
636934361525484388;14.05.2019 15:09:12;364
636934361526109233;14.05.2019 15:09:12;364
636934361526576957;14.05.2019 15:09:12;364
636934361527046512;14.05.2019 15:09:12;365
636934361527515148;14.05.2019 15:09:12;365
636934361528140007;14.05.2019 15:09:12;365
636934361528608645;14.05.2019 15:09:12;365
636934361529077299;14.05.2019 15:09:12;366
636934361529545929;14.05.2019 15:09:12;366
636934361530170777;14.05.2019 15:09:13;366
636934361530639531;14.05.2019 15:09:13;366
636934361531108139;14.05.2019 15:09:13;366
636934361531576780;14.05.2019 15:09:13;366
636934361532045745;14.05.2019 15:09:13;366
636934361532671953;14.05.2019 15:09:13;366
636934361533141536;14.05.2019 15:09:13;366
636934361533610171;14.05.2019 15:09:13;366
636934361534078834;14.05.2019 15:09:13;366
636934361534547447;14.05.2019 15:09:13;365
636934361535172367;14.05.2019 15:09:13;366
636934361535640942;14.05.2019 15:09:13;365
636934361536109594;14.05.2019 15:09:13;365
636934361536578223;14.05.2019 15:09:13;364
636934361537203077;14.05.2019 15:09:13;363
636934361537671169;14.05.2019 15:09:13;362
636934361538140361;14.05.2019 15:09:13;361
636934361538608997;14.05.2019 15:09:13;360
636934361539076947;14.05.2019 15:09:13;358
636934361539702505;14.05.2019 15:09:13;357
636934361540170217;14.05.2019 15:09:14;355
636934361540639772;14.05.2019 15:09:14;354
636934361541107496;14.05.2019 15:09:14;352
636934361541577049;14.05.2019 15:09:14;351
636934361542201905;14.05.2019 15:09:14;349
636934361542670543;14.05.2019 15:09:14;348
636934361543139209;14.05.2019 15:09:14;347
636934361543607323;14.05.2019 15:09:14;346
636934361544232697;14.05.2019 15:09:14;345
636934361544701319;14.05.2019 15:09:14;344
636934361545169968;14.05.2019 15:09:14;345
636934361545638625;14.05.2019 15:09:14;343
636934361546262537;14.05.2019 15:09:14;342
636934361546732117;14.05.2019 15:09:14;342
636934361547200736;14.05.2019 15:09:14;341
636934361547669371;14.05.2019 15:09:14;340
636934361548138017;14.05.2019 15:09:14;340
636934361548761951;14.05.2019 15:09:14;339
636934361549231503;14.05.2019 15:09:14;339
636934361549699233;14.05.2019 15:09:14;339
636934361550168835;14.05.2019 15:09:15;338
636934361550637426;14.05.2019 15:09:15;337
636934361551262321;14.05.2019 15:09:15;339
636934361551730945;14.05.2019 15:09:15;337
636934361552199589;14.05.2019 15:09:15;337
636934361552824442;14.05.2019 15:09:15;338
636934361553293058;14.05.2019 15:09:15;337
636934361553761696;14.05.2019 15:09:15;337
636934361554230334;14.05.2019 15:09:15;338
636934361554698978;14.05.2019 15:09:15;337
636934361555323804;14.05.2019 15:09:15;337
636934361555792467;14.05.2019 15:09:15;337
636934361556261146;14.05.2019 15:09:15;336
636934361556729773;14.05.2019 15:09:15;336
636934361557198456;14.05.2019 15:09:15;335
636934361557822647;14.05.2019 15:09:15;335
636934361558291883;14.05.2019 15:09:15;334
636934361558760524;14.05.2019 15:09:15;334
636934361559229171;14.05.2019 15:09:15;333
636934361559854019;14.05.2019 15:09:15;332
636934361560321820;14.05.2019 15:09:16;332
636934361560791300;14.05.2019 15:09:16;331
636934361561259974;14.05.2019 15:09:16;330
636934361561728601;14.05.2019 15:09:16;330
636934361562353430;14.05.2019 15:09:16;329
636934361562821231;14.05.2019 15:09:16;329
636934361563290709;14.05.2019 15:09:16;329
636934361563759352;14.05.2019 15:09:16;329
636934361564227996;14.05.2019 15:09:16;328
636934361564852874;14.05.2019 15:09:16;328
636934361565321493;14.05.2019 15:09:16;327
636934361565790145;14.05.2019 15:09:16;328
636934361566258808;14.05.2019 15:09:16;327
636934361566727429;14.05.2019 15:09:16;328
636934361567352266;14.05.2019 15:09:16;326
636934361567820926;14.05.2019 15:09:16;326
636934361568347730;14.05.2019 15:09:16;327
636934361568816437;14.05.2019 15:09:16;326
636934361569285017;14.05.2019 15:09:16;325
636934361569753971;14.05.2019 15:09:16;325
636934361570379772;14.05.2019 15:09:17;325
636934361570848404;14.05.2019 15:09:17;325
636934361571317045;14.05.2019 15:09:17;325
636934361571784763;14.05.2019 15:09:17;325
636934361572412182;14.05.2019 15:09:17;326
636934361572881834;14.05.2019 15:09:17;325
636934361573350528;14.05.2019 15:09:17;327
636934361573819124;14.05.2019 15:09:17;326
636934361574443972;14.05.2019 15:09:17;327
636934361574912613;14.05.2019 15:09:17;327
636934361575381260;14.05.2019 15:09:17;328
636934361575849925;14.05.2019 15:09:17;328
636934361576318530;14.05.2019 15:09:17;328
636934361576943389;14.05.2019 15:09:17;329
636934361577412022;14.05.2019 15:09:17;329
636934361577880662;14.05.2019 15:09:17;331
636934361578349306;14.05.2019 15:09:17;330
636934361578817950;14.05.2019 15:09:17;330
636934361579442806;14.05.2019 15:09:17;331
636934361579911455;14.05.2019 15:09:17;331
636934361580380076;14.05.2019 15:09:18;332
636934361580848753;14.05.2019 15:09:18;332
636934361581473574;14.05.2019 15:09:18;332
636934361581942212;14.05.2019 15:09:18;333
636934361582410861;14.05.2019 15:09:18;333
636934361582879493;14.05.2019 15:09:18;334
636934361583348536;14.05.2019 15:09:18;333
636934361583974409;14.05.2019 15:09:18;334
636934361584442969;14.05.2019 15:09:18;335
636934361584911607;14.05.2019 15:09:18;335
636934361585380248;14.05.2019 15:09:18;335
636934361585848928;14.05.2019 15:09:18;335
636934361586473740;14.05.2019 15:09:18;335
636934361586942375;14.05.2019 15:09:18;336
636934361587411019;14.05.2019 15:09:18;336
636934361587879657;14.05.2019 15:09:18;336
636934361588503599;14.05.2019 15:09:18;336
636934361588972237;14.05.2019 15:09:18;336
636934361589441795;14.05.2019 15:09:18;336
636934361589910430;14.05.2019 15:09:18;336
636934361590535283;14.05.2019 15:09:19;337
636934361591003010;14.05.2019 15:09:19;337
636934361591472219;14.05.2019 15:09:19;337
636934361591941203;14.05.2019 15:09:19;337
636934361592409844;14.05.2019 15:09:19;337
636934361593034703;14.05.2019 15:09:19;338
636934361593502853;14.05.2019 15:09:19;338
636934361593971979;14.05.2019 15:09:19;338
636934361594440664;14.05.2019 15:09:19;338
636934361594909261;14.05.2019 15:09:19;339
636934361595534112;14.05.2019 15:09:19;340
636934361596002774;14.05.2019 15:09:19;339
636934361596470479;14.05.2019 15:09:19;339
636934361597096247;14.05.2019 15:09:19;340
636934361597564887;14.05.2019 15:09:19;340
636934361598033528;14.05.2019 15:09:19;340
636934361598502175;14.05.2019 15:09:19;341
636934361598969885;14.05.2019 15:09:19;340
636934361599595708;14.05.2019 15:09:19;340
636934361600064302;14.05.2019 15:09:20;341
636934361600532948;14.05.2019 15:09:20;341
636934361601001644;14.05.2019 15:09:20;341
636934361601470304;14.05.2019 15:09:20;342
636934361602095396;14.05.2019 15:09:20;342
636934361602564973;14.05.2019 15:09:20;342
636934361603033642;14.05.2019 15:09:20;341
636934361603502274;14.05.2019 15:09:20;342
636934361604127109;14.05.2019 15:09:20;342
636934361604595785;14.05.2019 15:09:20;342
636934361605064387;14.05.2019 15:09:20;343
636934361605533056;14.05.2019 15:09:20;343
636934361606001672;14.05.2019 15:09:20;344
636934361606626520;14.05.2019 15:09:20;343
636934361607095180;14.05.2019 15:09:20;344
636934361607564217;14.05.2019 15:09:20;345
636934361608033789;14.05.2019 15:09:20;344
636934361608501978;14.05.2019 15:09:20;344
636934361609126377;14.05.2019 15:09:20;345
636934361609595924;14.05.2019 15:09:20;344
636934361610064562;14.05.2019 15:09:21;344
636934361610533203;14.05.2019 15:09:21;345
636934361611157142;14.05.2019 15:09:21;344
636934361611626705;14.05.2019 15:09:21;345
636934361612095346;14.05.2019 15:09:21;345
636934361612563979;14.05.2019 15:09:21;345
636934361613188829;14.05.2019 15:09:21;345
636934361613657900;14.05.2019 15:09:21;345
636934361614127557;14.05.2019 15:09:21;345
636934361614596193;14.05.2019 15:09:21;345
636934361615064850;14.05.2019 15:09:21;345
636934361615689729;14.05.2019 15:09:21;345
636934361616158328;14.05.2019 15:09:21;345
636934361616626971;14.05.2019 15:09:21;345
636934361617095615;14.05.2019 15:09:21;345
636934361617564284;14.05.2019 15:09:21;345
636934361618189112;14.05.2019 15:09:21;345
636934361618656747;14.05.2019 15:09:21;345
636934361619126834;14.05.2019 15:09:21;345
636934361619596514;14.05.2019 15:09:21;345
636934361620221337;14.05.2019 15:09:22;345
636934361620689981;14.05.2019 15:09:22;345
636934361621157624;14.05.2019 15:09:22;345
636934361621627262;14.05.2019 15:09:22;346
636934361622251323;14.05.2019 15:09:22;345
636934361622720751;14.05.2019 15:09:22;345
636934361623189406;14.05.2019 15:09:22;345
636934361623657462;14.05.2019 15:09:22;345
636934361624126590;14.05.2019 15:09:22;345
636934361624595231;14.05.2019 15:09:22;345
636934361625220085;14.05.2019 15:09:22;346
636934361625688756;14.05.2019 15:09:22;345
636934361626157397;14.05.2019 15:09:22;346
636934361626626007;14.05.2019 15:09:22;346
636934361627249949;14.05.2019 15:09:22;346
636934361627719507;14.05.2019 15:09:22;346
636934361628187231;14.05.2019 15:09:22;346
636934361628656836;14.05.2019 15:09:22;346
636934361629282994;14.05.2019 15:09:22;346
636934361629750718;14.05.2019 15:09:22;347
636934361630220273;14.05.2019 15:09:23;347
636934361630688911;14.05.2019 15:09:23;347
636934361631157552;14.05.2019 15:09:23;348
636934361631782447;14.05.2019 15:09:23;347
636934361632250132;14.05.2019 15:09:23;347
636934361632719684;14.05.2019 15:09:23;348
636934361633188334;14.05.2019 15:09:23;348
636934361633656972;14.05.2019 15:09:23;347
636934361634281825;14.05.2019 15:09:23;349
636934361634750463;14.05.2019 15:09:23;347
636934361635219107;14.05.2019 15:09:23;348
636934361635687742;14.05.2019 15:09:23;349
636934361636312615;14.05.2019 15:09:23;348
636934361636781685;14.05.2019 15:09:23;348
636934361637251262;14.05.2019 15:09:23;349
636934361637719939;14.05.2019 15:09:23;349
636934361638344754;14.05.2019 15:09:23;349
636934361638813398;14.05.2019 15:09:23;350
636934361639282036;14.05.2019 15:09:23;349
636934361639750671;14.05.2019 15:09:23;349
636934361640219323;14.05.2019 15:09:24;350
636934361640844168;14.05.2019 15:09:24;349
636934361641312812;14.05.2019 15:09:24;350
636934361641781447;14.05.2019 15:09:24;350
636934361642250102;14.05.2019 15:09:24;349
636934361642718767;14.05.2019 15:09:24;349
636934361643342668;14.05.2019 15:09:24;349
636934361643812226;14.05.2019 15:09:24;348
636934361644280869;14.05.2019 15:09:24;347
636934361644749499;14.05.2019 15:09:24;347
636934361645374361;14.05.2019 15:09:24;346
636934361645842337;14.05.2019 15:09:24;344
636934361646311642;14.05.2019 15:09:24;343
636934361646780303;14.05.2019 15:09:24;341
636934361647249198;14.05.2019 15:09:24;340
636934361647875373;14.05.2019 15:09:24;338
636934361648345081;14.05.2019 15:09:24;336
636934361648814916;14.05.2019 15:09:24;334
636934361649283501;14.05.2019 15:09:24;332
636934361649752156;14.05.2019 15:09:24;331
636934361650377021;14.05.2019 15:09:25;329
636934361650845656;14.05.2019 15:09:25;327
636934361651314690;14.05.2019 15:09:25;325
636934361651941691;14.05.2019 15:09:25;324
636934361652411692;14.05.2019 15:09:25;322
636934361652881807;14.05.2019 15:09:25;320
636934361653350470;14.05.2019 15:09:25;319
636934361653819108;14.05.2019 15:09:25;319
636934361654443956;14.05.2019 15:09:25;317
636934361654913505;14.05.2019 15:09:25;316
636934361655383324;14.05.2019 15:09:25;316
636934361655851430;14.05.2019 15:09:25;315
636934361656320644;14.05.2019 15:09:25;315
636934361656789623;14.05.2019 15:09:25;314
636934361657415612;14.05.2019 15:09:25;314
636934361657885483;14.05.2019 15:09:25;314
636934361658354421;14.05.2019 15:09:25;314
636934361658980255;14.05.2019 15:09:25;314
636934361659450040;14.05.2019 15:09:25;313
636934361659919576;14.05.2019 15:09:25;314
636934361660388280;14.05.2019 15:09:26;314
636934361660856298;14.05.2019 15:09:26;314
636934361661481708;14.05.2019 15:09:26;314
636934361661951956;14.05.2019 15:09:26;314
636934361662422727;14.05.2019 15:09:26;314
636934361662891648;14.05.2019 15:09:26;315
636934361663360311;14.05.2019 15:09:26;314
636934361663985164;14.05.2019 15:09:26;314
636934361664454678;14.05.2019 15:09:26;313
636934361664923316;14.05.2019 15:09:26;313
636934361665391962;14.05.2019 15:09:26;313
636934361666017143;14.05.2019 15:09:26;312
636934361666485889;14.05.2019 15:09:26;312
636934361666955322;14.05.2019 15:09:26;311
636934361667423087;14.05.2019 15:09:26;310
636934361667891947;14.05.2019 15:09:26;309
636934361668518493;14.05.2019 15:09:26;310
636934361668986256;14.05.2019 15:09:26;310
636934361669457565;14.05.2019 15:09:26;309
636934361669927075;14.05.2019 15:09:26;310
636934361670395750;14.05.2019 15:09:27;309
636934361671019719;14.05.2019 15:09:27;309
636934361671489233;14.05.2019 15:09:27;308
636934361671957849;14.05.2019 15:09:27;308
636934361672426517;14.05.2019 15:09:27;308
636934361673051346;14.05.2019 15:09:27;308
636934361673520009;14.05.2019 15:09:27;309
636934361673988663;14.05.2019 15:09:27;308
636934361674457349;14.05.2019 15:09:27;309
636934361675082147;14.05.2019 15:09:27;309
636934361675550790;14.05.2019 15:09:27;309
636934361676019423;14.05.2019 15:09:27;309
636934361676488069;14.05.2019 15:09:27;310
636934361676956666;14.05.2019 15:09:27;309
636934361677580680;14.05.2019 15:09:27;309
636934361678049321;14.05.2019 15:09:27;310
636934361678518834;14.05.2019 15:09:27;310
636934361678987458;14.05.2019 15:09:27;310
636934361679456113;14.05.2019 15:09:27;310
636934361680080930;14.05.2019 15:09:28;311
636934361680548732;14.05.2019 15:09:28;309
636934361681017672;14.05.2019 15:09:28;309
636934361681486886;14.05.2019 15:09:28;309
636934361682112912;14.05.2019 15:09:28;308
636934361682581982;14.05.2019 15:09:28;306
636934361683050096;14.05.2019 15:09:28;306
636934361683519626;14.05.2019 15:09:28;303
636934361683988259;14.05.2019 15:09:28;303
636934361684613107;14.05.2019 15:09:28;300
636934361685080872;14.05.2019 15:09:28;299
636934361685549505;14.05.2019 15:09:28;298
636934361686019040;14.05.2019 15:09:28;295
636934361686487679;14.05.2019 15:09:28;294
636934361687112565;14.05.2019 15:09:28;293
636934361687580292;14.05.2019 15:09:28;290
636934361688048913;14.05.2019 15:09:28;289
636934361688518449;14.05.2019 15:09:28;289
636934361689143660;14.05.2019 15:09:28;287
636934361689614977;14.05.2019 15:09:28;286
636934361690083637;14.05.2019 15:09:29;286
636934361690552275;14.05.2019 15:09:29;284
636934361691177716;14.05.2019 15:09:29;283
636934361691647014;14.05.2019 15:09:29;283
636934361692116619;14.05.2019 15:09:29;282
636934361692584592;14.05.2019 15:09:29;281
636934361693052955;14.05.2019 15:09:29;280
636934361693678718;14.05.2019 15:09:29;280
636934361694148511;14.05.2019 15:09:29;279
636934361694617207;14.05.2019 15:09:29;278
636934361695086081;14.05.2019 15:09:29;277
636934361695555104;14.05.2019 15:09:29;277
636934361696180841;14.05.2019 15:09:29;277
636934361696650690;14.05.2019 15:09:29;276
636934361697119350;14.05.2019 15:09:29;275
636934361697588839;14.05.2019 15:09:29;276
636934361698213765;14.05.2019 15:09:29;275
636934361698681474;14.05.2019 15:09:29;275
636934361699151260;14.05.2019 15:09:29;275
636934361699620488;14.05.2019 15:09:29;275
636934361700089447;14.05.2019 15:09:30;275
636934361700714290;14.05.2019 15:09:30;275
636934361701182055;14.05.2019 15:09:30;275
636934361701651568;14.05.2019 15:09:30;276
636934361702120215;14.05.2019 15:09:30;276
636934361702588825;14.05.2019 15:09:30;276
636934361703214144;14.05.2019 15:09:30;276
636934361703683694;14.05.2019 15:09:30;276
636934361704152359;14.05.2019 15:09:30;277
636934361704620970;14.05.2019 15:09:30;276
636934361705245887;14.05.2019 15:09:30;277
636934361705714572;14.05.2019 15:09:30;277
636934361706183116;14.05.2019 15:09:30;277
636934361706653297;14.05.2019 15:09:30;276
636934361707278855;14.05.2019 15:09:30;275
636934361707747686;14.05.2019 15:09:30;277
636934361708216325;14.05.2019 15:09:30;279
636934361708684965;14.05.2019 15:09:30;280
636934361709153609;14.05.2019 15:09:30;281
636934361709778460;14.05.2019 15:09:30;282
636934361710246275;14.05.2019 15:09:31;282
636934361710715761;14.05.2019 15:09:31;285
636934361711183509;14.05.2019 15:09:31;285
636934361711654148;14.05.2019 15:09:31;286
636934361712279143;14.05.2019 15:09:31;287
636934361712748756;14.05.2019 15:09:31;288
636934361713218488;14.05.2019 15:09:31;288
636934361713687160;14.05.2019 15:09:31;289
636934361714312019;14.05.2019 15:09:31;288
636934361714779787;14.05.2019 15:09:31;289
636934361715248910;14.05.2019 15:09:31;291
636934361715718454;14.05.2019 15:09:31;291
636934361716187067;14.05.2019 15:09:31;292
636934361716812477;14.05.2019 15:09:31;294
636934361717281140;14.05.2019 15:09:31;293
636934361717750072;14.05.2019 15:09:31;294
636934361718218732;14.05.2019 15:09:31;296
636934361718688262;14.05.2019 15:09:31;296
636934361719314454;14.05.2019 15:09:31;297
636934361719782250;14.05.2019 15:09:31;299
636934361720252498;14.05.2019 15:09:32;298
636934361720878304;14.05.2019 15:09:32;298
636934361721348535;14.05.2019 15:09:32;299
636934361721817799;14.05.2019 15:09:32;299
636934361722287618;14.05.2019 15:09:32;300
636934361722755375;14.05.2019 15:09:32;301
636934361723225210;14.05.2019 15:09:32;300
636934361723850933;14.05.2019 15:09:32;301
636934361724319918;14.05.2019 15:09:32;300
636934361724789525;14.05.2019 15:09:32;300
636934361725257227;14.05.2019 15:09:32;301
636934361725726738;14.05.2019 15:09:32;300
636934361726352087;14.05.2019 15:09:32;301
636934361726822110;14.05.2019 15:09:32;302
636934361727291685;14.05.2019 15:09:32;301
636934361727915624;14.05.2019 15:09:32;302
636934361728384609;14.05.2019 15:09:32;303
636934361728854108;14.05.2019 15:09:32;302
636934361729321912;14.05.2019 15:09:32;302
636934361729792490;14.05.2019 15:09:32;303
636934361730417631;14.05.2019 15:09:33;302
636934361730886885;14.05.2019 15:09:33;302
636934361731355536;14.05.2019 15:09:33;303
636934361731823288;14.05.2019 15:09:33;303
636934361732294403;14.05.2019 15:09:33;303
636934361732919265;14.05.2019 15:09:33;303
636934361733388792;14.05.2019 15:09:33;304
636934361733856940;14.05.2019 15:09:33;304
636934361734326082;14.05.2019 15:09:33;304
636934361734950933;14.05.2019 15:09:33;305
636934361735418682;14.05.2019 15:09:33;305
636934361735888209;14.05.2019 15:09:33;305
636934361736356855;14.05.2019 15:09:33;306
636934361736824612;14.05.2019 15:09:33;307
636934361737450344;14.05.2019 15:09:33;307
636934361737918098;14.05.2019 15:09:33;307
636934361738388003;14.05.2019 15:09:33;308
636934361738857547;14.05.2019 15:09:33;308
636934361739326473;14.05.2019 15:09:33;309
636934361739952252;14.05.2019 15:09:33;309
636934361740420394;14.05.2019 15:09:34;309
636934361740889503;14.05.2019 15:09:34;309
636934361741358146;14.05.2019 15:09:34;309
636934361741982546;14.05.2019 15:09:34;309
636934361742452353;14.05.2019 15:09:34;310
636934361742922431;14.05.2019 15:09:34;310
636934361743391976;14.05.2019 15:09:34;311
636934361744017117;14.05.2019 15:09:34;311
636934361744485830;14.05.2019 15:09:34;312
636934361744955344;14.05.2019 15:09:34;312
636934361745424173;14.05.2019 15:09:34;311
636934361745893711;14.05.2019 15:09:34;311
636934361746518562;14.05.2019 15:09:34;312
636934361746987197;14.05.2019 15:09:34;312
636934361747455015;14.05.2019 15:09:34;313
636934361747924520;14.05.2019 15:09:34;313
636934361748393139;14.05.2019 15:09:34;315
636934361749017209;14.05.2019 15:09:34;314
636934361749486927;14.05.2019 15:09:34;314
636934361749956923;14.05.2019 15:09:34;315
636934361750425533;14.05.2019 15:09:35;315
636934361751050384;14.05.2019 15:09:35;315
636934361751519629;14.05.2019 15:09:35;315
636934361751989480;14.05.2019 15:09:35;316
636934361752457822;14.05.2019 15:09:35;316
636934361752927369;14.05.2019 15:09:35;316
636934361753553607;14.05.2019 15:09:35;318
636934361754022473;14.05.2019 15:09:35;318
636934361754492019;14.05.2019 15:09:35;319
636934361754960660;14.05.2019 15:09:35;319
636934361755429298;14.05.2019 15:09:35;319
636934361756054412;14.05.2019 15:09:35;319
636934361756525322;14.05.2019 15:09:35;320
636934361756993312;14.05.2019 15:09:35;319
636934361757462776;14.05.2019 15:09:35;319
636934361758088906;14.05.2019 15:09:35;319
636934361758559941;14.05.2019 15:09:35;320
636934361759029518;14.05.2019 15:09:35;319
636934361759497724;14.05.2019 15:09:35;319
636934361759967265;14.05.2019 15:09:35;320
636934361760592390;14.05.2019 15:09:36;320
636934361761061045;14.05.2019 15:09:36;320
636934361761531866;14.05.2019 15:09:36;319
636934361761999626;14.05.2019 15:09:36;319
636934361762469533;14.05.2019 15:09:36;321
636934361763095304;14.05.2019 15:09:36;321
636934361763565144;14.05.2019 15:09:36;321
636934361764033757;14.05.2019 15:09:36;322
636934361764502453;14.05.2019 15:09:36;321
636934361765127279;14.05.2019 15:09:36;321
636934361765595917;14.05.2019 15:09:36;321
636934361766063691;14.05.2019 15:09:36;322
636934361766533185;14.05.2019 15:09:36;321
636934361767157166;14.05.2019 15:09:36;322
636934361767625807;14.05.2019 15:09:36;322
636934361768095655;14.05.2019 15:09:36;323
636934361768565296;14.05.2019 15:09:36;322
636934361769033868;14.05.2019 15:09:36;324
636934361769658192;14.05.2019 15:09:36;323
636934361770126750;14.05.2019 15:09:37;323
636934361770596036;14.05.2019 15:09:37;324
636934361771064605;14.05.2019 15:09:37;323
636934361771533346;14.05.2019 15:09:37;325
636934361772158172;14.05.2019 15:09:37;324
636934361772625857;14.05.2019 15:09:37;324
636934361773095378;14.05.2019 15:09:37;325
636934361773564022;14.05.2019 15:09:37;325
636934361774188848;14.05.2019 15:09:37;325
636934361774656862;14.05.2019 15:09:37;325
636934361775125523;14.05.2019 15:09:37;325
636934361775596261;14.05.2019 15:09:37;325
636934361776063990;14.05.2019 15:09:37;325
636934361776690054;14.05.2019 15:09:37;325
636934361777158715;14.05.2019 15:09:37;325
636934361777627358;14.05.2019 15:09:37;325
636934361778097113;14.05.2019 15:09:37;326
636934361778566668;14.05.2019 15:09:37;326
636934361779192261;14.05.2019 15:09:37;326
636934361779660921;14.05.2019 15:09:37;327
636934361780129562;14.05.2019 15:09:38;328
636934361780599101;14.05.2019 15:09:38;328
636934361781223946;14.05.2019 15:09:38;328
636934361781692537;14.05.2019 15:09:38;329
636934361782160621;14.05.2019 15:09:38;329
636934361782628971;14.05.2019 15:09:38;329
636934361783255351;14.05.2019 15:09:38;329
636934361783724889;14.05.2019 15:09:38;330
636934361784193918;14.05.2019 15:09:38;329
636934361784662833;14.05.2019 15:09:38;330
636934361785131526;14.05.2019 15:09:38;330
636934361785757206;14.05.2019 15:09:38;331
636934361786226805;14.05.2019 15:09:38;331
636934361786694858;14.05.2019 15:09:38;331
636934361787164411;14.05.2019 15:09:38;331
636934361787632478;14.05.2019 15:09:38;331
636934361788257060;14.05.2019 15:09:38;330
636934361788726532;14.05.2019 15:09:38;332
636934361789195511;14.05.2019 15:09:38;332
636934361789664493;14.05.2019 15:09:38;334
636934361790290662;14.05.2019 15:09:39;333
636934361790759328;14.05.2019 15:09:39;333
636934361791228847;14.05.2019 15:09:39;334
636934361791697502;14.05.2019 15:09:39;333
636934361792166131;14.05.2019 15:09:39;334
636934361792790982;14.05.2019 15:09:39;334
636934361793258739;14.05.2019 15:09:39;334
636934361793728261;14.05.2019 15:09:39;335
636934361794196905;14.05.2019 15:09:39;335
636934361794665507;14.05.2019 15:09:39;335
636934361795290399;14.05.2019 15:09:39;335
636934361795760716;14.05.2019 15:09:39;334
636934361796230254;14.05.2019 15:09:39;334
636934361796855224;14.05.2019 15:09:39;334
636934361797324766;14.05.2019 15:09:39;333
636934361797793650;14.05.2019 15:09:39;334
636934361798262310;14.05.2019 15:09:39;335
636934361798731824;14.05.2019 15:09:39;334
636934361799355805;14.05.2019 15:09:39;334
636934361799825828;14.05.2019 15:09:39;335
636934361800295372;14.05.2019 15:09:40;334
636934361800764406;14.05.2019 15:09:40;334
636934361801234294;14.05.2019 15:09:40;336
636934361801704267;14.05.2019 15:09:40;336
636934361802331559;14.05.2019 15:09:40;336
636934361802801131;14.05.2019 15:09:40;338
636934361803269982;14.05.2019 15:09:40;337
636934361803739518;14.05.2019 15:09:40;338
636934361804365571;14.05.2019 15:09:40;339
636934361804834215;14.05.2019 15:09:40;338
636934361805303243;14.05.2019 15:09:40;338
636934361805774247;14.05.2019 15:09:40;338
636934361806399339;14.05.2019 15:09:40;338
636934361806869468;14.05.2019 15:09:40;338
636934361807337748;14.05.2019 15:09:40;339
636934361807806799;14.05.2019 15:09:40;338
636934361808275412;14.05.2019 15:09:40;338
636934361808899329;14.05.2019 15:09:40;340
636934361809368934;14.05.2019 15:09:40;339
636934361809837852;14.05.2019 15:09:40;340
636934361810307391;14.05.2019 15:09:41;341
636934361810776040;14.05.2019 15:09:41;340
636934361811400010;14.05.2019 15:09:41;341
636934361811868725;14.05.2019 15:09:41;341
636934361812339455;14.05.2019 15:09:41;341
636934361812808135;14.05.2019 15:09:41;341
636934361813432875;14.05.2019 15:09:41;341
636934361813900676;14.05.2019 15:09:41;342
636934361814369322;14.05.2019 15:09:41;342
636934361814838866;14.05.2019 15:09:41;342
636934361815307479;14.05.2019 15:09:41;341
636934361815932710;14.05.2019 15:09:41;341
636934361816402259;14.05.2019 15:09:41;341
636934361816870011;14.05.2019 15:09:41;341
636934361817338981;14.05.2019 15:09:41;341
636934361817808572;14.05.2019 15:09:41;342
636934361818433681;14.05.2019 15:09:41;342
636934361818903236;14.05.2019 15:09:41;342
636934361819372198;14.05.2019 15:09:41;343
636934361819997052;14.05.2019 15:09:41;342
636934361820467773;14.05.2019 15:09:42;342
636934361820936414;14.05.2019 15:09:42;342
636934361821405412;14.05.2019 15:09:42;342
636934361821874590;14.05.2019 15:09:42;343
636934361822343256;14.05.2019 15:09:42;343
636934361822968994;14.05.2019 15:09:42;343
636934361823437632;14.05.2019 15:09:42;342
636934361823905391;14.05.2019 15:09:42;343
636934361824374589;14.05.2019 15:09:42;343
636934361824843546;14.05.2019 15:09:42;343
636934361825468410;14.05.2019 15:09:42;342
636934361825936913;14.05.2019 15:09:42;343
636934361826406202;14.05.2019 15:09:42;341
636934361827032485;14.05.2019 15:09:42;342
636934361827501120;14.05.2019 15:09:42;341
636934361827970686;14.05.2019 15:09:42;342
636934361828440832;14.05.2019 15:09:42;342
636934361828910381;14.05.2019 15:09:42;342
636934361829534348;14.05.2019 15:09:42;342
636934361830002981;14.05.2019 15:09:43;340
636934361830472511;14.05.2019 15:09:43;336
636934361830940268;14.05.2019 15:09:43;333
636934361831410097;14.05.2019 15:09:43;333
636934361832036106;14.05.2019 15:09:43;333
636934361832504752;14.05.2019 15:09:43;333
636934361832975621;14.05.2019 15:09:43;333
636934361833445857;14.05.2019 15:09:43;333
636934361834071911;14.05.2019 15:09:43;334
636934361834540574;14.05.2019 15:09:43;334
636934361835009201;14.05.2019 15:09:43;333
636934361835478739;14.05.2019 15:09:43;335
636934361835947333;14.05.2019 15:09:43;334
636934361836572189;14.05.2019 15:09:43;334
636934361837039990;14.05.2019 15:09:43;334
636934361837508764;14.05.2019 15:09:43;334
636934361837978195;14.05.2019 15:09:43;334
636934361838446744;14.05.2019 15:09:43;335
636934361839071002;14.05.2019 15:09:43;336
636934361839541416;14.05.2019 15:09:43;338
636934361840009178;14.05.2019 15:09:44;340
636934361840478706;14.05.2019 15:09:44;338
636934361841102673;14.05.2019 15:09:44;337
636934361841573735;14.05.2019 15:09:44;337
636934361842043398;14.05.2019 15:09:44;336
636934361842512050;14.05.2019 15:09:44;337
636934361843139397;14.05.2019 15:09:44;338
636934361843610155;14.05.2019 15:09:44;337
636934361844079211;14.05.2019 15:09:44;341
636934361844547799;14.05.2019 15:09:44;348
636934361845016440;14.05.2019 15:09:44;351
636934361845485976;14.05.2019 15:09:44;353
636934361846111333;14.05.2019 15:09:44;350
636934361846580872;14.05.2019 15:09:44;346
636934361847048684;14.05.2019 15:09:44;345
636934361847517455;14.05.2019 15:09:44;344
636934361848142362;14.05.2019 15:09:44;344
636934361848611651;14.05.2019 15:09:44;344
636934361849079657;14.05.2019 15:09:44;345
636934361849548930;14.05.2019 15:09:44;347
636934361850174310;14.05.2019 15:09:45;348
636934361850643851;14.05.2019 15:09:45;350
636934361851112505;14.05.2019 15:09:45;350
636934361851580251;14.05.2019 15:09:45;349
636934361852050136;14.05.2019 15:09:45;350
636934361852675882;14.05.2019 15:09:45;349
636934361853145063;14.05.2019 15:09:45;350
636934361853614604;14.05.2019 15:09:45;350
636934361854083223;14.05.2019 15:09:45;349
636934361854551861;14.05.2019 15:09:45;348
636934361855176748;14.05.2019 15:09:45;349
636934361855646649;14.05.2019 15:09:45;345
636934361856115331;14.05.2019 15:09:45;347
636934361856583911;14.05.2019 15:09:45;348
636934361857207947;14.05.2019 15:09:45;348
636934361857677417;14.05.2019 15:09:45;348
636934361858145553;14.05.2019 15:09:45;348
636934361858615089;14.05.2019 15:09:45;349
636934361859083076;14.05.2019 15:09:45;350
636934361859708932;14.05.2019 15:09:45;350
636934361860178681;14.05.2019 15:09:46;351
636934361860648231;14.05.2019 15:09:46;351
636934361861116869;14.05.2019 15:09:46;350
636934361861585524;14.05.2019 15:09:46;350
636934361862210879;14.05.2019 15:09:46;350
636934361862680450;14.05.2019 15:09:46;351
636934361863149565;14.05.2019 15:09:46;351
636934361863620336;14.05.2019 15:09:46;351
636934361864245993;14.05.2019 15:09:46;351
636934361864715931;14.05.2019 15:09:46;351
636934361865184597;14.05.2019 15:09:46;350
636934361865654401;14.05.2019 15:09:46;351
636934361866280474;14.05.2019 15:09:46;350
636934361866749452;14.05.2019 15:09:46;350
636934361867218969;14.05.2019 15:09:46;350
636934361867687640;14.05.2019 15:09:46;350
636934361868156278;14.05.2019 15:09:46;350
636934361868780251;14.05.2019 15:09:46;350
636934361869248889;14.05.2019 15:09:46;350
636934361869717823;14.05.2019 15:09:46;350
636934361870187370;14.05.2019 15:09:47;350
636934361870656393;14.05.2019 15:09:47;351
636934361871281269;14.05.2019 15:09:47;351
636934361871751223;14.05.2019 15:09:47;351
636934361872220814;14.05.2019 15:09:47;351
636934361872689408;14.05.2019 15:09:47;351
636934361873315940;14.05.2019 15:09:47;350
636934361873785481;14.05.2019 15:09:47;350
636934361874254153;14.05.2019 15:09:47;350
636934361874834525;14.05.2019 15:09:47;350
636934361875197873;14.05.2019 15:09:47;351
636934361875822724;14.05.2019 15:09:47;352
636934361876292237;14.05.2019 15:09:47;351
636934361876760875;14.05.2019 15:09:47;352
636934361877229519;14.05.2019 15:09:47;352
636934361877697284;14.05.2019 15:09:47;352
636934361878323013;14.05.2019 15:09:47;352
636934361878791651;14.05.2019 15:09:47;354
636934361879259422;14.05.2019 15:09:47;352
636934361879729363;14.05.2019 15:09:47;351
636934361880355471;14.05.2019 15:09:48;352
636934361880824148;14.05.2019 15:09:48;352
636934361881293645;14.05.2019 15:09:48;352
636934361881762491;14.05.2019 15:09:48;352
636934361882231996;14.05.2019 15:09:48;352
636934361882856885;14.05.2019 15:09:48;353
636934361883325873;14.05.2019 15:09:48;353
636934361883795467;14.05.2019 15:09:48;352
636934361884264371;14.05.2019 15:09:48;353
636934361884734264;14.05.2019 15:09:48;353
636934361885360403;14.05.2019 15:09:48;352
636934361885830448;14.05.2019 15:09:48;352
636934361886299106;14.05.2019 15:09:48;354
636934361886768594;14.05.2019 15:09:48;353
636934361887393475;14.05.2019 15:09:48;353
636934361887862130;14.05.2019 15:09:48;355
636934361888332386;14.05.2019 15:09:48;353
636934361888801919;14.05.2019 15:09:48;353
636934361889270948;14.05.2019 15:09:48;354
636934361889896766;14.05.2019 15:09:48;353
636934361890365694;14.05.2019 15:09:49;353
636934361890836893;14.05.2019 15:09:49;354
636934361891306896;14.05.2019 15:09:49;354
636934361891776404;14.05.2019 15:09:49;354
636934361892401582;14.05.2019 15:09:49;355
636934361892871533;14.05.2019 15:09:49;354
636934361893341163;14.05.2019 15:09:49;354
636934361893809779;14.05.2019 15:09:49;356
636934361894434685;14.05.2019 15:09:49;355
636934361894903323;14.05.2019 15:09:49;355
636934361895371962;14.05.2019 15:09:49;356
636934361895840976;14.05.2019 15:09:49;355
636934361896466728;14.05.2019 15:09:49;355
636934361896936601;14.05.2019 15:09:49;356
636934361897405237;14.05.2019 15:09:49;355
636934361897873875;14.05.2019 15:09:49;355
636934361898342518;14.05.2019 15:09:49;355
636934361898967291;14.05.2019 15:09:49;356
636934361899438138;14.05.2019 15:09:49;357
636934361899907058;14.05.2019 15:09:49;356
636934361900376843;14.05.2019 15:09:50;356
636934361900846379;14.05.2019 15:09:50;356
636934361901471659;14.05.2019 15:09:50;356
636934361901940297;14.05.2019 15:09:50;357
636934361902409816;14.05.2019 15:09:50;357
636934361902878460;14.05.2019 15:09:50;357
636934361903503629;14.05.2019 15:09:50;357
636934361903973226;14.05.2019 15:09:50;357
636934361904441839;14.05.2019 15:09:50;356
636934361904911289;14.05.2019 15:09:50;356
636934361905379924;14.05.2019 15:09:50;358
636934361906006354;14.05.2019 15:09:50;358
636934361906475893;14.05.2019 15:09:50;358
636934361906945797;14.05.2019 15:09:50;359
636934361907414424;14.05.2019 15:09:50;359
636934361907883175;14.05.2019 15:09:50;359
636934361908509414;14.05.2019 15:09:50;359
636934361908978074;14.05.2019 15:09:50;359
636934361909445975;14.05.2019 15:09:50;359
636934361909916051;14.05.2019 15:09:50;359
636934361910541318;14.05.2019 15:09:51;359
636934361911011349;14.05.2019 15:09:51;359
636934361911482184;14.05.2019 15:09:51;359
636934361911951064;14.05.2019 15:09:51;359
636934361912419724;14.05.2019 15:09:51;359
636934361913045450;14.05.2019 15:09:51;359
636934361913514457;14.05.2019 15:09:51;360
636934361913984106;14.05.2019 15:09:51;359
636934361914452650;14.05.2019 15:09:51;360
636934361914921282;14.05.2019 15:09:51;360
636934361915547959;14.05.2019 15:09:51;360
636934361916019234;14.05.2019 15:09:51;360
636934361916488781;14.05.2019 15:09:51;360
636934361916957419;14.05.2019 15:09:51;360
636934361917581389;14.05.2019 15:09:51;360
636934361918050950;14.05.2019 15:09:51;360
636934361918519618;14.05.2019 15:09:51;360
636934361918988226;14.05.2019 15:09:51;360
636934361919456828;14.05.2019 15:09:51;361
636934361920081119;14.05.2019 15:09:52;361
636934361920550774;14.05.2019 15:09:52;361
636934361921018420;14.05.2019 15:09:52;361
636934361921488008;14.05.2019 15:09:52;361
636934361921956890;14.05.2019 15:09:52;362
636934361922581763;14.05.2019 15:09:52;361
636934361923051603;14.05.2019 15:09:52;362
636934361923521197;14.05.2019 15:09:52;363
636934361924146031;14.05.2019 15:09:52;363
636934361924614675;14.05.2019 15:09:52;363
636934361925082396;14.05.2019 15:09:52;362
636934361925551951;14.05.2019 15:09:52;362
636934361926020595;14.05.2019 15:09:52;362
636934361926645459;14.05.2019 15:09:52;362
636934361927114089;14.05.2019 15:09:52;363
636934361927582059;14.05.2019 15:09:52;364
636934361928051365;14.05.2019 15:09:52;362
636934361928520048;14.05.2019 15:09:52;363
636934361929144868;14.05.2019 15:09:52;363
636934361929613503;14.05.2019 15:09:52;363
636934361930082410;14.05.2019 15:09:53;363
636934361930552029;14.05.2019 15:09:53;364
636934361931177157;14.05.2019 15:09:53;364
636934361931646817;14.05.2019 15:09:53;363
636934361932115452;14.05.2019 15:09:53;364
636934361932584099;14.05.2019 15:09:53;363
636934361933208254;14.05.2019 15:09:53;363
636934361933677590;14.05.2019 15:09:53;363
636934361934146225;14.05.2019 15:09:53;363
636934361934614891;14.05.2019 15:09:53;363
636934361935083504;14.05.2019 15:09:53;364
636934361935707463;14.05.2019 15:09:53;364
636934361936177290;14.05.2019 15:09:53;364
636934361936646933;14.05.2019 15:09:53;368
636934361937115516;14.05.2019 15:09:53;370
636934361937583234;14.05.2019 15:09:53;371
636934361938208093;14.05.2019 15:09:53;371
636934361938677598;14.05.2019 15:09:53;367
636934361939145608;14.05.2019 15:09:53;366
636934361939615301;14.05.2019 15:09:53;366
636934361940241047;14.05.2019 15:09:54;365
636934361940709347;14.05.2019 15:09:54;365
636934361941178007;14.05.2019 15:09:54;366
636934361941647526;14.05.2019 15:09:54;365
636934361942116161;14.05.2019 15:09:54;366
636934361942741070;14.05.2019 15:09:54;368
636934361943209703;14.05.2019 15:09:54;367
636934361943678341;14.05.2019 15:09:54;367
636934361944147289;14.05.2019 15:09:54;368
636934361944616864;14.05.2019 15:09:54;367
636934361945241723;14.05.2019 15:09:54;367
636934361945710358;14.05.2019 15:09:54;368
636934361946178996;14.05.2019 15:09:54;367
636934361946647640;14.05.2019 15:09:54;367
636934361947272499;14.05.2019 15:09:54;369
636934361947741106;14.05.2019 15:09:54;368
636934361948209780;14.05.2019 15:09:54;368
636934361948678407;14.05.2019 15:09:54;369
636934361949303261;14.05.2019 15:09:54;368
636934361949771902;14.05.2019 15:09:54;369
636934361950240604;14.05.2019 15:09:55;370
636934361950709183;14.05.2019 15:09:55;369
636934361951177824;14.05.2019 15:09:55;369
636934361951802775;14.05.2019 15:09:55;369
636934361952270402;14.05.2019 15:09:55;368
636934361952739441;14.05.2019 15:09:55;368
636934361953210817;14.05.2019 15:09:55;368
636934361953680796;14.05.2019 15:09:55;368
636934361954307472;14.05.2019 15:09:55;368
636934361954776132;14.05.2019 15:09:55;369
636934361955245646;14.05.2019 15:09:55;368
636934361955714287;14.05.2019 15:09:55;368
636934361956340955;14.05.2019 15:09:55;368
636934361956810494;14.05.2019 15:09:55;368
636934361957278251;14.05.2019 15:09:55;368
636934361957747778;14.05.2019 15:09:55;369
636934361958216804;14.05.2019 15:09:55;368
636934361958843913;14.05.2019 15:09:55;368
636934361959312836;14.05.2019 15:09:55;369
636934361959781873;14.05.2019 15:09:55;368
636934361960251860;14.05.2019 15:09:56;368
636934361960721402;14.05.2019 15:09:56;368
636934361961346305;14.05.2019 15:09:56;368
636934361961814910;14.05.2019 15:09:56;368
636934361962282656;14.05.2019 15:09:56;368
636934361962752601;14.05.2019 15:09:56;368
636934361963378849;14.05.2019 15:09:56;368
636934361963848711;14.05.2019 15:09:56;368
636934361964319474;14.05.2019 15:09:56;369
636934361964787611;14.05.2019 15:09:56;368
636934361965257138;14.05.2019 15:09:56;369
636934361965882418;14.05.2019 15:09:56;369
636934361966353583;14.05.2019 15:09:56;369
636934361966823241;14.05.2019 15:09:56;369
636934361967290887;14.05.2019 15:09:56;369
636934361967760467;14.05.2019 15:09:56;369
636934361968385379;14.05.2019 15:09:56;369
636934361968854047;14.05.2019 15:09:56;369
636934361969322979;14.05.2019 15:09:56;369
636934361969791628;14.05.2019 15:09:56;369
636934361970417402;14.05.2019 15:09:57;369
636934361970886042;14.05.2019 15:09:57;369
636934361971353761;14.05.2019 15:09:57;370
636934361971823321;14.05.2019 15:09:57;371
636934361972447274;14.05.2019 15:09:57;372
636934361972916816;14.05.2019 15:09:57;372
636934361973385877;14.05.2019 15:09:57;373
636934361973855757;14.05.2019 15:09:57;373
636934361974325650;14.05.2019 15:09:57;373
636934361974794318;14.05.2019 15:09:57;373
636934361975419161;14.05.2019 15:09:57;373
636934361975889004;14.05.2019 15:09:57;372
636934361976359825;14.05.2019 15:09:57;372
636934361976828463;14.05.2019 15:09:57;373
636934361977453317;14.05.2019 15:09:57;372
636934361977923645;14.05.2019 15:09:57;373
636934361978394605;14.05.2019 15:09:57;373
636934361978862356;14.05.2019 15:09:57;373
636934361979489817;14.05.2019 15:09:57;373
636934361979958774;14.05.2019 15:09:57;374
636934361980428113;14.05.2019 15:09:58;373
636934361980896751;14.05.2019 15:09:58;373
636934361981365391;14.05.2019 15:09:58;374
636934361981990209;14.05.2019 15:09:58;373
636934361982459077;14.05.2019 15:09:58;373
636934361982928615;14.05.2019 15:09:58;374
636934361983397248;14.05.2019 15:09:58;374
636934361983865933;14.05.2019 15:09:58;375
636934361984491075;14.05.2019 15:09:58;375
636934361984960633;14.05.2019 15:09:58;375
636934361985429794;14.05.2019 15:09:58;375
636934361985898452;14.05.2019 15:09:58;376
636934361986524505;14.05.2019 15:09:58;375
636934361986993534;14.05.2019 15:09:58;375
636934361987463127;14.05.2019 15:09:58;376
636934361987932979;14.05.2019 15:09:58;375
636934361988401612;14.05.2019 15:09:58;375
636934361989025878;14.05.2019 15:09:58;376
636934361989495422;14.05.2019 15:09:58;375
636934361989964063;14.05.2019 15:09:58;375
636934361990432728;14.05.2019 15:09:59;376
636934361990901339;14.05.2019 15:09:59;375
636934361991526228;14.05.2019 15:09:59;375
636934361991994869;14.05.2019 15:09:59;377
636934361992463510;14.05.2019 15:09:59;376
636934361993088366;14.05.2019 15:09:59;376
636934361993558484;14.05.2019 15:09:59;376
636934361994028379;14.05.2019 15:09:59;376
636934361994499143;14.05.2019 15:09:59;376
636934361994967786;14.05.2019 15:09:59;377
636934361995436427;14.05.2019 15:09:59;376
636934361996060851;14.05.2019 15:09:59;376
636934361996531960;14.05.2019 15:09:59;378
636934361997001507;14.05.2019 15:09:59;376
636934361997470472;14.05.2019 15:09:59;377
636934361997940401;14.05.2019 15:09:59;376
636934361998566153;14.05.2019 15:09:59;377
636934361999035256;14.05.2019 15:09:59;377
636934361999504360;14.05.2019 15:09:59;376
636934362000130166;14.05.2019 15:10:00;376
636934362000598821;14.05.2019 15:10:00;376
636934362001067470;14.05.2019 15:10:00;377
636934362001536033;14.05.2019 15:10:00;377
636934362002004987;14.05.2019 15:10:00;377
636934362002630741;14.05.2019 15:10:00;377
636934362003099750;14.05.2019 15:10:00;377
636934362003570599;14.05.2019 15:10:00;378
636934362004039442;14.05.2019 15:10:00;377
636934362004508992;14.05.2019 15:10:00;377
636934362005132956;14.05.2019 15:10:00;378
636934362005603966;14.05.2019 15:10:00;377
636934362006073507;14.05.2019 15:10:00;377
636934362006541267;14.05.2019 15:10:00;378
636934362007167021;14.05.2019 15:10:00;378
636934362007635046;14.05.2019 15:10:00;377
636934362008104593;14.05.2019 15:10:00;378
636934362008574863;14.05.2019 15:10:00;378
636934362009044715;14.05.2019 15:10:00;378
636934362009670519;14.05.2019 15:10:00;379
636934362010139109;14.05.2019 15:10:01;379
636934362010607784;14.05.2019 15:10:01;378
636934362011076433;14.05.2019 15:10:01;379
636934362011545062;14.05.2019 15:10:01;379
636934362012170201;14.05.2019 15:10:01;379
636934362012639776;14.05.2019 15:10:01;379
636934362013108417;14.05.2019 15:10:01;379
636934362013577069;14.05.2019 15:10:01;379
636934362014203631;14.05.2019 15:10:01;379
636934362014673181;14.05.2019 15:10:01;379
636934362015142340;14.05.2019 15:10:01;379
636934362015613810;14.05.2019 15:10:01;379
636934362016083844;14.05.2019 15:10:01;379
636934362016710861;14.05.2019 15:10:01;379
636934362017178618;14.05.2019 15:10:01;379
636934362017648456;14.05.2019 15:10:01;379
636934362018118302;14.05.2019 15:10:01;379
636934362018588084;14.05.2019 15:10:01;380
636934362019214135;14.05.2019 15:10:01;379
636934362019685280;14.05.2019 15:10:01;380
636934362020154813;14.05.2019 15:10:02;379
636934362020622592;14.05.2019 15:10:02;379
636934362021092411;14.05.2019 15:10:02;379
636934362021718212;14.05.2019 15:10:02;379
636934362022186847;14.05.2019 15:10:02;379
636934362022655490;14.05.2019 15:10:02;379
636934362023124131;14.05.2019 15:10:02;379
636934362023748996;14.05.2019 15:10:02;379
636934362024217626;14.05.2019 15:10:02;379
636934362024686261;14.05.2019 15:10:02;380
636934362025154913;14.05.2019 15:10:02;379
636934362025623540;14.05.2019 15:10:02;380
636934362026250022;14.05.2019 15:10:02;380
636934362026720838;14.05.2019 15:10:02;380
636934362027189487;14.05.2019 15:10:02;380
636934362027658120;14.05.2019 15:10:02;380
636934362028126835;14.05.2019 15:10:02;380
636934362028751609;14.05.2019 15:10:02;381
636934362029220659;14.05.2019 15:10:02;380
636934362029691677;14.05.2019 15:10:02;380
636934362030316561;14.05.2019 15:10:03;381
636934362030786817;14.05.2019 15:10:03;381
636934362031256713;14.05.2019 15:10:03;381
636934362031726321;14.05.2019 15:10:03;382
636934362032194959;14.05.2019 15:10:03;381
636934362032820162;14.05.2019 15:10:03;381
636934362033289670;14.05.2019 15:10:03;381
636934362033759613;14.05.2019 15:10:03;381
636934362034228251;14.05.2019 15:10:03;382
636934362034696892;14.05.2019 15:10:03;382
636934362035165829;14.05.2019 15:10:03;382
636934362035792068;14.05.2019 15:10:03;382
636934362036263335;14.05.2019 15:10:03;382
636934362036732868;14.05.2019 15:10:03;383
636934362037357721;14.05.2019 15:10:03;383
636934362037826775;14.05.2019 15:10:03;383
636934362038296679;14.05.2019 15:10:03;383
636934362038767531;14.05.2019 15:10:03;384
636934362039236463;14.05.2019 15:10:03;384
636934362039863455;14.05.2019 15:10:03;384
636934362040333459;14.05.2019 15:10:04;384
636934362040803294;14.05.2019 15:10:04;384
636934362041274392;14.05.2019 15:10:04;384
636934362041743052;14.05.2019 15:10:04;384
636934362042212566;14.05.2019 15:10:04;383
636934362042837785;14.05.2019 15:10:04;383
636934362043307351;14.05.2019 15:10:04;384
636934362043776020;14.05.2019 15:10:04;383
636934362044402051;14.05.2019 15:10:04;383
636934362044869791;14.05.2019 15:10:04;384
636934362045339305;14.05.2019 15:10:04;383
636934362045807954;14.05.2019 15:10:04;383
636934362046276875;14.05.2019 15:10:04;384
636934362046903992;14.05.2019 15:10:04;383
636934362047372682;14.05.2019 15:10:04;382
636934362047841237;14.05.2019 15:10:04;383
636934362048309889;14.05.2019 15:10:04;383
636934362048778555;14.05.2019 15:10:04;383
636934362049403431;14.05.2019 15:10:04;384
636934362049872412;14.05.2019 15:10:04;383
636934362050342438;14.05.2019 15:10:05;383
636934362050812010;14.05.2019 15:10:05;383
636934362051436944;14.05.2019 15:10:05;383
636934362051905590;14.05.2019 15:10:05;383
636934362052374226;14.05.2019 15:10:05;384
636934362052842911;14.05.2019 15:10:05;384
636934362053311513;14.05.2019 15:10:05;384
636934362053936577;14.05.2019 15:10:05;385
636934362054405234;14.05.2019 15:10:05;384
636934362054874825;14.05.2019 15:10:05;384
636934362055343400;14.05.2019 15:10:05;386
636934362055812528;14.05.2019 15:10:05;385
636934362056438628;14.05.2019 15:10:05;385
636934362056908211;14.05.2019 15:10:05;386
636934362057376855;14.05.2019 15:10:05;385
636934362057845787;14.05.2019 15:10:05;385
636934362058471571;14.05.2019 15:10:05;386
636934362058940215;14.05.2019 15:10:05;385
636934362059408850;14.05.2019 15:10:05;385
636934362059877491;14.05.2019 15:10:05;386
636934362060502350;14.05.2019 15:10:06;385
636934362060970988;14.05.2019 15:10:06;385
636934362061439629;14.05.2019 15:10:06;385
636934362061908233;14.05.2019 15:10:06;386
636934362062376932;14.05.2019 15:10:06;386
636934362063001719;14.05.2019 15:10:06;386
636934362063470363;14.05.2019 15:10:06;386
636934362063938998;14.05.2019 15:10:06;386
636934362064407645;14.05.2019 15:10:06;387
636934362064876327;14.05.2019 15:10:06;386
636934362065501178;14.05.2019 15:10:06;386
636934362065969819;14.05.2019 15:10:06;386
636934362066438459;14.05.2019 15:10:06;385
636934362066907139;14.05.2019 15:10:06;386
636934362067531948;14.05.2019 15:10:06;386
636934362068000589;14.05.2019 15:10:06;385
636934362068469194;14.05.2019 15:10:06;384
636934362068937837;14.05.2019 15:10:06;385
636934362069406473;14.05.2019 15:10:06;385
636934362070031709;14.05.2019 15:10:07;384
636934362070501352;14.05.2019 15:10:07;385
636934362070970262;14.05.2019 15:10:07;385
636934362071439795;14.05.2019 15:10:07;385
636934362071908436;14.05.2019 15:10:07;385
636934362072533289;14.05.2019 15:10:07;385
636934362073001941;14.05.2019 15:10:07;385
636934362073470615;14.05.2019 15:10:07;385
636934362073939253;14.05.2019 15:10:07;385
636934362074565506;14.05.2019 15:10:07;385
636934362075034147;14.05.2019 15:10:07;385
636934362075502835;14.05.2019 15:10:07;385
636934362075971478;14.05.2019 15:10:07;384
636934362076597753;14.05.2019 15:10:07;385
636934362077067292;14.05.2019 15:10:07;385
636934362077535971;14.05.2019 15:10:07;385
636934362078004601;14.05.2019 15:10:07;385
636934362078473278;14.05.2019 15:10:07;386
636934362079098095;14.05.2019 15:10:07;385
636934362079566739;14.05.2019 15:10:07;386
636934362080035377;14.05.2019 15:10:08;385
636934362080504018;14.05.2019 15:10:08;385
636934362080972678;14.05.2019 15:10:08;385
636934362081597515;14.05.2019 15:10:08;385
636934362082066446;14.05.2019 15:10:08;385
636934362082536021;14.05.2019 15:10:08;385
636934362083004665;14.05.2019 15:10:08;385
636934362083629524;14.05.2019 15:10:08;385
636934362084098478;14.05.2019 15:10:08;385
636934362084568066;14.05.2019 15:10:08;385
636934362085036698;14.05.2019 15:10:08;385
636934362085505328;14.05.2019 15:10:08;386
636934362086130190;14.05.2019 15:10:08;386
636934362086598227;14.05.2019 15:10:08;385
636934362087067461;14.05.2019 15:10:08;386
636934362087536104;14.05.2019 15:10:08;386
636934362088004742;14.05.2019 15:10:08;386
636934362088629679;14.05.2019 15:10:08;386
636934362089097630;14.05.2019 15:10:08;386
636934362089566974;14.05.2019 15:10:08;386
636934362090191814;14.05.2019 15:10:09;386
636934362090659457;14.05.2019 15:10:09;386
636934362091129090;14.05.2019 15:10:09;385
636934362091597736;14.05.2019 15:10:09;385
636934362092065377;14.05.2019 15:10:09;385
636934362092691225;14.05.2019 15:10:09;386
636934362093159860;14.05.2019 15:10:09;385
636934362093628507;14.05.2019 15:10:09;385
636934362094097145;14.05.2019 15:10:09;385
636934362094565802;14.05.2019 15:10:09;386
636934362095190645;14.05.2019 15:10:09;386
636934362095659280;14.05.2019 15:10:09;385
636934362096127921;14.05.2019 15:10:09;386
636934362096596567;14.05.2019 15:10:09;387
636934362097065288;14.05.2019 15:10:09;388
636934362097690050;14.05.2019 15:10:09;387
636934362098158713;14.05.2019 15:10:09;386
636934362098627332;14.05.2019 15:10:09;387
636934362099251277;14.05.2019 15:10:09;388
636934362099720862;14.05.2019 15:10:09;387
636934362100189467;14.05.2019 15:10:10;388
636934362100658111;14.05.2019 15:10:10;388
636934362101126746;14.05.2019 15:10:10;388
636934362101751979;14.05.2019 15:10:10;388
636934362102221640;14.05.2019 15:10:10;388
636934362102690280;14.05.2019 15:10:10;388
636934362103158913;14.05.2019 15:10:10;388
636934362103627554;14.05.2019 15:10:10;388
636934362104252651;14.05.2019 15:10:10;388
636934362104722228;14.05.2019 15:10:10;389
636934362105190880;14.05.2019 15:10:10;388
636934362105659518;14.05.2019 15:10:10;389
636934362106284372;14.05.2019 15:10:10;389
636934362106752012;14.05.2019 15:10:10;389
636934362107221665;14.05.2019 15:10:10;389
636934362107690292;14.05.2019 15:10:10;390
636934362108158921;14.05.2019 15:10:10;389
636934362108783789;14.05.2019 15:10:10;389
636934362109251443;14.05.2019 15:10:10;389
636934362109721059;14.05.2019 15:10:10;388
636934362110189700;14.05.2019 15:10:11;389
636934362110658344;14.05.2019 15:10:11;389
636934362111283117;14.05.2019 15:10:11;389
636934362111751758;14.05.2019 15:10:11;389
636934362112220398;14.05.2019 15:10:11;389
636934362112689039;14.05.2019 15:10:11;389
636934362113313895;14.05.2019 15:10:11;389
636934362113782550;14.05.2019 15:10:11;390
636934362114251174;14.05.2019 15:10:11;389
636934362114719832;14.05.2019 15:10:11;390
636934362115343735;14.05.2019 15:10:11;390
636934362115813298;14.05.2019 15:10:11;391
636934362116283615;14.05.2019 15:10:11;393
636934362116752691;14.05.2019 15:10:11;393
636934362117222537;14.05.2019 15:10:11;395
636934362117848646;14.05.2019 15:10:11;397
636934362118319553;14.05.2019 15:10:11;395
636934362118788172;14.05.2019 15:10:11;394
636934362119256790;14.05.2019 15:10:11;395
636934362119725473;14.05.2019 15:10:11;395
636934362120349470;14.05.2019 15:10:12;394
636934362120818950;14.05.2019 15:10:12;391
636934362121287563;14.05.2019 15:10:12;389
636934362121755334;14.05.2019 15:10:12;388
636934362122381424;14.05.2019 15:10:12;391
636934362122850347;14.05.2019 15:10:12;391
636934362123319966;14.05.2019 15:10:12;392
636934362123789554;14.05.2019 15:10:12;392
636934362124257392;14.05.2019 15:10:12;393
636934362124884464;14.05.2019 15:10:12;393
636934362125353097;14.05.2019 15:10:12;395
636934362125820746;14.05.2019 15:10:12;395
636934362126290301;14.05.2019 15:10:12;395
636934362126758958;14.05.2019 15:10:12;396
636934362127385200;14.05.2019 15:10:12;395
636934362127853843;14.05.2019 15:10:12;395
636934362128322415;14.05.2019 15:10:12;395
636934362128791036;14.05.2019 15:10:12;393
636934362129415898;14.05.2019 15:10:12;393
636934362129884963;14.05.2019 15:10:12;394
636934362130354535;14.05.2019 15:10:13;396
636934362130823314;14.05.2019 15:10:13;396
636934362131448179;14.05.2019 15:10:13;396
636934362131918036;14.05.2019 15:10:13;396
636934362132387569;14.05.2019 15:10:13;397
636934362132856226;14.05.2019 15:10:13;398
636934362133324848;14.05.2019 15:10:13;397
636934362133793527;14.05.2019 15:10:13;396
636934362134418381;14.05.2019 15:10:13;394
636934362134888346;14.05.2019 15:10:13;394
636934362135357330;14.05.2019 15:10:13;394
636934362135827287;14.05.2019 15:10:13;393
636934362136454667;14.05.2019 15:10:13;392
636934362136924330;14.05.2019 15:10:13;394
636934362137393924;14.05.2019 15:10:13;393
636934362137862956;14.05.2019 15:10:13;392
636934362138488737;14.05.2019 15:10:13;393
636934362138957351;14.05.2019 15:10:13;393
636934362139425994;14.05.2019 15:10:13;392
636934362139894618;14.05.2019 15:10:13;393
636934362140363578;14.05.2019 15:10:14;393
636934362140990853;14.05.2019 15:10:14;393
636934362141461987;14.05.2019 15:10:14;393
636934362141930639;14.05.2019 15:10:14;393
636934362142400515;14.05.2019 15:10:14;394
636934362142870337;14.05.2019 15:10:14;394
636934362143495209;14.05.2019 15:10:14;394
636934362143964734;14.05.2019 15:10:14;396
636934362144432497;14.05.2019 15:10:14;396
636934362144902016;14.05.2019 15:10:14;397
636934362145528731;14.05.2019 15:10:14;397
636934362145999419;14.05.2019 15:10:14;397
636934362146469260;14.05.2019 15:10:14;397
636934362146937042;14.05.2019 15:10:14;397
636934362147406580;14.05.2019 15:10:14;397
636934362148031437;14.05.2019 15:10:14;398
636934362148500571;14.05.2019 15:10:14;397
636934362148970414;14.05.2019 15:10:14;398
636934362149439066;14.05.2019 15:10:14;398
636934362149909106;14.05.2019 15:10:14;398
636934362150534768;14.05.2019 15:10:15;398
636934362151004719;14.05.2019 15:10:15;398
636934362151473394;14.05.2019 15:10:15;397
636934362151941109;14.05.2019 15:10:15;398
636934362152568143;14.05.2019 15:10:15;398
636934362153037227;14.05.2019 15:10:15;398
636934362153508187;14.05.2019 15:10:15;398
636934362153976758;14.05.2019 15:10:15;398
636934362154444518;14.05.2019 15:10:15;398
636934362155070294;14.05.2019 15:10:15;398
636934362155539212;14.05.2019 15:10:15;398
636934362156009194;14.05.2019 15:10:15;399
636934362156480400;14.05.2019 15:10:15;398
636934362156949914;14.05.2019 15:10:15;398
636934362157575258;14.05.2019 15:10:15;398
636934362158043846;14.05.2019 15:10:15;398
636934362158514105;14.05.2019 15:10:15;398
636934362158983937;14.05.2019 15:10:15;398
636934362159609910;14.05.2019 15:10:15;398
636934362160079781;14.05.2019 15:10:16;398
636934362160549729;14.05.2019 15:10:16;398
636934362161018389;14.05.2019 15:10:16;399
636934362161487939;14.05.2019 15:10:16;399
636934362162112618;14.05.2019 15:10:16;399
636934362162580530;14.05.2019 15:10:16;399
636934362163051260;14.05.2019 15:10:16;399
636934362163519917;14.05.2019 15:10:16;399
636934362163988519;14.05.2019 15:10:16;399
636934362164613367;14.05.2019 15:10:16;399
636934362165082008;14.05.2019 15:10:16;400
636934362165550685;14.05.2019 15:10:16;401
636934362166019337;14.05.2019 15:10:16;400
636934362166644188;14.05.2019 15:10:16;399
636934362167112853;14.05.2019 15:10:16;399
636934362167581467;14.05.2019 15:10:16;399
636934362168050526;14.05.2019 15:10:16;399
636934362168677925;14.05.2019 15:10:16;399
636934362169146807;14.05.2019 15:10:16;399
636934362169616445;14.05.2019 15:10:16;399
636934362170086075;14.05.2019 15:10:17;398
636934362170554694;14.05.2019 15:10:17;399
636934362171178606;14.05.2019 15:10:17;399
636934362171649876;14.05.2019 15:10:17;399
636934362172119697;14.05.2019 15:10:17;399
636934362172589282;14.05.2019 15:10:17;400
636934362173057920;14.05.2019 15:10:17;399
636934362173682164;14.05.2019 15:10:17;399
636934362174152077;14.05.2019 15:10:17;399
636934362174622153;14.05.2019 15:10:17;399
636934362175092209;14.05.2019 15:10:17;399
636934362175717958;14.05.2019 15:10:17;399
636934362176188109;14.05.2019 15:10:17;399
636934362176657653;14.05.2019 15:10:17;400
636934362177125401;14.05.2019 15:10:17;400
636934362177594970;14.05.2019 15:10:17;400
636934362178219067;14.05.2019 15:10:17;400
636934362178689681;14.05.2019 15:10:17;400
636934362179158349;14.05.2019 15:10:17;400
636934362179626965;14.05.2019 15:10:17;400
636934362180095601;14.05.2019 15:10:18;400
636934362180720449;14.05.2019 15:10:18;400
636934362181189095;14.05.2019 15:10:18;400
636934362181746108;14.05.2019 15:10:18;399
636934362182190185;14.05.2019 15:10:18;400
636934362182658726;14.05.2019 15:10:18;399
636934362183127395;14.05.2019 15:10:18;399
636934362183752265;14.05.2019 15:10:18;399
636934362184220241;14.05.2019 15:10:18;398
636934362184690076;14.05.2019 15:10:18;398
636934362185159905;14.05.2019 15:10:18;398
636934362185785717;14.05.2019 15:10:18;398
636934362186255189;14.05.2019 15:10:18;398
636934362186725041;14.05.2019 15:10:18;397
636934362187194588;14.05.2019 15:10:18;398
636934362187663223;14.05.2019 15:10:18;397
636934362188288124;14.05.2019 15:10:18;397
636934362188756715;14.05.2019 15:10:18;397
636934362189225868;14.05.2019 15:10:18;398
636934362189695437;14.05.2019 15:10:18;397
636934362190164452;14.05.2019 15:10:19;397
636934362190790206;14.05.2019 15:10:19;398
636934362191259207;14.05.2019 15:10:19;397
636934362191729097;14.05.2019 15:10:19;397
636934362192198929;14.05.2019 15:10:19;396
636934362192824689;14.05.2019 15:10:19;395
636934362193293327;14.05.2019 15:10:19;394
636934362193761945;14.05.2019 15:10:19;394
636934362194230606;14.05.2019 15:10:19;393
636934362194698365;14.05.2019 15:10:19;393
636934362195323216;14.05.2019 15:10:19;393
636934362195792744;14.05.2019 15:10:19;392
636934362196261371;14.05.2019 15:10:19;391
636934362196730014;14.05.2019 15:10:19;391
636934362197198658;14.05.2019 15:10:19;390
636934362197822630;14.05.2019 15:10:19;390
636934362198292155;14.05.2019 15:10:19;389
636934362198760793;14.05.2019 15:10:19;389
636934362199229805;14.05.2019 15:10:19;388
636934362199854997;14.05.2019 15:10:19;388
636934362200324535;14.05.2019 15:10:20;389
636934362200793181;14.05.2019 15:10:20;388
636934362201261828;14.05.2019 15:10:20;388
636934362201886986;14.05.2019 15:10:20;388
636934362202356524;14.05.2019 15:10:20;387
636934362202824284;14.05.2019 15:10:20;387
636934362203293801;14.05.2019 15:10:20;387
636934362203762450;14.05.2019 15:10:20;387
636934362204389054;14.05.2019 15:10:20;386
636934362204858113;14.05.2019 15:10:20;386
636934362205326352;14.05.2019 15:10:20;386
636934362205795874;14.05.2019 15:10:20;386
636934362206264834;14.05.2019 15:10:20;386
636934362206892175;14.05.2019 15:10:20;386
636934362207361750;14.05.2019 15:10:20;385
636934362207830718;14.05.2019 15:10:20;385
636934362208299392;14.05.2019 15:10:20;385
636934362208925417;14.05.2019 15:10:20;385
636934362209395515;14.05.2019 15:10:20;384
636934362209866436;14.05.2019 15:10:20;384
636934362210336676;14.05.2019 15:10:21;383
636934362210806222;14.05.2019 15:10:21;383
636934362211431417;14.05.2019 15:10:21;381
636934362211901013;14.05.2019 15:10:21;380
636934362212369643;14.05.2019 15:10:21;380
636934362212837359;14.05.2019 15:10:21;379
636934362213306864;14.05.2019 15:10:21;379
636934362213931681;14.05.2019 15:10:21;378
636934362214401752;14.05.2019 15:10:21;376
636934362214870431;14.05.2019 15:10:21;375
636934362215338197;14.05.2019 15:10:21;374
636934362215963887;14.05.2019 15:10:21;372
636934362216434101;14.05.2019 15:10:21;370
636934362216903640;14.05.2019 15:10:21;369
636934362217371461;14.05.2019 15:10:21;368
636934362217840913;14.05.2019 15:10:21;366
636934362218465778;14.05.2019 15:10:21;365
636934362218934408;14.05.2019 15:10:21;363
636934362219403059;14.05.2019 15:10:21;362
636934362219872094;14.05.2019 15:10:21;362
636934362220340759;14.05.2019 15:10:22;360
636934362220966774;14.05.2019 15:10:22;360
636934362221436376;14.05.2019 15:10:22;360
636934362221904834;14.05.2019 15:10:22;358
636934362222374492;14.05.2019 15:10:22;357
636934362222998522;14.05.2019 15:10:22;357
636934362223468438;14.05.2019 15:10:22;356
636934362223937976;14.05.2019 15:10:22;356
636934362224406609;14.05.2019 15:10:22;356
636934362225031501;14.05.2019 15:10:22;355
636934362225499945;14.05.2019 15:10:22;354
636934362225968799;14.05.2019 15:10:22;355
636934362226437678;14.05.2019 15:10:22;353
636934362226907239;14.05.2019 15:10:22;353
636934362227533325;14.05.2019 15:10:22;353
636934362228001675;14.05.2019 15:10:22;352
636934362228470590;14.05.2019 15:10:22;351
636934362228938344;14.05.2019 15:10:22;352
636934362229407880;14.05.2019 15:10:22;351
636934362230034579;14.05.2019 15:10:23;351
636934362230503824;14.05.2019 15:10:23;352
636934362230972991;14.05.2019 15:10:23;351
636934362231442541;14.05.2019 15:10:23;351
636934362232067388;14.05.2019 15:10:23;352
636934362232535137;14.05.2019 15:10:23;351
636934362233004684;14.05.2019 15:10:23;351
636934362233473308;14.05.2019 15:10:23;352
636934362233942245;14.05.2019 15:10:23;352
636934362234568052;14.05.2019 15:10:23;351
636934362235036987;14.05.2019 15:10:23;352
636934362235506500;14.05.2019 15:10:23;351
636934362235975127;14.05.2019 15:10:23;352
636934362236444106;14.05.2019 15:10:23;353
636934362237069854;14.05.2019 15:10:23;352
636934362237539631;14.05.2019 15:10:23;352
636934362238008291;14.05.2019 15:10:23;352
636934362238476974;14.05.2019 15:10:23;353
636934362239100916;14.05.2019 15:10:23;353
636934362239570781;14.05.2019 15:10:23;353
636934362240040372;14.05.2019 15:10:24;353
636934362240508955;14.05.2019 15:10:24;354
636934362241135243;14.05.2019 15:10:24;354
636934362241605289;14.05.2019 15:10:24;354
636934362242076407;14.05.2019 15:10:24;353
636934362242545305;14.05.2019 15:10:24;355
636934362243014337;14.05.2019 15:10:24;354
636934362243483798;14.05.2019 15:10:24;354
636934362244109901;14.05.2019 15:10:24;355
636934362244579705;14.05.2019 15:10:24;354
636934362245050399;14.05.2019 15:10:24;354
636934362245518125;14.05.2019 15:10:24;354
636934362246145550;14.05.2019 15:10:24;352
636934362246615080;14.05.2019 15:10:24;351
636934362247083726;14.05.2019 15:10:24;351
636934362247552686;14.05.2019 15:10:24;350
636934362248178822;14.05.2019 15:10:24;349
636934362248648641;14.05.2019 15:10:24;349
636934362249118437;14.05.2019 15:10:24;348
636934362249588285;14.05.2019 15:10:24;348
636934362250057879;14.05.2019 15:10:25;348
636934362250525581;14.05.2019 15:10:25;348
636934362251151363;14.05.2019 15:10:25;347
636934362251620303;14.05.2019 15:10:25;348
636934362252088963;14.05.2019 15:10:25;347
636934362252557867;14.05.2019 15:10:25;347
636934362253182457;14.05.2019 15:10:25;346
636934362253652048;14.05.2019 15:10:25;346
636934362254120614;14.05.2019 15:10:25;345
636934362254589061;14.05.2019 15:10:25;344
636934362255213283;14.05.2019 15:10:25;344
636934362255683060;14.05.2019 15:10:25;343
636934362256152692;14.05.2019 15:10:25;343
636934362256620361;14.05.2019 15:10:25;342
636934362257089888;14.05.2019 15:10:25;342
636934362257713919;14.05.2019 15:10:25;342
636934362258183377;14.05.2019 15:10:25;342
636934362258652029;14.05.2019 15:10:25;341
636934362259119778;14.05.2019 15:10:25;342
636934362259589593;14.05.2019 15:10:25;341
636934362260215355;14.05.2019 15:10:26;341
636934362260684029;14.05.2019 15:10:26;341
636934362261153133;14.05.2019 15:10:26;341
636934362261778563;14.05.2019 15:10:26;341
636934362262248467;14.05.2019 15:10:26;341
636934362262718019;14.05.2019 15:10:26;341
636934362263186716;14.05.2019 15:10:26;341
636934362263655293;14.05.2019 15:10:26;342
636934362264123933;14.05.2019 15:10:26;342
636934362264749593;14.05.2019 15:10:26;341
636934362265219168;14.05.2019 15:10:26;342
636934362265688113;14.05.2019 15:10:26;341
636934362266158034;14.05.2019 15:10:26;341
636934362266627861;14.05.2019 15:10:26;341
636934362267253615;14.05.2019 15:10:26;342
636934362267722247;14.05.2019 15:10:26;342
636934362268191209;14.05.2019 15:10:26;342
636934362268817080;14.05.2019 15:10:26;342
636934362269285959;14.05.2019 15:10:26;341
636934362269755866;14.05.2019 15:10:26;343
636934362270227194;14.05.2019 15:10:27;343
636934362270696738;14.05.2019 15:10:27;342
636934362271322270;14.05.2019 15:10:27;342
636934362271793033;14.05.2019 15:10:27;342
636934362272261677;14.05.2019 15:10:27;343
636934362272730370;14.05.2019 15:10:27;343
636934362273199042;14.05.2019 15:10:27;344
636934362273667599;14.05.2019 15:10:27;344
636934362274292722;14.05.2019 15:10:27;343
636934362274762773;14.05.2019 15:10:27;343
636934362275232383;14.05.2019 15:10:27;343
636934362275858373;14.05.2019 15:10:27;343
636934362276327374;14.05.2019 15:10:27;342
636934362276798527;14.05.2019 15:10:27;343
636934362277268063;14.05.2019 15:10:27;340
636934362277736668;14.05.2019 15:10:27;339
636934362278361574;14.05.2019 15:10:27;338
636934362278830196;14.05.2019 15:10:27;337
636934362279298839;14.05.2019 15:10:27;336
636934362279768053;14.05.2019 15:10:27;335
636934362280237958;14.05.2019 15:10:28;334
636934362280864446;14.05.2019 15:10:28;333
636934362281335455;14.05.2019 15:10:28;332
636934362281804994;14.05.2019 15:10:28;331
636934362282273959;14.05.2019 15:10:28;330
636934362282899070;14.05.2019 15:10:28;329
636934362283368085;14.05.2019 15:10:28;329
636934362283837629;14.05.2019 15:10:28;328
636934362284307672;14.05.2019 15:10:28;328
636934362284777451;14.05.2019 15:10:28;327
636934362285403208;14.05.2019 15:10:28;326
636934362285871838;14.05.2019 15:10:28;326
636934362286340476;14.05.2019 15:10:28;325
636934362286809166;14.05.2019 15:10:28;326
636934362287277796;14.05.2019 15:10:28;325
636934362287902905;14.05.2019 15:10:28;325
636934362288372482;14.05.2019 15:10:28;325
636934362288841123;14.05.2019 15:10:28;325
636934362289309766;14.05.2019 15:10:28;325
636934362289778426;14.05.2019 15:10:28;325
636934362290403618;14.05.2019 15:10:29;325
636934362290873827;14.05.2019 15:10:29;325
636934362291344108;14.05.2019 15:10:29;325
636934362291814092;14.05.2019 15:10:29;325
636934362292441198;14.05.2019 15:10:29;326
636934362292908964;14.05.2019 15:10:29;327
636934362293378832;14.05.2019 15:10:29;326
636934362293848376;14.05.2019 15:10:29;327
636934362294317014;14.05.2019 15:10:29;327
636934362294940986;14.05.2019 15:10:29;327
636934362295411741;14.05.2019 15:10:29;327
636934362295880432;14.05.2019 15:10:29;327
636934362296349051;14.05.2019 15:10:29;328
636934362296817691;14.05.2019 15:10:29;328
636934362297442545;14.05.2019 15:10:29;329
636934362297910310;14.05.2019 15:10:29;329
636934362298379092;14.05.2019 15:10:29;329
636934362299004647;14.05.2019 15:10:29;329
636934362299473279;14.05.2019 15:10:29;329
636934362299941078;14.05.2019 15:10:29;330
636934362300409724;14.05.2019 15:10:30;330
636934362300880471;14.05.2019 15:10:30;330
636934362301504435;14.05.2019 15:10:30;330
636934362301974395;14.05.2019 15:10:30;330
636934362302443055;14.05.2019 15:10:30;331
636934362302911698;14.05.2019 15:10:30;330
636934362303381242;14.05.2019 15:10:30;330
636934362304006065;14.05.2019 15:10:30;330
636934362304475299;14.05.2019 15:10:30;329
636934362304943943;14.05.2019 15:10:30;329
636934362305412597;14.05.2019 15:10:30;328
636934362306037434;14.05.2019 15:10:30;328
636934362306505421;14.05.2019 15:10:30;327
636934362306974796;14.05.2019 15:10:30;328
636934362307442481;14.05.2019 15:10:30;327
636934362307911119;14.05.2019 15:10:30;327
636934362308536854;14.05.2019 15:10:30;328
636934362309004614;14.05.2019 15:10:30;326
636934362309474169;14.05.2019 15:10:30;327
636934362309943078;14.05.2019 15:10:30;326
636934362310411738;14.05.2019 15:10:31;326
636934362311037487;14.05.2019 15:10:31;327
636934362311506524;14.05.2019 15:10:31;326
636934362311976497;14.05.2019 15:10:31;326
636934362312446069;14.05.2019 15:10:31;327
636934362313071189;14.05.2019 15:10:31;326
636934362313541090;14.05.2019 15:10:31;328
636934362314010961;14.05.2019 15:10:31;327
636934362314481702;14.05.2019 15:10:31;327
636934362315107240;14.05.2019 15:10:31;328
636934362315575703;14.05.2019 15:10:31;327
636934362316045225;14.05.2019 15:10:31;327
636934362316514190;14.05.2019 15:10:31;329
636934362316984053;14.05.2019 15:10:31;328
636934362317453583;14.05.2019 15:10:31;329
636934362318077672;14.05.2019 15:10:31;329
636934362318547083;14.05.2019 15:10:31;329
636934362319015718;14.05.2019 15:10:31;329
636934362319484398;14.05.2019 15:10:31;329
636934362320108331;14.05.2019 15:10:32;330
636934362320577892;14.05.2019 15:10:32;330
636934362321046574;14.05.2019 15:10:32;330
636934362321515176;14.05.2019 15:10:32;331
636934362322140027;14.05.2019 15:10:32;332
636934362322607759;14.05.2019 15:10:32;331
636934362323077314;14.05.2019 15:10:32;331
636934362323545952;14.05.2019 15:10:32;332
636934362324014588;14.05.2019 15:10:32;332
636934362324639447;14.05.2019 15:10:32;332
636934362325108082;14.05.2019 15:10:32;333
636934362325576720;14.05.2019 15:10:32;333
636934362326045751;14.05.2019 15:10:32;333
636934362326515406;14.05.2019 15:10:32;333
636934362327140276;14.05.2019 15:10:32;333
636934362327608901;14.05.2019 15:10:32;333
636934362328077597;14.05.2019 15:10:32;334
636934362328546177;14.05.2019 15:10:32;334
636934362329170354;14.05.2019 15:10:32;334
636934362329639646;14.05.2019 15:10:32;334
636934362330108273;14.05.2019 15:10:33;335
636934362330576911;14.05.2019 15:10:33;337
636934362331202042;14.05.2019 15:10:33;336
636934362331671627;14.05.2019 15:10:33;335
636934362332140288;14.05.2019 15:10:33;335
636934362332608903;14.05.2019 15:10:33;335
636934362333077583;14.05.2019 15:10:33;334
636934362333701619;14.05.2019 15:10:33;335
636934362334170997;14.05.2019 15:10:33;337
636934362334639679;14.05.2019 15:10:33;335
636934362335108326;14.05.2019 15:10:33;335
636934362335576969;14.05.2019 15:10:33;335
636934362336201091;14.05.2019 15:10:33;334
636934362336670455;14.05.2019 15:10:33;335
636934362337139116;14.05.2019 15:10:33;335
636934362337607731;14.05.2019 15:10:33;335
636934362338232588;14.05.2019 15:10:33;335
636934362338700312;14.05.2019 15:10:33;337
636934362339169861;14.05.2019 15:10:33;336
636934362339638535;14.05.2019 15:10:33;337
636934362340107159;14.05.2019 15:10:34;338
636934362340732002;14.05.2019 15:10:34;338
636934362341199717;14.05.2019 15:10:34;339
636934362341669281;14.05.2019 15:10:34;340
636934362342137994;14.05.2019 15:10:34;339
636934362342606565;14.05.2019 15:10:34;339
636934362343231407;14.05.2019 15:10:34;341
636934362343700051;14.05.2019 15:10:34;339
636934362344168689;14.05.2019 15:10:34;340
636934362344637336;14.05.2019 15:10:34;340
636934362345262197;14.05.2019 15:10:34;340
636934362345730835;14.05.2019 15:10:34;340
636934362346199468;14.05.2019 15:10:34;342
636934362346668117;14.05.2019 15:10:34;340
636934362347292976;14.05.2019 15:10:34;341
636934362347761603;14.05.2019 15:10:34;342
636934362348230247;14.05.2019 15:10:34;341
636934362348698885;14.05.2019 15:10:34;341
636934362349166872;14.05.2019 15:10:34;343
636934362349792398;14.05.2019 15:10:34;341
636934362350261020;14.05.2019 15:10:35;342
636934362350729658;14.05.2019 15:10:35;343
636934362351198304;14.05.2019 15:10:35;342
636934362351667009;14.05.2019 15:10:35;342
636934362352291862;14.05.2019 15:10:35;344
636934362352760506;14.05.2019 15:10:35;343
636934362353229199;14.05.2019 15:10:35;343
636934362353853222;14.05.2019 15:10:35;344
636934362354322674;14.05.2019 15:10:35;343
636934362354791332;14.05.2019 15:10:35;343
636934362355259920;14.05.2019 15:10:35;345
636934362355728519;14.05.2019 15:10:35;343
636934362356352411;14.05.2019 15:10:35;344
636934362356822365;14.05.2019 15:10:35;344
636934362357291943;14.05.2019 15:10:35;344
636934362357761052;14.05.2019 15:10:35;344
636934362358230629;14.05.2019 15:10:35;345
636934362358699261;14.05.2019 15:10:35;344
636934362359323600;14.05.2019 15:10:35;345
636934362359792764;14.05.2019 15:10:35;346
636934362360261483;14.05.2019 15:10:36;345
636934362360886333;14.05.2019 15:10:36;346
636934362361353971;14.05.2019 15:10:36;346
636934362361823612;14.05.2019 15:10:36;346
636934362362291380;14.05.2019 15:10:36;346
636934362362760935;14.05.2019 15:10:36;347
636934362363385745;14.05.2019 15:10:36;346
636934362363853391;14.05.2019 15:10:36;345
636934362364323048;14.05.2019 15:10:36;345
636934362364791670;14.05.2019 15:10:36;345
636934362365260311;14.05.2019 15:10:36;345
636934362365885159;14.05.2019 15:10:36;346
636934362366353799;14.05.2019 15:10:36;345
636934362366822440;14.05.2019 15:10:36;346
636934362367290086;14.05.2019 15:10:36;347
636934362367915935;14.05.2019 15:10:36;346
636934362368384575;14.05.2019 15:10:36;346
636934362368853238;14.05.2019 15:10:36;346
636934362369321854;14.05.2019 15:10:36;347
636934362369946710;14.05.2019 15:10:36;347
636934362370415351;14.05.2019 15:10:37;347
636934362370883989;14.05.2019 15:10:37;347
636934362371352669;14.05.2019 15:10:37;347
636934362371821268;14.05.2019 15:10:37;348
636934362372446125;14.05.2019 15:10:37;347
636934362372914765;14.05.2019 15:10:37;348
636934362373383401;14.05.2019 15:10:37;348
636934362373852064;14.05.2019 15:10:37;348
636934362374320679;14.05.2019 15:10:37;348
636934362374945539;14.05.2019 15:10:37;349
636934362375414177;14.05.2019 15:10:37;348
636934362375882815;14.05.2019 15:10:37;348
636934362376351494;14.05.2019 15:10:37;349
636934362376976320;14.05.2019 15:10:37;348
636934362377444958;14.05.2019 15:10:37;349
636934362377913596;14.05.2019 15:10:37;350
636934362378382556;14.05.2019 15:10:37;349
636934362378852210;14.05.2019 15:10:37;349
636934362379477069;14.05.2019 15:10:37;349
636934362379944865;14.05.2019 15:10:37;349
636934362380414354;14.05.2019 15:10:38;349
636934362380883006;14.05.2019 15:10:38;349
636934362381351660;14.05.2019 15:10:38;348
636934362381975481;14.05.2019 15:10:38;348
636934362382445135;14.05.2019 15:10:38;348
636934362382913762;14.05.2019 15:10:38;346
636934362383382400;14.05.2019 15:10:38;346
636934362384007262;14.05.2019 15:10:38;346
636934362384475889;14.05.2019 15:10:38;345
636934362384944530;14.05.2019 15:10:38;344
636934362385413171;14.05.2019 15:10:38;345
636934362386038071;14.05.2019 15:10:38;344
636934362386506671;14.05.2019 15:10:38;343
636934362386975303;14.05.2019 15:10:38;343
636934362387443963;14.05.2019 15:10:38;343
636934362387912588;14.05.2019 15:10:38;342
636934362388537846;14.05.2019 15:10:38;342
636934362389007417;14.05.2019 15:10:38;341
636934362389475144;14.05.2019 15:10:38;341
636934362389944727;14.05.2019 15:10:38;340
636934362390413337;14.05.2019 15:10:39;340
636934362391038202;14.05.2019 15:10:39;340
636934362391506831;14.05.2019 15:10:39;340
636934362391974558;14.05.2019 15:10:39;340
636934362392600351;14.05.2019 15:10:39;340
636934362393068967;14.05.2019 15:10:39;340
636934362393537206;14.05.2019 15:10:39;339
636934362394006683;14.05.2019 15:10:39;339
636934362394475801;14.05.2019 15:10:39;339
636934362395100189;14.05.2019 15:10:39;339
636934362395569849;14.05.2019 15:10:39;339
636934362396038476;14.05.2019 15:10:39;340
636934362396507114;14.05.2019 15:10:39;340
636934362396975666;14.05.2019 15:10:39;340
636934362397444279;14.05.2019 15:10:39;340
636934362398069421;14.05.2019 15:10:39;340
636934362398538968;14.05.2019 15:10:39;340
636934362399007567;14.05.2019 15:10:39;340
636934362399632493;14.05.2019 15:10:39;341
636934362400100214;14.05.2019 15:10:40;341
636934362400569733;14.05.2019 15:10:40;341
636934362401038379;14.05.2019 15:10:40;342
636934362401507017;14.05.2019 15:10:40;341
636934362402132272;14.05.2019 15:10:40;342
636934362402602190;14.05.2019 15:10:40;342
636934362403071817;14.05.2019 15:10:40;341
636934362403541051;14.05.2019 15:10:40;342
636934362404010662;14.05.2019 15:10:40;343
636934362404635515;14.05.2019 15:10:40;343
636934362405104441;14.05.2019 15:10:40;343
636934362405574390;14.05.2019 15:10:40;343
636934362406044225;14.05.2019 15:10:40;344
636934362406513766;14.05.2019 15:10:40;344
636934362407139828;14.05.2019 15:10:40;345
636934362407608942;14.05.2019 15:10:40;345
636934362408080160;14.05.2019 15:10:40;345
636934362408549701;14.05.2019 15:10:40;345
636934362409174147;14.05.2019 15:10:40;345
636934362409643084;14.05.2019 15:10:40;346
636934362410112357;14.05.2019 15:10:41;346
636934362410581289;14.05.2019 15:10:41;347
636934362411050847;14.05.2019 15:10:41;346
636934362411677426;14.05.2019 15:10:41;347
636934362412147292;14.05.2019 15:10:41;346
636934362412616899;14.05.2019 15:10:41;346
636934362413085468;14.05.2019 15:10:41;347
636934362413554458;14.05.2019 15:10:41;347
636934362414180583;14.05.2019 15:10:41;348
636934362414650692;14.05.2019 15:10:41;348
636934362415120297;14.05.2019 15:10:41;348
636934362415589254;14.05.2019 15:10:41;349
636934362416215000;14.05.2019 15:10:41;349
636934362416684325;14.05.2019 15:10:41;349
636934362417153805;14.05.2019 15:10:41;349
636934362417622842;14.05.2019 15:10:41;349
636934362418092865;14.05.2019 15:10:41;349
636934362418719922;14.05.2019 15:10:41;349
636934362419190250;14.05.2019 15:10:41;349
636934362419658910;14.05.2019 15:10:41;348
636934362420128421;14.05.2019 15:10:42;348
636934362420597059;14.05.2019 15:10:42;348
636934362421222261;14.05.2019 15:10:42;349
636934362421691839;14.05.2019 15:10:42;348
636934362422160513;14.05.2019 15:10:42;348
636934362422785361;14.05.2019 15:10:42;348
636934362423254007;14.05.2019 15:10:42;348
636934362423722689;14.05.2019 15:10:42;347
636934362424191701;14.05.2019 15:10:42;348
636934362424661750;14.05.2019 15:10:42;348
636934362425131612;14.05.2019 15:10:42;348
636934362425758959;14.05.2019 15:10:42;348
636934362426228564;14.05.2019 15:10:42;348
636934362426697308;14.05.2019 15:10:42;347
636934362427165854;14.05.2019 15:10:42;348
636934362427634681;14.05.2019 15:10:42;348
636934362428261798;14.05.2019 15:10:42;347
636934362428730411;14.05.2019 15:10:42;347
636934362429199376;14.05.2019 15:10:42;348
636934362429825695;14.05.2019 15:10:42;348
636934362430295716;14.05.2019 15:10:43;348
636934362430765639;14.05.2019 15:10:43;348
636934362431235452;14.05.2019 15:10:43;349
636934362431704982;14.05.2019 15:10:43;349
636934362432330670;14.05.2019 15:10:43;349
636934362432800516;14.05.2019 15:10:43;349
636934362433271365;14.05.2019 15:10:43;351
636934362433739047;14.05.2019 15:10:43;349
636934362434208560;14.05.2019 15:10:43;350
636934362434676326;14.05.2019 15:10:43;350
636934362435302052;14.05.2019 15:10:43;350
636934362435771147;14.05.2019 15:10:43;350
636934362436240722;14.05.2019 15:10:43;351
636934362436865630;14.05.2019 15:10:43;351
636934362437333703;14.05.2019 15:10:43;351
636934362437803281;14.05.2019 15:10:43;351
636934362438271916;14.05.2019 15:10:43;351
636934362438740620;14.05.2019 15:10:43;351
636934362439365410;14.05.2019 15:10:43;351
636934362439834256;14.05.2019 15:10:43;351
636934362440303792;14.05.2019 15:10:44;352
636934362440772782;14.05.2019 15:10:44;352
636934362441242672;14.05.2019 15:10:44;352
636934362441869767;14.05.2019 15:10:44;352
636934362442339768;14.05.2019 15:10:44;353
636934362442809584;14.05.2019 15:10:44;352
636934362443280397;14.05.2019 15:10:44;353
636934362443904618;14.05.2019 15:10:44;353
636934362444374257;14.05.2019 15:10:44;353
636934362444844144;14.05.2019 15:10:44;353
636934362445314087;14.05.2019 15:10:44;355
636934362445783626;14.05.2019 15:10:44;354
636934362446409698;14.05.2019 15:10:44;354
636934362446879533;14.05.2019 15:10:44;355
636934362447348470;14.05.2019 15:10:44;354
636934362447817458;14.05.2019 15:10:44;355
636934362448287179;14.05.2019 15:10:44;355
636934362448912927;14.05.2019 15:10:44;355
636934362449381047;14.05.2019 15:10:44;355
636934362449850899;14.05.2019 15:10:44;355
636934362450320446;14.05.2019 15:10:45;355
636934362450946507;14.05.2019 15:10:45;355
636934362451415489;14.05.2019 15:10:45;356
636934362451886562;14.05.2019 15:10:45;355
636934362452356150;14.05.2019 15:10:45;356
636934362452825290;14.05.2019 15:10:45;357
636934362453451041;14.05.2019 15:10:45;356
636934362453918801;14.05.2019 15:10:45;356
636934362454390110;14.05.2019 15:10:45;357
636934362454858764;14.05.2019 15:10:45;356
636934362455328284;14.05.2019 15:10:45;357
636934362455953140;14.05.2019 15:10:45;358
636934362456422180;14.05.2019 15:10:45;357
636934362456890868;14.05.2019 15:10:45;357
636934362457360841;14.05.2019 15:10:45;358
636934362457986833;14.05.2019 15:10:45;357
636934362458456366;14.05.2019 15:10:45;357
636934362458925004;14.05.2019 15:10:45;358
636934362459393645;14.05.2019 15:10:45;357
636934362460019022;14.05.2019 15:10:46;358
636934362460489915;14.05.2019 15:10:46;358
636934362460959953;14.05.2019 15:10:46;357
636934362461430300;14.05.2019 15:10:46;358
636934362461898958;14.05.2019 15:10:46;358
636934362462367598;14.05.2019 15:10:46;357
636934362462994871;14.05.2019 15:10:46;357
636934362463464537;14.05.2019 15:10:46;358
636934362463933418;14.05.2019 15:10:46;357
636934362464402921;14.05.2019 15:10:46;357
636934362465028218;14.05.2019 15:10:46;358
636934362465497756;14.05.2019 15:10:46;357
636934362465966389;14.05.2019 15:10:46;358
636934362466435027;14.05.2019 15:10:46;357
636934362467059883;14.05.2019 15:10:46;357
636934362467528914;14.05.2019 15:10:46;357
636934362467998910;14.05.2019 15:10:46;357
636934362468470047;14.05.2019 15:10:46;357
636934362468938730;14.05.2019 15:10:46;357
636934362469408567;14.05.2019 15:10:46;357
636934362470034316;14.05.2019 15:10:47;357
636934362470502959;14.05.2019 15:10:47;357
636934362470971595;14.05.2019 15:10:47;357
636934362471440562;14.05.2019 15:10:47;357
636934362472065435;14.05.2019 15:10:47;357
636934362472534949;14.05.2019 15:10:47;356
636934362473003590;14.05.2019 15:10:47;356
636934362473472635;14.05.2019 15:10:47;357
636934362474097555;14.05.2019 15:10:47;355
636934362474567032;14.05.2019 15:10:47;355
636934362475036036;14.05.2019 15:10:47;356
636934362475504696;14.05.2019 15:10:47;356
636934362475974224;14.05.2019 15:10:47;356
636934362476599027;14.05.2019 15:10:47;357
636934362477067710;14.05.2019 15:10:47;356
636934362477536345;14.05.2019 15:10:47;356
636934362478004989;14.05.2019 15:10:47;357
636934362478473951;14.05.2019 15:10:47;357
636934362479100140;14.05.2019 15:10:47;356
636934362479570920;14.05.2019 15:10:47;357
636934362480039796;14.05.2019 15:10:48;356
636934362480509393;14.05.2019 15:10:48;356
636934362481135925;14.05.2019 15:10:48;357
636934362481605832;14.05.2019 15:10:48;356
636934362482075606;14.05.2019 15:10:48;356
636934362482544263;14.05.2019 15:10:48;356
636934362483013788;14.05.2019 15:10:48;356
636934362483640165;14.05.2019 15:10:48;356
636934362484110978;14.05.2019 15:10:48;357
636934362484579542;14.05.2019 15:10:48;356
636934362485048207;14.05.2019 15:10:48;356
636934362485516856;14.05.2019 15:10:48;355
636934362486140829;14.05.2019 15:10:48;354
636934362486610597;14.05.2019 15:10:48;353
636934362487080136;14.05.2019 15:10:48;354
636934362487549018;14.05.2019 15:10:48;354
636934362488176329;14.05.2019 15:10:48;354
636934362488645934;14.05.2019 15:10:48;355
636934362489169778;14.05.2019 15:10:48;354
636934362489639843;14.05.2019 15:10:48;354
636934362490109395;14.05.2019 15:10:49;355
636934362490578064;14.05.2019 15:10:49;354
636934362491047026;14.05.2019 15:10:49;354
636934362491674054;14.05.2019 15:10:49;355
636934362492142208;14.05.2019 15:10:49;354
636934362492611801;14.05.2019 15:10:49;354
636934362493080437;14.05.2019 15:10:49;355
636934362493706119;14.05.2019 15:10:49;354
636934362494174729;14.05.2019 15:10:49;355
636934362494643384;14.05.2019 15:10:49;356
636934362495112016;14.05.2019 15:10:49;355
636934362495735950;14.05.2019 15:10:49;355
636934362496205508;14.05.2019 15:10:49;356
636934362496674149;14.05.2019 15:10:49;355
636934362497142299;14.05.2019 15:10:49;355
636934362497611441;14.05.2019 15:10:49;357
636934362498080071;14.05.2019 15:10:49;355
636934362498704007;14.05.2019 15:10:49;356
636934362499173568;14.05.2019 15:10:49;356
636934362499642173;14.05.2019 15:10:49;356
636934362500111285;14.05.2019 15:10:50;356
636934362500736160;14.05.2019 15:10:50;356
636934362501205774;14.05.2019 15:10:50;356
636934362501673448;14.05.2019 15:10:50;357
636934362502142083;14.05.2019 15:10:50;358
636934362502767812;14.05.2019 15:10:50;357
636934362503235572;14.05.2019 15:10:50;357
636934362503705085;14.05.2019 15:10:50;358
636934362504175483;14.05.2019 15:10:50;357
636934362504645027;14.05.2019 15:10:50;357
636934362505271598;14.05.2019 15:10:50;359
636934362505740253;14.05.2019 15:10:50;357
636934362506210013;14.05.2019 15:10:50;357
636934362506679546;14.05.2019 15:10:50;359
636934362507148184;14.05.2019 15:10:50;358
636934362507774508;14.05.2019 15:10:50;358
636934362508243163;14.05.2019 15:10:50;359
636934362508712685;14.05.2019 15:10:50;358
636934362509180458;14.05.2019 15:10:50;358
636934362509806517;14.05.2019 15:10:50;359
636934362510276529;14.05.2019 15:10:51;358
636934362510745173;14.05.2019 15:10:51;358
636934362511214706;14.05.2019 15:10:51;359
636934362511683338;14.05.2019 15:10:51;358
636934362512308425;14.05.2019 15:10:51;359
636934362512777462;14.05.2019 15:10:51;360
636934362513245814;14.05.2019 15:10:51;359
636934362513715339;14.05.2019 15:10:51;359
636934362514183922;14.05.2019 15:10:51;361
636934362514808772;14.05.2019 15:10:51;359
636934362515277893;14.05.2019 15:10:51;360
636934362515746553;14.05.2019 15:10:51;361
636934362516373628;14.05.2019 15:10:51;360
636934362516843344;14.05.2019 15:10:51;360
636934362517312013;14.05.2019 15:10:51;361
636934362517782330;14.05.2019 15:10:51;360
636934362518250993;14.05.2019 15:10:51;360
636934362518876012;14.05.2019 15:10:51;361
636934362519344808;14.05.2019 15:10:51;361
636934362519814776;14.05.2019 15:10:51;361
636934362520284309;14.05.2019 15:10:52;362
636934362520752077;14.05.2019 15:10:52;361
636934362521221599;14.05.2019 15:10:52;361
636934362521848054;14.05.2019 15:10:52;361
636934362522317620;14.05.2019 15:10:52;361
636934362522785352;14.05.2019 15:10:52;361
636934362523411084;14.05.2019 15:10:52;363
636934362523879138;14.05.2019 15:10:52;361
636934362524350297;14.05.2019 15:10:52;362
636934362524820204;14.05.2019 15:10:52;363
636934362525290127;14.05.2019 15:10:52;361
636934362525916228;14.05.2019 15:10:52;362
636934362526385215;14.05.2019 15:10:52;363
636934362526854750;14.05.2019 15:10:52;362
636934362527323751;14.05.2019 15:10:52;362
636934362527793320;14.05.2019 15:10:52;363
636934362528418146;14.05.2019 15:10:52;362
636934362528886776;14.05.2019 15:10:52;363
636934362529355702;14.05.2019 15:10:52;362
636934362529827114;14.05.2019 15:10:52;363
636934362530452931;14.05.2019 15:10:53;363
636934362530920625;14.05.2019 15:10:53;363
636934362531390568;14.05.2019 15:10:53;363
636934362531861591;14.05.2019 15:10:53;363
636934362532331127;14.05.2019 15:10:53;364
636934362532955989;14.05.2019 15:10:53;363
636934362533424657;14.05.2019 15:10:53;363
636934362533893564;14.05.2019 15:10:53;365
636934362534363169;14.05.2019 15:10:53;364
636934362534831785;14.05.2019 15:10:53;364
636934362535457309;14.05.2019 15:10:53;365
636934362535926642;14.05.2019 15:10:53;364
636934362536395244;14.05.2019 15:10:53;364
636934362536864215;14.05.2019 15:10:53;365
636934362537490013;14.05.2019 15:10:53;364
636934362537958648;14.05.2019 15:10:53;364
636934362538427281;14.05.2019 15:10:53;365
636934362538895919;14.05.2019 15:10:53;365
636934362539364892;14.05.2019 15:10:53;364
636934362539989765;14.05.2019 15:10:53;366
636934362540458403;14.05.2019 15:10:54;364
636934362540927958;14.05.2019 15:10:54;364
636934362541396599;14.05.2019 15:10:54;366
636934362541865198;14.05.2019 15:10:54;365
636934362542490567;14.05.2019 15:10:54;365
636934362542960535;14.05.2019 15:10:54;366
636934362543430107;14.05.2019 15:10:54;365
636934362543899069;14.05.2019 15:10:54;365
636934362544524873;14.05.2019 15:10:54;366
636934362544993508;14.05.2019 15:10:54;365
636934362545462146;14.05.2019 15:10:54;365
636934362545930790;14.05.2019 15:10:54;366
636934362546555640;14.05.2019 15:10:54;365
636934362547024281;14.05.2019 15:10:54;365
636934362547492922;14.05.2019 15:10:54;367
636934362547961574;14.05.2019 15:10:54;365
636934362548430204;14.05.2019 15:10:54;366
636934362549055060;14.05.2019 15:10:54;367
636934362549523698;14.05.2019 15:10:54;366
636934362549992336;14.05.2019 15:10:54;365
636934362550460052;14.05.2019 15:10:55;367
636934362550929609;14.05.2019 15:10:55;366
636934362551554779;14.05.2019 15:10:55;366
636934362552024675;14.05.2019 15:10:55;367
636934362552494482;14.05.2019 15:10:55;366
636934362552963139;14.05.2019 15:10:55;366
636934362553588882;14.05.2019 15:10:55;367
636934362554057520;14.05.2019 15:10:55;366
636934362554526158;14.05.2019 15:10:55;366
636934362554994802;14.05.2019 15:10:55;367
636934362555462819;14.05.2019 15:10:55;366
636934362556088282;14.05.2019 15:10:55;366
636934362556556923;14.05.2019 15:10:55;366
636934362557026899;14.05.2019 15:10:55;366
636934362557495490;14.05.2019 15:10:55;366
636934362557964123;14.05.2019 15:10:55;366
636934362558588954;14.05.2019 15:10:55;365
636934362559057598;14.05.2019 15:10:55;365
636934362559527710;14.05.2019 15:10:55;365
636934362559996520;14.05.2019 15:10:55;365
636934362560621393;14.05.2019 15:10:56;364
636934362561090906;14.05.2019 15:10:56;364
636934362561559550;14.05.2019 15:10:56;364
636934362562028254;14.05.2019 15:10:56;364
636934362562653094;14.05.2019 15:10:56;364
636934362563120917;14.05.2019 15:10:56;364
636934362563590359;14.05.2019 15:10:56;363
636934362564059000;14.05.2019 15:10:56;364
636934362564527624;14.05.2019 15:10:56;363
636934362565152433;14.05.2019 15:10:56;363
636934362565620467;14.05.2019 15:10:56;364
636934362566089845;14.05.2019 15:10:56;363
636934362566558383;14.05.2019 15:10:56;363
636934362567027021;14.05.2019 15:10:56;363
636934362567651883;14.05.2019 15:10:56;363
636934362568120510;14.05.2019 15:10:56;363
636934362568589148;14.05.2019 15:10:56;364
636934362569057786;14.05.2019 15:10:56;363
636934362569682645;14.05.2019 15:10:56;362
636934362570151292;14.05.2019 15:10:57;363
636934362570619999;14.05.2019 15:10:57;362
636934362571088676;14.05.2019 15:10:57;362
636934362571712632;14.05.2019 15:10:57;362
636934362572182649;14.05.2019 15:10:57;360
636934362572652426;14.05.2019 15:10:57;360
636934362573121067;14.05.2019 15:10:57;360
636934362573589772;14.05.2019 15:10:57;358
636934362574058714;14.05.2019 15:10:57;358
636934362574684560;14.05.2019 15:10:57;358
636934362575153181;14.05.2019 15:10:57;357
636934362575621822;14.05.2019 15:10:57;356
636934362576090457;14.05.2019 15:10:57;356
636934362576714649;14.05.2019 15:10:57;354
636934362577183309;14.05.2019 15:10:57;352
636934362577653077;14.05.2019 15:10:57;352
636934362578122621;14.05.2019 15:10:57;349
636934362578747467;14.05.2019 15:10:57;347
636934362579217326;14.05.2019 15:10:57;344
636934362579685025;14.05.2019 15:10:57;342
636934362580154542;14.05.2019 15:10:58;339
636934362580623210;14.05.2019 15:10:58;338
636934362581248039;14.05.2019 15:10:58;334
636934362581716682;14.05.2019 15:10:58;332
636934362582184442;14.05.2019 15:10:58;328
636934362582653080;14.05.2019 15:10:58;325
636934362583122613;14.05.2019 15:10:58;323
636934362583747458;14.05.2019 15:10:58;319
636934362584216093;14.05.2019 15:10:58;316
636934362584684227;14.05.2019 15:10:58;315
636934362585309895;14.05.2019 15:10:58;311
636934362585779412;14.05.2019 15:10:58;309
636934362586248044;14.05.2019 15:10:58;307
636934362586716688;14.05.2019 15:10:58;305
636934362587185345;14.05.2019 15:10:58;303
636934362587809309;14.05.2019 15:10:58;302
636934362588278834;14.05.2019 15:10:58;300
636934362588747469;14.05.2019 15:10:58;298
636934362589215453;14.05.2019 15:10:58;298
636934362589684745;14.05.2019 15:10:58;296
636934362590308723;14.05.2019 15:10:59;295
636934362590778533;14.05.2019 15:10:59;294
636934362591248077;14.05.2019 15:10:59;293
636934362591716718;14.05.2019 15:10:59;292
636934362592341566;14.05.2019 15:10:59;292
636934362592810479;14.05.2019 15:10:59;290
636934362593278840;14.05.2019 15:10:59;289
636934362593747500;14.05.2019 15:10:59;289
636934362594217617;14.05.2019 15:10:59;288
636934362594843380;14.05.2019 15:10:59;287
636934362595312139;14.05.2019 15:10:59;287
636934362595781686;14.05.2019 15:10:59;286
636934362596250327;14.05.2019 15:10:59;286
636934362596718962;14.05.2019 15:10:59;286
636934362597344099;14.05.2019 15:10:59;286
636934362597813645;14.05.2019 15:10:59;285
636934362598282286;14.05.2019 15:10:59;285
636934362598750930;14.05.2019 15:10:59;285
636934362599376110;14.05.2019 15:10:59;286
636934362599845654;14.05.2019 15:10:59;286
636934362600314301;14.05.2019 15:11:00;287
636934362600782977;14.05.2019 15:11:00;288
636934362601406969;14.05.2019 15:11:00;289
636934362601878192;14.05.2019 15:11:00;288
636934362602347689;14.05.2019 15:11:00;289
636934362602816366;14.05.2019 15:11:00;289
636934362603285007;14.05.2019 15:11:00;289
636934362603753664;14.05.2019 15:11:00;289
636934362604378501;14.05.2019 15:11:00;291
636934362604847159;14.05.2019 15:11:00;291
636934362605315788;14.05.2019 15:11:00;291
636934362605784421;14.05.2019 15:11:00;292
636934362606408612;14.05.2019 15:11:00;293
636934362606877946;14.05.2019 15:11:00;294
636934362607345678;14.05.2019 15:11:00;295
636934362607815194;14.05.2019 15:11:00;295
636934362608440056;14.05.2019 15:11:00;295
636934362608907813;14.05.2019 15:11:00;295
636934362609377623;14.05.2019 15:11:00;296
636934362609847167;14.05.2019 15:11:00;296
636934362610315810;14.05.2019 15:11:01;296
636934362610940653;14.05.2019 15:11:01;296
636934362611409297;14.05.2019 15:11:01;297
636934362611877960;14.05.2019 15:11:01;298
636934362612345697;14.05.2019 15:11:01;298
636934362612815532;14.05.2019 15:11:01;299
636934362613441355;14.05.2019 15:11:01;299
636934362613910004;14.05.2019 15:11:01;298
636934362614377695;14.05.2019 15:11:01;297
636934362614847208;14.05.2019 15:11:01;297
636934362615472295;14.05.2019 15:11:01;297
636934362615942210;14.05.2019 15:11:01;297
636934362616411760;14.05.2019 15:11:01;298
636934362616879780;14.05.2019 15:11:01;299
636934362617504376;14.05.2019 15:11:01;300
636934362617973906;14.05.2019 15:11:01;302
636934362618442843;14.05.2019 15:11:01;302
636934362618912426;14.05.2019 15:11:01;303
636934362619381081;14.05.2019 15:11:01;304
636934362619849993;14.05.2019 15:11:01;304
636934362620474869;14.05.2019 15:11:02;304
636934362620943490;14.05.2019 15:11:02;304
636934362621412444;14.05.2019 15:11:02;304
636934362621882401;14.05.2019 15:11:02;305
636934362622506406;14.05.2019 15:11:02;306
636934362622975856;14.05.2019 15:11:02;307
636934362623444475;14.05.2019 15:11:02;307
636934362623913116;14.05.2019 15:11:02;308
636934362624538027;14.05.2019 15:11:02;307
636934362625005723;14.05.2019 15:11:02;308
636934362625474661;14.05.2019 15:11:02;308
636934362625943928;14.05.2019 15:11:02;308
636934362626412613;14.05.2019 15:11:02;309
636934362627037417;14.05.2019 15:11:02;309
636934362627506132;14.05.2019 15:11:02;309
636934362627974720;14.05.2019 15:11:02;309
636934362628443350;14.05.2019 15:11:02;310
636934362628911977;14.05.2019 15:11:02;310
636934362629536847;14.05.2019 15:11:02;310
636934362630005505;14.05.2019 15:11:03;310
636934362630474107;14.05.2019 15:11:03;310
636934362630942761;14.05.2019 15:11:03;309
636934362631568826;14.05.2019 15:11:03;310
636934362632037976;14.05.2019 15:11:03;309
636934362632508063;14.05.2019 15:11:03;310
636934362632977599;14.05.2019 15:11:03;309
636934362633601580;14.05.2019 15:11:03;309
636934362634071096;14.05.2019 15:11:03;309
636934362634539770;14.05.2019 15:11:03;309
636934362635008422;14.05.2019 15:11:03;309
636934362635477063;14.05.2019 15:11:03;309
636934362635945983;14.05.2019 15:11:03;308
636934362636571785;14.05.2019 15:11:03;308
636934362637040370;14.05.2019 15:11:03;308
636934362637509426;14.05.2019 15:11:03;308
636934362637979084;14.05.2019 15:11:03;308
636934362638602937;14.05.2019 15:11:03;308
636934362639072495;14.05.2019 15:11:03;307
636934362639541133;14.05.2019 15:11:03;308
636934362640009774;14.05.2019 15:11:04;307
636934362640634630;14.05.2019 15:11:04;307
636934362641102360;14.05.2019 15:11:04;308
636934362641571895;14.05.2019 15:11:04;308
636934362642040506;14.05.2019 15:11:04;308
636934362642509471;14.05.2019 15:11:04;309
636934362643135557;14.05.2019 15:11:04;309
636934362643605093;14.05.2019 15:11:04;309
636934362644074044;14.05.2019 15:11:04;309
636934362644543627;14.05.2019 15:11:04;309
636934362645012306;14.05.2019 15:11:04;310
636934362645637118;14.05.2019 15:11:04;312
636934362646105759;14.05.2019 15:11:04;312
636934362646574403;14.05.2019 15:11:04;312
636934362647199132;14.05.2019 15:11:04;313
636934362647667914;14.05.2019 15:11:04;313
636934362648136582;14.05.2019 15:11:04;313
636934362648605456;14.05.2019 15:11:04;312
636934362649075000;14.05.2019 15:11:04;312
636934362649542754;14.05.2019 15:11:04;313
636934362650168577;14.05.2019 15:11:05;313
636934362650637517;14.05.2019 15:11:05;313
636934362651107092;14.05.2019 15:11:05;314
636934362651575824;14.05.2019 15:11:05;313
636934362652043800;14.05.2019 15:11:05;314
636934362652669232;14.05.2019 15:11:05;314
636934362653138150;14.05.2019 15:11:05;315
636934362653607736;14.05.2019 15:11:05;315
636934362654232897;14.05.2019 15:11:05;315
636934362654701557;14.05.2019 15:11:05;315
636934362655171110;14.05.2019 15:11:05;314
636934362655638842;14.05.2019 15:11:05;312
636934362656107480;14.05.2019 15:11:05;312
636934362656732333;14.05.2019 15:11:05;311
636934362657200971;14.05.2019 15:11:05;312
636934362657689829;14.05.2019 15:11:05;311
636934362658178867;14.05.2019 15:11:05;311
636934362658682211;14.05.2019 15:11:05;311
636934362659182650;14.05.2019 15:11:05;311
636934362659681814;14.05.2019 15:11:05;311
636934362660181200;14.05.2019 15:11:06;311
636934362660681979;14.05.2019 15:11:06;311
636934362661284890;14.05.2019 15:11:06;311
636934362661684391;14.05.2019 15:11:06;312
636934362662184797;14.05.2019 15:11:06;311
636934362662686219;14.05.2019 15:11:06;311
636934362663290260;14.05.2019 15:11:06;313
636934362663783894;14.05.2019 15:11:06;312
636934362664280567;14.05.2019 15:11:06;312
636934362664783552;14.05.2019 15:11:06;313
636934362665283747;14.05.2019 15:11:06;312
636934362665783725;14.05.2019 15:11:06;312
636934362666284688;14.05.2019 15:11:06;313
636934362666781876;14.05.2019 15:11:06;312
636934362667283822;14.05.2019 15:11:06;313
636934362667781662;14.05.2019 15:11:06;312
636934362668285417;14.05.2019 15:11:06;313
636934362668782021;14.05.2019 15:11:06;312
636934362669284191;14.05.2019 15:11:06;312
636934362669781117;14.05.2019 15:11:06;313
636934362670284816;14.05.2019 15:11:07;312
636934362670783739;14.05.2019 15:11:07;312
636934362671283543;14.05.2019 15:11:07;313
636934362671787844;14.05.2019 15:11:07;313
636934362672283088;14.05.2019 15:11:07;313
636934362672789519;14.05.2019 15:11:07;313
636934362673283164;14.05.2019 15:11:07;314
636934362673791970;14.05.2019 15:11:07;313
636934362674280681;14.05.2019 15:11:07;313
636934362674794562;14.05.2019 15:11:07;315
636934362675284836;14.05.2019 15:11:07;314
636934362675794536;14.05.2019 15:11:07;314
636934362676332654;14.05.2019 15:11:07;314
636934362676794222;14.05.2019 15:11:07;314
636934362677383928;14.05.2019 15:11:07;313
636934362677873678;14.05.2019 15:11:07;314
636934362678282139;14.05.2019 15:11:07;315
636934362678871228;14.05.2019 15:11:07;313
636934362679384447;14.05.2019 15:11:07;313
636934362679876870;14.05.2019 15:11:07;312
636934362680283860;14.05.2019 15:11:08;310
636934362680872594;14.05.2019 15:11:08;309
636934362681384602;14.05.2019 15:11:08;308
636934362681874884;14.05.2019 15:11:08;306
636934362682382837;14.05.2019 15:11:08;304
636934362682873836;14.05.2019 15:11:08;302
636934362683380625;14.05.2019 15:11:08;299
636934362683876866;14.05.2019 15:11:08;297
636934362684384860;14.05.2019 15:11:08;295
636934362684871335;14.05.2019 15:11:08;292
636934362685382947;14.05.2019 15:11:08;289
636934362685871012;14.05.2019 15:11:08;287
636934362686381167;14.05.2019 15:11:08;284
636934362686867697;14.05.2019 15:11:08;282
636934362687381540;14.05.2019 15:11:08;281
636934362687877426;14.05.2019 15:11:08;278
636934362688383852;14.05.2019 15:11:08;276
636934362688873727;14.05.2019 15:11:08;273
636934362689384048;14.05.2019 15:11:08;270
636934362689875928;14.05.2019 15:11:08;267
636934362690383587;14.05.2019 15:11:09;266
636934362690874287;14.05.2019 15:11:09;262
636934362691384896;14.05.2019 15:11:09;260
636934362691869581;14.05.2019 15:11:09;258
636934362692380360;14.05.2019 15:11:09;256
636934362692869190;14.05.2019 15:11:09;254
636934362693482232;14.05.2019 15:11:09;253
636934362693873843;14.05.2019 15:11:09;252
636934362694383951;14.05.2019 15:11:09;251
636934362694982309;14.05.2019 15:11:09;249
636934362695483989;14.05.2019 15:11:09;248
636934362695876719;14.05.2019 15:11:09;247
636934362696382225;14.05.2019 15:11:09;246
636934362696985269;14.05.2019 15:11:09;245
636934362697482857;14.05.2019 15:11:09;245
636934362697984193;14.05.2019 15:11:09;244
636934362698482551;14.05.2019 15:11:09;243
636934362698993900;14.05.2019 15:11:09;242
636934362699382330;14.05.2019 15:11:09;240
636934362699871024;14.05.2019 15:11:09;238
636934362700518034;14.05.2019 15:11:10;237
636934362701020041;14.05.2019 15:11:10;236
636934362701422495;14.05.2019 15:11:10;234
636934362702025029;14.05.2019 15:11:10;234
636934362702524202;14.05.2019 15:11:10;232
636934362703021296;14.05.2019 15:11:10;231
636934362703518842;14.05.2019 15:11:10;231
636934362704018683;14.05.2019 15:11:10;229
636934362704522618;14.05.2019 15:11:10;230
636934362705021169;14.05.2019 15:11:10;227
636934362705518436;14.05.2019 15:11:10;226
636934362706016810;14.05.2019 15:11:10;226
636934362706521925;14.05.2019 15:11:10;224
636934362707021223;14.05.2019 15:11:10;223
636934362707520716;14.05.2019 15:11:10;223
636934362708022831;14.05.2019 15:11:10;222
636934362708518568;14.05.2019 15:11:10;221
636934362709018164;14.05.2019 15:11:10;220
636934362709519334;14.05.2019 15:11:10;219
636934362710027963;14.05.2019 15:11:11;219
636934362710519835;14.05.2019 15:11:11;218
636934362711020085;14.05.2019 15:11:11;218
636934362711520670;14.05.2019 15:11:11;217
636934362712019300;14.05.2019 15:11:11;216
636934362712518932;14.05.2019 15:11:11;216
636934362713019393;14.05.2019 15:11:11;216
636934362713518094;14.05.2019 15:11:11;215
636934362714020345;14.05.2019 15:11:11;216
636934362714617681;14.05.2019 15:11:11;216
636934362715019546;14.05.2019 15:11:11;215
636934362715520176;14.05.2019 15:11:11;216
636934362716122463;14.05.2019 15:11:11;215
636934362716622475;14.05.2019 15:11:11;216
636934362717021743;14.05.2019 15:11:11;217
636934362717521769;14.05.2019 15:11:11;217
636934362718118169;14.05.2019 15:11:11;218
636934362718619954;14.05.2019 15:11:11;219
636934362719121385;14.05.2019 15:11:11;220
636934362719618692;14.05.2019 15:11:11;220
636934362720120613;14.05.2019 15:11:12;221
636934362720618658;14.05.2019 15:11:12;221
636934362721120712;14.05.2019 15:11:12;222
636934362721628429;14.05.2019 15:11:12;223
636934362722116970;14.05.2019 15:11:12;224
636934362722629392;14.05.2019 15:11:12;224
636934362723120759;14.05.2019 15:11:12;225
636934362723619746;14.05.2019 15:11:12;225
636934362724121080;14.05.2019 15:11:12;226
636934362724618440;14.05.2019 15:11:12;227
636934362725118627;14.05.2019 15:11:12;228
636934362725622027;14.05.2019 15:11:12;228
636934362726118476;14.05.2019 15:11:12;230
636934362726622921;14.05.2019 15:11:12;231
636934362727119386;14.05.2019 15:11:12;231
636934362727625538;14.05.2019 15:11:12;233
636934362728118967;14.05.2019 15:11:12;234
636934362728618383;14.05.2019 15:11:12;234
636934362729121304;14.05.2019 15:11:12;235
636934362729626586;14.05.2019 15:11:12;236
636934362730220334;14.05.2019 15:11:13;237
636934362730618547;14.05.2019 15:11:13;237
636934362731121449;14.05.2019 15:11:13;238
636934362731618028;14.05.2019 15:11:13;238
636934362732219667;14.05.2019 15:11:13;239
636934362732721701;14.05.2019 15:11:13;239
636934362733120244;14.05.2019 15:11:13;240
636934362733718686;14.05.2019 15:11:13;240
636934362734218786;14.05.2019 15:11:13;241
636934362734719569;14.05.2019 15:11:13;242
636934362735218868;14.05.2019 15:11:13;241
636934362735719332;14.05.2019 15:11:13;242
636934362736219718;14.05.2019 15:11:13;242
636934362736718040;14.05.2019 15:11:13;242
636934362737221130;14.05.2019 15:11:13;243
636934362737718670;14.05.2019 15:11:13;242
636934362738220256;14.05.2019 15:11:13;243
636934362738718304;14.05.2019 15:11:13;242
636934362739218185;14.05.2019 15:11:13;243
636934362739721813;14.05.2019 15:11:13;242
636934362740218442;14.05.2019 15:11:14;243
636934362740721075;14.05.2019 15:11:14;242
636934362741219047;14.05.2019 15:11:14;243
636934362741720902;14.05.2019 15:11:14;243
636934362742219686;14.05.2019 15:11:14;242
636934362742717787;14.05.2019 15:11:14;242
636934362743219289;14.05.2019 15:11:14;242
636934362743722465;14.05.2019 15:11:14;242
636934362744221707;14.05.2019 15:11:14;241
636934362744722353;14.05.2019 15:11:14;241
636934362745222523;14.05.2019 15:11:14;240
636934362745718944;14.05.2019 15:11:14;241
636934362746219236;14.05.2019 15:11:14;240
636934362746719159;14.05.2019 15:11:14;241
636934362747219999;14.05.2019 15:11:14;239
636934362747723383;14.05.2019 15:11:14;239
636934362748324720;14.05.2019 15:11:14;238
636934362748718966;14.05.2019 15:11:14;239
636934362749220122;14.05.2019 15:11:14;240
636934362749827083;14.05.2019 15:11:14;240
636934362750326666;14.05.2019 15:11:15;242
636934362750824417;14.05.2019 15:11:15;241
636934362751317225;14.05.2019 15:11:15;242
636934362751830865;14.05.2019 15:11:15;243
636934362752330398;14.05.2019 15:11:15;243
636934362752819394;14.05.2019 15:11:15;243
636934362753329001;14.05.2019 15:11:15;244
636934362753818130;14.05.2019 15:11:15;244
636934362754329094;14.05.2019 15:11:15;243
636934362754819591;14.05.2019 15:11:15;243
636934362755331378;14.05.2019 15:11:15;244
636934362755817249;14.05.2019 15:11:15;243
636934362756333735;14.05.2019 15:11:15;244
636934362756824767;14.05.2019 15:11:15;244
636934362757334717;14.05.2019 15:11:15;245
636934362757826163;14.05.2019 15:11:15;246
636934362758337997;14.05.2019 15:11:15;246
636934362758819368;14.05.2019 15:11:15;248
636934362759337544;14.05.2019 15:11:15;248
636934362759818284;14.05.2019 15:11:15;249
636934362760342039;14.05.2019 15:11:16;249
636934362760836394;14.05.2019 15:11:16;250
636934362761344906;14.05.2019 15:11:16;250
636934362761828389;14.05.2019 15:11:16;251
636934362762408481;14.05.2019 15:11:16;251
636934362762816643;14.05.2019 15:11:16;251
636934362763347353;14.05.2019 15:11:16;251
636934362763917923;14.05.2019 15:11:16;251
636934362764411695;14.05.2019 15:11:16;251
636934362764818048;14.05.2019 15:11:16;250
636934362765350243;14.05.2019 15:11:16;251
636934362765917774;14.05.2019 15:11:16;251
636934362766413372;14.05.2019 15:11:16;251
636934362766918582;14.05.2019 15:11:16;251
636934362767412174;14.05.2019 15:11:16;251
636934362767917577;14.05.2019 15:11:16;251
636934362768404972;14.05.2019 15:11:16;251
636934362768919313;14.05.2019 15:11:16;251
636934362769356833;14.05.2019 15:11:16;251
636934362769923715;14.05.2019 15:11:16;251
636934362770424738;14.05.2019 15:11:17;252
636934362770920835;14.05.2019 15:11:17;252
636934362771419573;14.05.2019 15:11:17;252
636934362771919487;14.05.2019 15:11:17;252
636934362772419957;14.05.2019 15:11:17;252
636934362772921772;14.05.2019 15:11:17;253
636934362773421853;14.05.2019 15:11:17;253
636934362773922076;14.05.2019 15:11:17;253
636934362774420697;14.05.2019 15:11:17;254
636934362774920121;14.05.2019 15:11:17;254
636934362775418989;14.05.2019 15:11:17;254
636934362775919018;14.05.2019 15:11:17;255
636934362776422243;14.05.2019 15:11:17;256
636934362776923405;14.05.2019 15:11:17;256
636934362777420272;14.05.2019 15:11:17;257
636934362777923731;14.05.2019 15:11:17;257
636934362778420307;14.05.2019 15:11:17;258
636934362778925711;14.05.2019 15:11:17;259
636934362779419760;14.05.2019 15:11:17;259
636934362780021624;14.05.2019 15:11:18;260
636934362780422743;14.05.2019 15:11:18;260
636934362780921702;14.05.2019 15:11:18;261
636934362781527214;14.05.2019 15:11:18;262
636934362782021239;14.05.2019 15:11:18;262
636934362782527344;14.05.2019 15:11:18;262
636934362782961893;14.05.2019 15:11:18;263
636934362783522588;14.05.2019 15:11:18;263
636934362784019727;14.05.2019 15:11:18;264
636934362784519825;14.05.2019 15:11:18;264
636934362785022721;14.05.2019 15:11:18;265
636934362785518350;14.05.2019 15:11:18;265
636934362786020204;14.05.2019 15:11:18;266
636934362786531830;14.05.2019 15:11:18;267
636934362787018854;14.05.2019 15:11:18;267
636934362787521523;14.05.2019 15:11:18;268
636934362788020468;14.05.2019 15:11:18;268
636934362788520610;14.05.2019 15:11:18;268
636934362789022414;14.05.2019 15:11:18;269
636934362789528779;14.05.2019 15:11:18;270
636934362790059932;14.05.2019 15:11:19;269
636934362790520178;14.05.2019 15:11:19;269
636934362791019129;14.05.2019 15:11:19;269
636934362791519986;14.05.2019 15:11:19;268
636934362792022987;14.05.2019 15:11:19;268
636934362792530242;14.05.2019 15:11:19;266
636934362793021041;14.05.2019 15:11:19;265
636934362793519998;14.05.2019 15:11:19;263
636934362794021536;14.05.2019 15:11:19;261
636934362794531763;14.05.2019 15:11:19;258
636934362795018551;14.05.2019 15:11:19;256
636934362795621268;14.05.2019 15:11:19;253
636934362796122953;14.05.2019 15:11:19;251
636934362796612304;14.05.2019 15:11:19;248
636934362797026171;14.05.2019 15:11:19;246
636934362797623740;14.05.2019 15:11:19;244
636934362798121616;14.05.2019 15:11:19;242
636934362798621204;14.05.2019 15:11:19;240
636934362799020051;14.05.2019 15:11:19;238
636934362799621009;14.05.2019 15:11:19;237
636934362800119150;14.05.2019 15:11:20;234
636934362800620462;14.05.2019 15:11:20;231
636934362801122410;14.05.2019 15:11:20;230
636934362801619640;14.05.2019 15:11:20;228
636934362802123448;14.05.2019 15:11:20;227
636934362802623333;14.05.2019 15:11:20;227
636934362803120205;14.05.2019 15:11:20;226
636934362803622101;14.05.2019 15:11:20;226
636934362804118295;14.05.2019 15:11:20;226
636934362804620405;14.05.2019 15:11:20;226
636934362805121602;14.05.2019 15:11:20;225
636934362805621490;14.05.2019 15:11:20;226
636934362806121036;14.05.2019 15:11:20;225
636934362806621693;14.05.2019 15:11:20;225
636934362807123866;14.05.2019 15:11:20;226
636934362807619584;14.05.2019 15:11:20;226
636934362808119770;14.05.2019 15:11:20;226
636934362808623811;14.05.2019 15:11:20;226
636934362809122174;14.05.2019 15:11:20;227
636934362809623388;14.05.2019 15:11:20;228
636934362810119427;14.05.2019 15:11:21;229
636934362810619232;14.05.2019 15:11:21;229
636934362811121562;14.05.2019 15:11:21;230
636934362811719287;14.05.2019 15:11:21;231
636934362812220252;14.05.2019 15:11:21;231
636934362812618850;14.05.2019 15:11:21;232
636934362813121042;14.05.2019 15:11:21;233
636934362813720010;14.05.2019 15:11:21;233
636934362814228827;14.05.2019 15:11:21;233
636934362814717964;14.05.2019 15:11:21;234
636934362815219996;14.05.2019 15:11:21;234
636934362815720232;14.05.2019 15:11:21;234
636934362816232019;14.05.2019 15:11:21;235
636934362816719004;14.05.2019 15:11:21;235
636934362817219088;14.05.2019 15:11:21;236
636934362817719072;14.05.2019 15:11:21;235
636934362818231801;14.05.2019 15:11:21;236
636934362818721071;14.05.2019 15:11:21;235
636934362819225862;14.05.2019 15:11:21;235
636934362819720051;14.05.2019 15:11:21;235
636934362820225781;14.05.2019 15:11:22;234
636934362820722191;14.05.2019 15:11:22;234
636934362821232307;14.05.2019 15:11:22;233
636934362821719469;14.05.2019 15:11:22;232
636934362822222374;14.05.2019 15:11:22;233
636934362822721954;14.05.2019 15:11:22;231
636934362823220550;14.05.2019 15:11:22;232
636934362823723781;14.05.2019 15:11:22;233
636934362824218077;14.05.2019 15:11:22;233
636934362824721140;14.05.2019 15:11:22;233
636934362825246050;14.05.2019 15:11:22;234
636934362825818574;14.05.2019 15:11:22;233
636934362826229337;14.05.2019 15:11:22;233
636934362826719935;14.05.2019 15:11:22;233
636934362827222532;14.05.2019 15:11:22;231
636934362827819023;14.05.2019 15:11:22;230
636934362828319858;14.05.2019 15:11:22;231
636934362828719891;14.05.2019 15:11:22;230
636934362829321029;14.05.2019 15:11:22;230
636934362829820461;14.05.2019 15:11:22;231
636934362830218361;14.05.2019 15:11:23;230
636934362830687027;14.05.2019 15:11:23;231
636934362831283438;14.05.2019 15:11:23;231
636934362831785384;14.05.2019 15:11:23;232
636934362832284138;14.05.2019 15:11:23;232
636934362832786192;14.05.2019 15:11:23;233
636934362833282225;14.05.2019 15:11:23;234
636934362833786515;14.05.2019 15:11:23;235
636934362834282058;14.05.2019 15:11:23;237
636934362834780984;14.05.2019 15:11:23;237
636934362835281602;14.05.2019 15:11:23;238
636934362835781891;14.05.2019 15:11:23;239
636934362836380200;14.05.2019 15:11:23;238
636934362836781139;14.05.2019 15:11:23;238
636934362837282501;14.05.2019 15:11:23;239
636934362837785009;14.05.2019 15:11:23;239
636934362838382894;14.05.2019 15:11:23;239
636934362838883933;14.05.2019 15:11:23;240
636934362839283246;14.05.2019 15:11:23;240
636934362839880987;14.05.2019 15:11:23;241
636934362840381877;14.05.2019 15:11:24;242
636934362840884314;14.05.2019 15:11:24;243
636934362841382483;14.05.2019 15:11:24;243
636934362841882165;14.05.2019 15:11:24;245
636934362842381748;14.05.2019 15:11:24;245
636934362842889393;14.05.2019 15:11:24;246
636934362843382650;14.05.2019 15:11:24;246
636934362843888560;14.05.2019 15:11:24;248
636934362844381383;14.05.2019 15:11:24;247
636934362844882167;14.05.2019 15:11:24;248
636934362845381212;14.05.2019 15:11:24;249
636934362845890190;14.05.2019 15:11:24;249
636934362846381616;14.05.2019 15:11:24;250
636934362846894264;14.05.2019 15:11:24;250
636934362847381809;14.05.2019 15:11:24;251
636934362847880507;14.05.2019 15:11:24;250
636934362848381965;14.05.2019 15:11:24;250
636934362848882604;14.05.2019 15:11:24;251
636934362849382554;14.05.2019 15:11:24;251
636934362849882298;14.05.2019 15:11:24;251
636934362850383188;14.05.2019 15:11:25;252
636934362850897163;14.05.2019 15:11:25;252
636934362851381186;14.05.2019 15:11:25;252
636934362851882614;14.05.2019 15:11:25;253
636934362852483754;14.05.2019 15:11:25;252
636934362852882181;14.05.2019 15:11:25;251
636934362853382963;14.05.2019 15:11:25;253
636934362853980368;14.05.2019 15:11:25;252
636934362854482672;14.05.2019 15:11:25;252
636934362854983232;14.05.2019 15:11:25;253
636934362855381667;14.05.2019 15:11:25;252
636934362855982480;14.05.2019 15:11:25;253
636934362856484085;14.05.2019 15:11:25;255
636934362856984036;14.05.2019 15:11:25;254
636934362857482330;14.05.2019 15:11:25;254
636934362857985733;14.05.2019 15:11:25;255
636934362858482124;14.05.2019 15:11:25;255
636934362858986170;14.05.2019 15:11:25;255
636934362859482206;14.05.2019 15:11:25;256
636934362859983794;14.05.2019 15:11:25;255
636934362860485668;14.05.2019 15:11:26;255
636934362860984212;14.05.2019 15:11:26;257
636934362861481935;14.05.2019 15:11:26;256
636934362861980603;14.05.2019 15:11:26;257
636934362862481050;14.05.2019 15:11:26;258
636934362862981514;14.05.2019 15:11:26;257
636934362863483033;14.05.2019 15:11:26;258
636934362863984192;14.05.2019 15:11:26;259
636934362864494283;14.05.2019 15:11:26;258
636934362864984229;14.05.2019 15:11:26;259
636934362865481418;14.05.2019 15:11:26;259
636934362865980538;14.05.2019 15:11:26;259
636934362866482509;14.05.2019 15:11:26;259
636934362866984598;14.05.2019 15:11:26;259
636934362867481538;14.05.2019 15:11:26;260
636934362867982071;14.05.2019 15:11:26;259
636934362868580701;14.05.2019 15:11:26;260
636934362868984050;14.05.2019 15:11:26;260
636934362869485453;14.05.2019 15:11:26;261
636934362870087788;14.05.2019 15:11:27;261
636934362870582945;14.05.2019 15:11:27;261
636934362870982175;14.05.2019 15:11:27;261
636934362871494029;14.05.2019 15:11:27;262
636934362872085231;14.05.2019 15:11:27;262
636934362872581788;14.05.2019 15:11:27;261
636934362873084490;14.05.2019 15:11:27;263
636934362873582912;14.05.2019 15:11:27;262
636934362874083195;14.05.2019 15:11:27;262
636934362874582636;14.05.2019 15:11:27;264
636934362875081496;14.05.2019 15:11:27;263
636934362875585145;14.05.2019 15:11:27;264
636934362876081422;14.05.2019 15:11:27;265
636934362876592023;14.05.2019 15:11:27;265
636934362877094075;14.05.2019 15:11:27;264
636934362877594787;14.05.2019 15:11:27;264
636934362878101579;14.05.2019 15:11:27;264
636934362878590298;14.05.2019 15:11:27;264
636934362879091742;14.05.2019 15:11:27;264
636934362879590674;14.05.2019 15:11:27;263
636934362880092270;14.05.2019 15:11:28;263
636934362880590637;14.05.2019 15:11:28;265
636934362881097398;14.05.2019 15:11:28;266
636934362881592866;14.05.2019 15:11:28;267
636934362882097028;14.05.2019 15:11:28;267
636934362882590382;14.05.2019 15:11:28;267
636934362883094035;14.05.2019 15:11:28;267
636934362883591478;14.05.2019 15:11:28;269
636934362884082719;14.05.2019 15:11:28;269
636934362884592342;14.05.2019 15:11:28;270
636934362885090777;14.05.2019 15:11:28;271
636934362885593152;14.05.2019 15:11:28;270
636934362886193420;14.05.2019 15:11:28;270
636934362886590004;14.05.2019 15:11:28;271
636934362887083563;14.05.2019 15:11:28;271
636934362887690311;14.05.2019 15:11:28;271
636934362888191960;14.05.2019 15:11:28;271
636934362888690825;14.05.2019 15:11:28;272
636934362889077765;14.05.2019 15:11:28;272
636934362889691821;14.05.2019 15:11:28;273
636934362890193130;14.05.2019 15:11:29;273
636934362890694627;14.05.2019 15:11:29;273
636934362891190336;14.05.2019 15:11:29;274
636934362891694368;14.05.2019 15:11:29;274
636934362892194760;14.05.2019 15:11:29;275
636934362892691114;14.05.2019 15:11:29;275
636934362893192293;14.05.2019 15:11:29;275
636934362893690498;14.05.2019 15:11:29;275
636934362894191951;14.05.2019 15:11:29;276
636934362894691666;14.05.2019 15:11:29;276
636934362895191390;14.05.2019 15:11:29;277
636934362895691859;14.05.2019 15:11:29;277
636934362896190192;14.05.2019 15:11:29;277
636934362896690969;14.05.2019 15:11:29;278
636934362897193729;14.05.2019 15:11:29;278
636934362897693087;14.05.2019 15:11:29;278
636934362898193229;14.05.2019 15:11:29;279
636934362898694543;14.05.2019 15:11:29;279
636934362899193754;14.05.2019 15:11:29;279
636934362899690339;14.05.2019 15:11:29;279
636934362900190575;14.05.2019 15:11:30;280
636934362900694538;14.05.2019 15:11:30;279
636934362901193772;14.05.2019 15:11:30;280
636934362901792263;14.05.2019 15:11:30;280
636934362902290200;14.05.2019 15:11:30;280
636934362902691242;14.05.2019 15:11:30;281
636934362903194847;14.05.2019 15:11:30;281
636934362903791879;14.05.2019 15:11:30;282
636934362904294500;14.05.2019 15:11:30;282
636934362904789584;14.05.2019 15:11:30;281
636934362905300309;14.05.2019 15:11:30;282
636934362905792192;14.05.2019 15:11:30;283
636934362906300834;14.05.2019 15:11:30;283
636934362906794119;14.05.2019 15:11:30;284
636934362907288887;14.05.2019 15:11:30;283
636934362907790603;14.05.2019 15:11:30;284
636934362908310529;14.05.2019 15:11:30;284
636934362908791884;14.05.2019 15:11:30;284
636934362909291655;14.05.2019 15:11:30;284
636934362909791179;14.05.2019 15:11:30;284
636934362910290540;14.05.2019 15:11:31;284
636934362910794137;14.05.2019 15:11:31;285
636934362911290847;14.05.2019 15:11:31;285
636934362911791856;14.05.2019 15:11:31;285
636934362912298393;14.05.2019 15:11:31;285
636934362912792384;14.05.2019 15:11:31;286
636934362913307315;14.05.2019 15:11:31;286
636934362913792843;14.05.2019 15:11:31;286
636934362914293298;14.05.2019 15:11:31;286
636934362914792947;14.05.2019 15:11:31;287
636934362915293776;14.05.2019 15:11:31;287
636934362915790993;14.05.2019 15:11:31;287
636934362916302164;14.05.2019 15:11:31;287
636934362916790922;14.05.2019 15:11:31;288
636934362917321014;14.05.2019 15:11:31;288
636934362917891692;14.05.2019 15:11:31;288
636934362918295009;14.05.2019 15:11:31;288
636934362918790668;14.05.2019 15:11:31;288
636934362919393534;14.05.2019 15:11:31;289
636934362919891513;14.05.2019 15:11:31;289
636934362920392527;14.05.2019 15:11:32;289
636934362920791527;14.05.2019 15:11:32;290
636934362921391016;14.05.2019 15:11:32;289
636934362921892923;14.05.2019 15:11:32;290
636934362922390062;14.05.2019 15:11:32;290
636934362922891155;14.05.2019 15:11:32;291
636934362923389083;14.05.2019 15:11:32;291
636934362923889627;14.05.2019 15:11:32;291
636934362924390730;14.05.2019 15:11:32;291
636934362924889997;14.05.2019 15:11:32;291
636934362925390048;14.05.2019 15:11:32;291
636934362925891268;14.05.2019 15:11:32;292
636934362926390556;14.05.2019 15:11:32;292
636934362926891086;14.05.2019 15:11:32;292
636934362927391096;14.05.2019 15:11:32;293
636934362927889085;14.05.2019 15:11:32;293
636934362928391491;14.05.2019 15:11:32;293
636934362928891829;14.05.2019 15:11:32;294
636934362929393036;14.05.2019 15:11:32;294
636934362929893341;14.05.2019 15:11:32;294
636934362930394633;14.05.2019 15:11:33;295
636934362930889639;14.05.2019 15:11:33;294
636934362931394538;14.05.2019 15:11:33;295
636934362931893242;14.05.2019 15:11:33;295
636934362932390594;14.05.2019 15:11:33;295
636934362932891373;14.05.2019 15:11:33;295
636934362933499213;14.05.2019 15:11:33;295
636934362933891525;14.05.2019 15:11:33;295
636934362934391293;14.05.2019 15:11:33;296
636934362934891380;14.05.2019 15:11:33;296
636934362935498643;14.05.2019 15:11:33;296
636934362935993011;14.05.2019 15:11:33;296
636934362936392219;14.05.2019 15:11:33;296
636934362936990893;14.05.2019 15:11:33;297
636934362937499391;14.05.2019 15:11:33;297
636934362938004194;14.05.2019 15:11:33;297
636934362938491943;14.05.2019 15:11:33;298
636934362939017275;14.05.2019 15:11:33;298
636934362939482081;14.05.2019 15:11:33;297
636934362940012273;14.05.2019 15:11:34;298
636934362940487849;14.05.2019 15:11:34;298
636934362940982447;14.05.2019 15:11:34;297
636934362941485673;14.05.2019 15:11:34;299
636934362941994096;14.05.2019 15:11:34;298
636934362942481230;14.05.2019 15:11:34;298
636934362942989474;14.05.2019 15:11:34;298
636934362943481559;14.05.2019 15:11:34;299
636934362943980108;14.05.2019 15:11:34;299
636934362944480436;14.05.2019 15:11:34;299
636934362945010123;14.05.2019 15:11:34;299
636934362945473686;14.05.2019 15:11:34;299
636934362945981618;14.05.2019 15:11:34;300
636934362946469130;14.05.2019 15:11:34;300
636934362947016019;14.05.2019 15:11:34;300
636934362947484455;14.05.2019 15:11:34;300
636934362948082027;14.05.2019 15:11:34;301
636934362948473932;14.05.2019 15:11:34;301
636934362948990434;14.05.2019 15:11:34;300
636934362949582113;14.05.2019 15:11:34;300
636934362950084723;14.05.2019 15:11:35;300
636934362950531876;14.05.2019 15:11:35;300
636934362951017960;14.05.2019 15:11:35;299
636934362951603599;14.05.2019 15:11:35;298
636934362952085436;14.05.2019 15:11:35;299
636934362952584157;14.05.2019 15:11:35;298
636934362953082637;14.05.2019 15:11:35;298
636934362953582305;14.05.2019 15:11:35;298
636934362953981737;14.05.2019 15:11:35;297
636934362954485514;14.05.2019 15:11:35;296
636934362955111279;14.05.2019 15:11:35;297
636934362955579047;14.05.2019 15:11:35;297
636934362956049143;14.05.2019 15:11:35;298
636934362956519828;14.05.2019 15:11:35;299
636934362956988472;14.05.2019 15:11:35;299
636934362957613647;14.05.2019 15:11:35;299
636934362958083235;14.05.2019 15:11:35;298
636934362958551867;14.05.2019 15:11:35;297
636934362959019586;14.05.2019 15:11:35;297
636934362959489121;14.05.2019 15:11:35;297
636934362960113953;14.05.2019 15:11:36;296
636934362960582605;14.05.2019 15:11:36;296
636934362961051257;14.05.2019 15:11:36;298
636934362961520371;14.05.2019 15:11:36;297
636934362962146217;14.05.2019 15:11:36;297
636934362962614832;14.05.2019 15:11:36;296
636934362963083468;14.05.2019 15:11:36;295
636934362963552142;14.05.2019 15:11:36;296
636934362964176929;14.05.2019 15:11:36;296
636934362964645534;14.05.2019 15:11:36;296
636934362965114172;14.05.2019 15:11:36;295
636934362965582812;14.05.2019 15:11:36;295
636934362966051459;14.05.2019 15:11:36;295
636934362966676351;14.05.2019 15:11:36;296
636934362967146386;14.05.2019 15:11:36;296
636934362967614929;14.05.2019 15:11:36;296
636934362968084002;14.05.2019 15:11:36;296
636934362968553868;14.05.2019 15:11:36;297
636934362969178744;14.05.2019 15:11:36;297
636934362969648260;14.05.2019 15:11:36;297
636934362970116901;14.05.2019 15:11:37;297
636934362970585583;14.05.2019 15:11:37;297
636934362971210442;14.05.2019 15:11:37;298
636934362971679640;14.05.2019 15:11:37;298
636934362972148294;14.05.2019 15:11:37;295
636934362972617816;14.05.2019 15:11:37;295
636934362973086424;14.05.2019 15:11:37;294
636934362973711327;14.05.2019 15:11:37;294
636934362974179979;14.05.2019 15:11:37;294
636934362974648662;14.05.2019 15:11:37;294
636934362975117347;14.05.2019 15:11:37;293
636934362975586254;14.05.2019 15:11:37;293
636934362976212381;14.05.2019 15:11:37;293
636934362976681380;14.05.2019 15:11:37;292
636934362977149685;14.05.2019 15:11:37;292
636934362977775508;14.05.2019 15:11:37;291
636934362978245584;14.05.2019 15:11:37;291
636934362978715126;14.05.2019 15:11:37;290
636934362979185396;14.05.2019 15:11:37;290
636934362979653945;14.05.2019 15:11:37;290
636934362980122949;14.05.2019 15:11:38;289
636934362980748697;14.05.2019 15:11:38;289
636934362981217341;14.05.2019 15:11:38;289
636934362981685874;14.05.2019 15:11:38;289
636934362982155334;14.05.2019 15:11:38;289
636934362982624288;14.05.2019 15:11:38;289
636934362983250336;14.05.2019 15:11:38;290
636934362983719886;14.05.2019 15:11:38;289
636934362984187637;14.05.2019 15:11:38;289
636934362984812491;14.05.2019 15:11:38;289
636934362985282015;14.05.2019 15:11:38;289
636934362985750908;14.05.2019 15:11:38;289
636934362986219574;14.05.2019 15:11:38;290
636934362986689553;14.05.2019 15:11:38;289
636934362987314426;14.05.2019 15:11:38;289
636934362987783942;14.05.2019 15:11:38;289
636934362988254306;14.05.2019 15:11:38;290
636934362988723016;14.05.2019 15:11:38;290
636934362989191616;14.05.2019 15:11:38;290
636934362989816452;14.05.2019 15:11:38;290
636934362990287368;14.05.2019 15:11:39;290
636934362990756937;14.05.2019 15:11:39;291
636934362991225821;14.05.2019 15:11:39;291
636934362991850938;14.05.2019 15:11:39;291
636934362992319593;14.05.2019 15:11:39;292
636934362992789115;14.05.2019 15:11:39;291
636934362993258060;14.05.2019 15:11:39;292
636934362993727602;14.05.2019 15:11:39;293
636934362994352630;14.05.2019 15:11:39;293
636934362994821268;14.05.2019 15:11:39;293
636934362995291299;14.05.2019 15:11:39;293
636934362995762073;14.05.2019 15:11:39;293
636934362996231005;14.05.2019 15:11:39;293
636934362996855878;14.05.2019 15:11:39;294
636934362997324516;14.05.2019 15:11:39;294
636934362997795332;14.05.2019 15:11:39;294
636934362998263942;14.05.2019 15:11:39;294
636934362998888798;14.05.2019 15:11:39;294
636934362999356561;14.05.2019 15:11:39;294
636934362999825202;14.05.2019 15:11:39;294
636934363000294727;14.05.2019 15:11:40;295
636934363000918696;14.05.2019 15:11:40;295
636934363001388207;14.05.2019 15:11:40;296
636934363001856025;14.05.2019 15:11:40;296
636934363002324613;14.05.2019 15:11:40;296
636934363002794154;14.05.2019 15:11:40;297
636934363003418348;14.05.2019 15:11:40;296
636934363003887671;14.05.2019 15:11:40;297
636934363004356594;14.05.2019 15:11:40;297
636934363004825523;14.05.2019 15:11:40;297
636934363005294774;14.05.2019 15:11:40;297
636934363005918749;14.05.2019 15:11:40;299
636934363006389792;14.05.2019 15:11:40;298
636934363006859715;14.05.2019 15:11:40;298
636934363007328353;14.05.2019 15:11:40;299
636934363007954371;14.05.2019 15:11:40;299
636934363008425106;14.05.2019 15:11:40;299
636934363008893702;14.05.2019 15:11:40;299
636934363009361518;14.05.2019 15:11:40;299
636934363009830289;14.05.2019 15:11:40;300
636934363010455854;14.05.2019 15:11:41;300
636934363010924492;14.05.2019 15:11:41;300
636934363011392241;14.05.2019 15:11:41;301
636934363011860932;14.05.2019 15:11:41;300
636934363012330429;14.05.2019 15:11:41;301
636934363012955318;14.05.2019 15:11:41;302
636934363013424582;14.05.2019 15:11:41;301
636934363013893564;14.05.2019 15:11:41;301
636934363014363144;14.05.2019 15:11:41;302
636934363014987956;14.05.2019 15:11:41;302
636934363015456563;14.05.2019 15:11:41;301
636934363015925215;14.05.2019 15:11:41;303
636934363016395100;14.05.2019 15:11:41;302
636934363016863760;14.05.2019 15:11:41;302
636934363017491138;14.05.2019 15:11:41;303
636934363017959798;14.05.2019 15:11:41;303
636934363018430852;14.05.2019 15:11:41;303
636934363018900396;14.05.2019 15:11:41;303
636934363019369067;14.05.2019 15:11:41;303
636934363019993879;14.05.2019 15:11:41;303
636934363020461645;14.05.2019 15:11:42;305
636934363020932663;14.05.2019 15:11:42;303
636934363021400400;14.05.2019 15:11:42;304
636934363022027398;14.05.2019 15:11:42;305
636934363022495975;14.05.2019 15:11:42;304
636934363022966126;14.05.2019 15:11:42;304
636934363023435678;14.05.2019 15:11:42;306
636934363023904541;14.05.2019 15:11:42;305
636934363024530370;14.05.2019 15:11:42;305
636934363024998991;14.05.2019 15:11:42;306
636934363025468879;14.05.2019 15:11:42;306
636934363025937514;14.05.2019 15:11:42;310
636934363026406443;14.05.2019 15:11:42;313
636934363027031313;14.05.2019 15:11:42;314
636934363027501151;14.05.2019 15:11:42;314
636934363027970717;14.05.2019 15:11:42;314
636934363028440596;14.05.2019 15:11:42;314
636934363029065436;14.05.2019 15:11:42;313
636934363029534071;14.05.2019 15:11:42;313
636934363030002723;14.05.2019 15:11:43;314
636934363030472511;14.05.2019 15:11:43;313
636934363031097362;14.05.2019 15:11:43;313
636934363031566282;14.05.2019 15:11:43;315
636934363032036317;14.05.2019 15:11:43;314
636934363032506149;14.05.2019 15:11:43;314
636934363032975679;14.05.2019 15:11:43;315
636934363033600588;14.05.2019 15:11:43;314
636934363034069215;14.05.2019 15:11:43;314
636934363034537856;14.05.2019 15:11:43;315
636934363035006898;14.05.2019 15:11:43;314
636934363035476509;14.05.2019 15:11:43;315
636934363036101368;14.05.2019 15:11:43;316
636934363036570000;14.05.2019 15:11:43;315
636934363037038638;14.05.2019 15:11:43;316
636934363037507570;14.05.2019 15:11:43;317
636934363038134898;14.05.2019 15:11:43;316
636934363038603558;14.05.2019 15:11:43;316
636934363039073445;14.05.2019 15:11:43;317
636934363039543009;14.05.2019 15:11:43;316
636934363040011628;14.05.2019 15:11:44;318
636934363040636827;14.05.2019 15:11:44;317
636934363041106374;14.05.2019 15:11:44;317
636934363041575250;14.05.2019 15:11:44;318
636934363042044819;14.05.2019 15:11:44;317
636934363042513912;14.05.2019 15:11:44;317
636934363043138788;14.05.2019 15:11:44;318
636934363043609562;14.05.2019 15:11:44;318
636934363044079840;14.05.2019 15:11:44;318
636934363044549381;14.05.2019 15:11:44;318
636934363045174226;14.05.2019 15:11:44;318
636934363045642889;14.05.2019 15:11:44;318
636934363046111857;14.05.2019 15:11:44;318
636934363046581401;14.05.2019 15:11:44;318
636934363047050039;14.05.2019 15:11:44;319
636934363047675233;14.05.2019 15:11:44;318
636934363048145082;14.05.2019 15:11:44;318
636934363048614615;14.05.2019 15:11:44;318
636934363049083217;14.05.2019 15:11:44;318
636934363049551875;14.05.2019 15:11:44;318
636934363050176748;14.05.2019 15:11:45;318
636934363050645383;14.05.2019 15:11:45;317
636934363051113990;14.05.2019 15:11:45;318
636934363051582293;14.05.2019 15:11:45;318
636934363052207158;14.05.2019 15:11:45;318
636934363052676713;14.05.2019 15:11:45;319
636934363053145307;14.05.2019 15:11:45;318
636934363053615430;14.05.2019 15:11:45;319
636934363054241186;14.05.2019 15:11:45;319
636934363054708941;14.05.2019 15:11:45;320
636934363055178116;14.05.2019 15:11:45;320
636934363055647106;14.05.2019 15:11:45;320
636934363056115772;14.05.2019 15:11:45;320
636934363056740002;14.05.2019 15:11:45;320
636934363057208660;14.05.2019 15:11:45;320
636934363057678248;14.05.2019 15:11:45;321
636934363058146817;14.05.2019 15:11:45;321
636934363058615527;14.05.2019 15:11:45;321
636934363059240674;14.05.2019 15:11:45;321
636934363059709257;14.05.2019 15:11:45;321
636934363060178208;14.05.2019 15:11:46;321
636934363060647746;14.05.2019 15:11:46;321
636934363061272575;14.05.2019 15:11:46;321
636934363061740908;14.05.2019 15:11:46;322
636934363062209554;14.05.2019 15:11:46;322
636934363062679082;14.05.2019 15:11:46;322
636934363063148063;14.05.2019 15:11:46;322
636934363063773332;14.05.2019 15:11:46;321
636934363064243104;14.05.2019 15:11:46;322
636934363064711733;14.05.2019 15:11:46;322
636934363065180383;14.05.2019 15:11:46;324
636934363065650109;14.05.2019 15:11:46;323
636934363066275861;14.05.2019 15:11:46;323
636934363066744984;14.05.2019 15:11:46;324
636934363067213860;14.05.2019 15:11:46;323
636934363067683171;14.05.2019 15:11:46;322
636934363068308039;14.05.2019 15:11:46;323
636934363068776704;14.05.2019 15:11:46;324
636934363069245304;14.05.2019 15:11:46;323
636934363069713074;14.05.2019 15:11:46;322
636934363070340203;14.05.2019 15:11:47;323
636934363070809735;14.05.2019 15:11:47;323
636934363071278390;14.05.2019 15:11:47;322
636934363071746189;14.05.2019 15:11:47;323
636934363072215301;14.05.2019 15:11:47;324
636934363072840509;14.05.2019 15:11:47;323
636934363073309116;14.05.2019 15:11:47;323
636934363073777804;14.05.2019 15:11:47;324
636934363074245603;14.05.2019 15:11:47;324
636934363074715069;14.05.2019 15:11:47;324
636934363075339050;14.05.2019 15:11:47;324
636934363075810085;14.05.2019 15:11:47;324
636934363076279202;14.05.2019 15:11:47;324
636934363076748812;14.05.2019 15:11:47;325
636934363077374899;14.05.2019 15:11:47;325
636934363077845648;14.05.2019 15:11:47;326
636934363078314286;14.05.2019 15:11:47;325
636934363078782317;14.05.2019 15:11:47;325
636934363079251839;14.05.2019 15:11:47;326
636934363079876679;14.05.2019 15:11:47;325
636934363080345320;14.05.2019 15:11:48;326
636934363080813925;14.05.2019 15:11:48;326
636934363081281726;14.05.2019 15:11:48;326
636934363081750414;14.05.2019 15:11:48;327
636934363082376093;14.05.2019 15:11:48;326
636934363082844764;14.05.2019 15:11:48;327
636934363083313638;14.05.2019 15:11:48;326
636934363083938799;14.05.2019 15:11:48;327
636934363084407509;14.05.2019 15:11:48;326
636934363084876981;14.05.2019 15:11:48;326
636934363085345616;14.05.2019 15:11:48;326
636934363085814252;14.05.2019 15:11:48;327
636934363086438241;14.05.2019 15:11:48;326
636934363086907995;14.05.2019 15:11:48;327
636934363087377805;14.05.2019 15:11:48;327
636934363087847371;14.05.2019 15:11:48;327
636934363088316262;14.05.2019 15:11:48;327
636934363088785808;14.05.2019 15:11:48;327
636934363089409784;14.05.2019 15:11:48;327
636934363089879308;14.05.2019 15:11:48;327
636934363090347935;14.05.2019 15:11:49;327
636934363090971908;14.05.2019 15:11:49;328
636934363091440546;14.05.2019 15:11:49;328
636934363091910419;14.05.2019 15:11:49;328
636934363092381191;14.05.2019 15:11:49;328
636934363092850111;14.05.2019 15:11:49;328
636934363093475865;14.05.2019 15:11:49;328
636934363093944165;14.05.2019 15:11:49;329
636934363094413164;14.05.2019 15:11:49;328
636934363094881782;14.05.2019 15:11:49;328
636934363095350423;14.05.2019 15:11:49;328
636934363095975268;14.05.2019 15:11:49;329
636934363096443926;14.05.2019 15:11:49;328
636934363096911674;14.05.2019 15:11:49;330
636934363097381196;14.05.2019 15:11:49;328
636934363098006053;14.05.2019 15:11:49;329
636934363098476120;14.05.2019 15:11:49;329
636934363098943888;14.05.2019 15:11:49;329
636934363099412532;14.05.2019 15:11:49;328
636934363100037646;14.05.2019 15:11:50;328
636934363100508171;14.05.2019 15:11:50;327
636934363100978047;14.05.2019 15:11:50;328
636934363101445843;14.05.2019 15:11:50;327
636934363101914426;14.05.2019 15:11:50;328
636934363102384272;14.05.2019 15:11:50;327
636934363103010400;14.05.2019 15:11:50;327
636934363103479063;14.05.2019 15:11:50;327
636934363103948590;14.05.2019 15:11:50;328
636934363104543089;14.05.2019 15:11:50;328
636934363104976621;14.05.2019 15:11:50;328
636934363105446470;14.05.2019 15:11:50;328
636934363105915111;14.05.2019 15:11:50;328
636934363106539965;14.05.2019 15:11:50;328
636934363107010681;14.05.2019 15:11:50;328
636934363107478784;14.05.2019 15:11:50;328
636934363107947444;14.05.2019 15:11:50;328
636934363108416082;14.05.2019 15:11:50;328
636934363109042171;14.05.2019 15:11:50;329
636934363109511713;14.05.2019 15:11:50;329
636934363109979475;14.05.2019 15:11:50;329
636934363110605149;14.05.2019 15:11:51;329
636934363111073842;14.05.2019 15:11:51;329
636934363111542489;14.05.2019 15:11:51;329
636934363112011093;14.05.2019 15:11:51;329
636934363112480987;14.05.2019 15:11:51;330
636934363113104934;14.05.2019 15:11:51;330
636934363113574475;14.05.2019 15:11:51;330
636934363114042545;14.05.2019 15:11:51;330
636934363114512156;14.05.2019 15:11:51;330
636934363114980932;14.05.2019 15:11:51;330
636934363115451044;14.05.2019 15:11:51;331
636934363116076801;14.05.2019 15:11:51;330
636934363116545459;14.05.2019 15:11:51;330
636934363117014075;14.05.2019 15:11:51;331
636934363117638100;14.05.2019 15:11:51;330
636934363118106693;14.05.2019 15:11:51;330
636934363118576224;14.05.2019 15:11:51;331
636934363119044848;14.05.2019 15:11:51;330
636934363119513502;14.05.2019 15:11:51;330
636934363120138115;14.05.2019 15:11:52;331
636934363120607354;14.05.2019 15:11:52;330
636934363121076901;14.05.2019 15:11:52;330
636934363121545533;14.05.2019 15:11:52;330
636934363122014241;14.05.2019 15:11:52;330
636934363122638986;14.05.2019 15:11:52;331
636934363123106788;14.05.2019 15:11:52;332
636934363123576312;14.05.2019 15:11:52;331
636934363124044950;14.05.2019 15:11:52;332
636934363124669809;14.05.2019 15:11:52;332
636934363125137561;14.05.2019 15:11:52;331
636934363125606465;14.05.2019 15:11:52;331
636934363126076937;14.05.2019 15:11:52;332
636934363126700904;14.05.2019 15:11:52;331
636934363127170484;14.05.2019 15:11:52;331
636934363127638186;14.05.2019 15:11:52;332
636934363128106829;14.05.2019 15:11:52;332
636934363128576351;14.05.2019 15:11:52;331
636934363129200545;14.05.2019 15:11:52;332
636934363129669671;14.05.2019 15:11:52;332
636934363130138040;14.05.2019 15:11:53;332
636934363130606243;14.05.2019 15:11:53;333
636934363131075759;14.05.2019 15:11:53;332
636934363131700959;14.05.2019 15:11:53;332
636934363132170927;14.05.2019 15:11:53;333
636934363132641031;14.05.2019 15:11:53;332
636934363133108774;14.05.2019 15:11:53;332
636934363133734536;14.05.2019 15:11:53;332
636934363134202274;14.05.2019 15:11:53;332
636934363134670915;14.05.2019 15:11:53;332
636934363135139556;14.05.2019 15:11:53;333
636934363135608194;14.05.2019 15:11:53;332
636934363136233923;14.05.2019 15:11:53;333
636934363136701691;14.05.2019 15:11:53;334
636934363137170825;14.05.2019 15:11:53;333
636934363137639823;14.05.2019 15:11:53;333
636934363138107893;14.05.2019 15:11:53;333
636934363138733359;14.05.2019 15:11:53;333
636934363139201329;14.05.2019 15:11:53;333
636934363139670616;14.05.2019 15:11:53;333
636934363140139287;14.05.2019 15:11:54;334
636934363140764157;14.05.2019 15:11:54;334
636934363141232814;14.05.2019 15:11:54;334
636934363141701993;14.05.2019 15:11:54;334
636934363142171528;14.05.2019 15:11:54;334
636934363142796421;14.05.2019 15:11:54;335
636934363143265062;14.05.2019 15:11:54;334
636934363143733700;14.05.2019 15:11:54;335
636934363144202349;14.05.2019 15:11:54;335
636934363144671314;14.05.2019 15:11:54;334
636934363145297112;14.05.2019 15:11:54;335
636934363145765758;14.05.2019 15:11:54;335
636934363146234388;14.05.2019 15:11:54;335
636934363146703298;14.05.2019 15:11:54;335
636934363147172883;14.05.2019 15:11:54;335
636934363147796817;14.05.2019 15:11:54;335
636934363148266378;14.05.2019 15:11:54;335
636934363148736503;14.05.2019 15:11:54;336
636934363149204238;14.05.2019 15:11:54;336
636934363149829460;14.05.2019 15:11:54;335
636934363150298040;14.05.2019 15:11:55;336
636934363150767928;14.05.2019 15:11:55;335
636934363151237480;14.05.2019 15:11:55;336
636934363151706439;14.05.2019 15:11:55;336
636934363152333892;14.05.2019 15:11:55;336
636934363152804608;14.05.2019 15:11:55;336
636934363153273249;14.05.2019 15:11:55;337
636934363153741003;14.05.2019 15:11:55;336
636934363154209649;14.05.2019 15:11:55;336
636934363154835395;14.05.2019 15:11:55;337
636934363155303135;14.05.2019 15:11:55;336
636934363155772660;14.05.2019 15:11:55;336
636934363156397391;14.05.2019 15:11:55;337
636934363156866151;14.05.2019 15:11:55;336
636934363157334803;14.05.2019 15:11:55;336
636934363157805129;14.05.2019 15:11:55;336
636934363158274941;14.05.2019 15:11:55;336
636934363158744485;14.05.2019 15:11:55;337
636934363159369624;14.05.2019 15:11:55;337
636934363159839553;14.05.2019 15:11:55;337
636934363160308194;14.05.2019 15:11:56;337
636934363160777852;14.05.2019 15:11:56;337
636934363161247404;14.05.2019 15:11:56;336
636934363161872499;14.05.2019 15:11:56;337
636934363162342447;14.05.2019 15:11:56;337
636934363162812327;14.05.2019 15:11:56;337
636934363163281264;14.05.2019 15:11:56;337
636934363163906137;14.05.2019 15:11:56;337
636934363164375667;14.05.2019 15:11:56;336
636934363164844261;14.05.2019 15:11:56;338
636934363165314134;14.05.2019 15:11:56;338
636934363165939013;14.05.2019 15:11:56;338
636934363166409205;14.05.2019 15:11:56;338
636934363166878713;14.05.2019 15:11:56;338
636934363167347634;14.05.2019 15:11:56;338
636934363167817167;14.05.2019 15:11:56;338
636934363168286060;14.05.2019 15:11:56;338
636934363168911805;14.05.2019 15:11:56;338
636934363169382178;14.05.2019 15:11:56;338
636934363169851749;14.05.2019 15:11:56;338
636934363170320601;14.05.2019 15:11:57;338
636934363170947577;14.05.2019 15:11:57;338
636934363171416226;14.05.2019 15:11:57;338
636934363171886512;14.05.2019 15:11:57;337
636934363172356017;14.05.2019 15:11:57;337
636934363172980029;14.05.2019 15:11:57;337
636934363173449542;14.05.2019 15:11:57;336
636934363173918186;14.05.2019 15:11:57;337
636934363174386730;14.05.2019 15:11:57;333
636934363174855476;14.05.2019 15:11:57;332
636934363175479434;14.05.2019 15:11:57;331
636934363175949242;14.05.2019 15:11:57;330
636934363176419140;14.05.2019 15:11:57;330
636934363176889094;14.05.2019 15:11:57;330
636934363177359040;14.05.2019 15:11:57;329
636934363177985140;14.05.2019 15:11:57;329
636934363178454707;14.05.2019 15:11:57;328
636934363178923328;14.05.2019 15:11:57;328
636934363179391938;14.05.2019 15:11:57;328
636934363180015947;14.05.2019 15:11:58;330
636934363180484560;14.05.2019 15:11:58;331
636934363180955492;14.05.2019 15:11:58;333
636934363181423232;14.05.2019 15:11:58;333
636934363181892973;14.05.2019 15:11:58;333
636934363182518841;14.05.2019 15:11:58;333
636934363182988775;14.05.2019 15:11:58;333
636934363183459921;14.05.2019 15:11:58;333
636934363183929457;14.05.2019 15:11:58;333
636934363184398061;14.05.2019 15:11:58;333
636934363185022073;14.05.2019 15:11:58;333
636934363185490716;14.05.2019 15:11:58;333
636934363185961837;14.05.2019 15:11:58;332
636934363186431378;14.05.2019 15:11:58;333
636934363187056611;14.05.2019 15:11:58;334
636934363187525199;14.05.2019 15:11:58;334
636934363187993843;14.05.2019 15:11:58;332
636934363188463356;14.05.2019 15:11:58;333
636934363188932003;14.05.2019 15:11:58;333
636934363189556853;14.05.2019 15:11:58;332
636934363190025455;14.05.2019 15:11:59;333
636934363190493257;14.05.2019 15:11:59;334
636934363190962792;14.05.2019 15:11:59;333
636934363191431461;14.05.2019 15:11:59;335
636934363192056328;14.05.2019 15:11:59;335
636934363192524919;14.05.2019 15:11:59;335
636934363192992662;14.05.2019 15:11:59;336
636934363193618408;14.05.2019 15:11:59;336
636934363194087038;14.05.2019 15:11:59;336
636934363194557072;14.05.2019 15:11:59;336
636934363195025710;14.05.2019 15:11:59;336
636934363195493476;14.05.2019 15:11:59;336
636934363196120474;14.05.2019 15:11:59;337
636934363196589369;14.05.2019 15:11:59;336
636934363197059215;14.05.2019 15:11:59;334
636934363197528726;14.05.2019 15:11:59;334
636934363197996497;14.05.2019 15:11:59;332
636934363198622229;14.05.2019 15:11:59;331
636934363199091174;14.05.2019 15:11:59;334
636934363199559876;14.05.2019 15:11:59;335
636934363200029320;14.05.2019 15:12:00;335
636934363200654229;14.05.2019 15:12:00;337
636934363201122865;14.05.2019 15:12:00;335
636934363201591494;14.05.2019 15:12:00;336
636934363202059573;14.05.2019 15:12:00;337
636934363202529108;14.05.2019 15:12:00;336
636934363203154353;14.05.2019 15:12:00;337
636934363203623198;14.05.2019 15:12:00;337
636934363204092576;14.05.2019 15:12:00;336
636934363204561178;14.05.2019 15:12:00;337
636934363205028932;14.05.2019 15:12:00;337
636934363205654664;14.05.2019 15:12:00;336
636934363206123316;14.05.2019 15:12:00;335
636934363206592278;14.05.2019 15:12:00;334
636934363207060941;14.05.2019 15:12:00;334
636934363207686698;14.05.2019 15:12:00;335
636934363208155320;14.05.2019 15:12:00;337
636934363208624199;14.05.2019 15:12:00;335
636934363209092859;14.05.2019 15:12:00;336
636934363209718610;14.05.2019 15:12:00;336
636934363210187198;14.05.2019 15:12:01;337
636934363210655867;14.05.2019 15:12:01;337
636934363211124505;14.05.2019 15:12:01;337
636934363211593146;14.05.2019 15:12:01;337
636934363212218329;14.05.2019 15:12:01;337
636934363212686983;14.05.2019 15:12:01;337
636934363213156885;14.05.2019 15:12:01;335
636934363213628216;14.05.2019 15:12:01;334
636934363214098151;14.05.2019 15:12:01;333
636934363214723029;14.05.2019 15:12:01;332
636934363215192540;14.05.2019 15:12:01;332
636934363215660308;14.05.2019 15:12:01;333
636934363216129830;14.05.2019 15:12:01;331
636934363216754672;14.05.2019 15:12:01;331
636934363217222438;14.05.2019 15:12:01;333
636934363217691073;14.05.2019 15:12:01;331
636934363218160586;14.05.2019 15:12:01;331
636934363218629244;14.05.2019 15:12:01;331
636934363219254654;14.05.2019 15:12:01;331
636934363219722674;14.05.2019 15:12:01;331
636934363220192216;14.05.2019 15:12:02;333
636934363220660859;14.05.2019 15:12:02;332
636934363221129489;14.05.2019 15:12:02;333
636934363221754340;14.05.2019 15:12:02;333
636934363222222981;14.05.2019 15:12:02;333
636934363222691644;14.05.2019 15:12:02;333
636934363223160262;14.05.2019 15:12:02;333
636934363223785118;14.05.2019 15:12:02;333
636934363224253721;14.05.2019 15:12:02;333
636934363224721522;14.05.2019 15:12:02;334
636934363225190163;14.05.2019 15:12:02;333
636934363225815894;14.05.2019 15:12:02;332
636934363226284563;14.05.2019 15:12:02;332
636934363226754198;14.05.2019 15:12:02;332
636934363227224053;14.05.2019 15:12:02;332
636934363227695143;14.05.2019 15:12:02;333
636934363228320312;14.05.2019 15:12:02;332
636934363228790831;14.05.2019 15:12:02;332
636934363229259481;14.05.2019 15:12:02;334
636934363229728368;14.05.2019 15:12:02;334
636934363230197025;14.05.2019 15:12:03;333
636934363230822106;14.05.2019 15:12:03;333
636934363231291376;14.05.2019 15:12:03;334
636934363231761820;14.05.2019 15:12:03;339
636934363232231356;14.05.2019 15:12:03;346
636934363232855334;14.05.2019 15:12:03;344
636934363233324872;14.05.2019 15:12:03;342
636934363233794724;14.05.2019 15:12:03;344
636934363234263370;14.05.2019 15:12:03;343
636934363234732322;14.05.2019 15:12:03;343
636934363235357194;14.05.2019 15:12:03;345
636934363235826719;14.05.2019 15:12:03;347
636934363236295360;14.05.2019 15:12:03;348
636934363236763987;14.05.2019 15:12:03;344
636934363237231816;14.05.2019 15:12:03;344
636934363237856622;14.05.2019 15:12:03;343
636934363238326144;14.05.2019 15:12:03;347
636934363238794768;14.05.2019 15:12:03;344
636934363239262531;14.05.2019 15:12:03;350
636934363239888232;14.05.2019 15:12:03;352
636934363240356906;14.05.2019 15:12:04;354
636934363240825558;14.05.2019 15:12:04;355
636934363241294207;14.05.2019 15:12:04;354
636934363241918432;14.05.2019 15:12:04;355
636934363242387663;14.05.2019 15:12:04;351
636934363242856309;14.05.2019 15:12:04;343
636934363243324958;14.05.2019 15:12:04;338
636934363243793605;14.05.2019 15:12:04;336
636934363244417996;14.05.2019 15:12:04;334
636934363244886686;14.05.2019 15:12:04;334
636934363245356155;14.05.2019 15:12:04;333
636934363245824467;14.05.2019 15:12:04;333
636934363246294246;14.05.2019 15:12:04;333
636934363246919767;14.05.2019 15:12:04;333
636934363247389414;14.05.2019 15:12:04;334
636934363247858997;14.05.2019 15:12:04;335
636934363248327624;14.05.2019 15:12:04;335
636934363248952491;14.05.2019 15:12:04;344
636934363249421955;14.05.2019 15:12:04;351
636934363249891515;14.05.2019 15:12:04;353
636934363250360140;14.05.2019 15:12:05;356
636934363250828780;14.05.2019 15:12:05;357
636934363251453659;14.05.2019 15:12:05;358
636934363251923956;14.05.2019 15:12:05;359
636934363252393750;14.05.2019 15:12:05;356
636934363252863889;14.05.2019 15:12:05;352
636934363253333431;14.05.2019 15:12:05;344
636934363253958257;14.05.2019 15:12:05;347
636934363254426931;14.05.2019 15:12:05;351
636934363254894685;14.05.2019 15:12:05;354
636934363255364237;14.05.2019 15:12:05;354
636934363255989066;14.05.2019 15:12:05;355
636934363256457762;14.05.2019 15:12:05;356
636934363256925749;14.05.2019 15:12:05;358
636934363257395587;14.05.2019 15:12:05;358
636934363257865507;14.05.2019 15:12:05;358
636934363258492882;14.05.2019 15:12:05;358
636934363258962393;14.05.2019 15:12:05;359
636934363259430829;14.05.2019 15:12:05;359
636934363259899489;14.05.2019 15:12:05;357
636934363260369332;14.05.2019 15:12:06;358
636934363260995089;14.05.2019 15:12:06;359
636934363261463738;14.05.2019 15:12:06;359
636934363261932323;14.05.2019 15:12:06;358
636934363262559019;14.05.2019 15:12:06;359
636934363263028569;14.05.2019 15:12:06;360
636934363263497409;14.05.2019 15:12:06;359
636934363263966951;14.05.2019 15:12:06;359
636934363264434710;14.05.2019 15:12:06;360
636934363265060653;14.05.2019 15:12:06;360
636934363265530515;14.05.2019 15:12:06;360
636934363266000054;14.05.2019 15:12:06;360
636934363266468695;14.05.2019 15:12:06;360
636934363266937197;14.05.2019 15:12:06;360
636934363267405973;14.05.2019 15:12:06;360
636934363268030830;14.05.2019 15:12:06;360
636934363268499476;14.05.2019 15:12:06;360
636934363268967682;14.05.2019 15:12:06;361
636934363269592131;14.05.2019 15:12:06;361
636934363270060974;14.05.2019 15:12:07;361
636934363270530241;14.05.2019 15:12:07;361
636934363270998879;14.05.2019 15:12:07;359
636934363271467517;14.05.2019 15:12:07;360
636934363272091905;14.05.2019 15:12:07;361
636934363272560413;14.05.2019 15:12:07;361
636934363273029652;14.05.2019 15:12:07;362
636934363273498321;14.05.2019 15:12:07;361
636934363273966967;14.05.2019 15:12:07;362
636934363274591832;14.05.2019 15:12:07;362
636934363275059553;14.05.2019 15:12:07;362
636934363275529205;14.05.2019 15:12:07;362
636934363275997779;14.05.2019 15:12:07;363
636934363276622561;14.05.2019 15:12:07;362
636934363277091213;14.05.2019 15:12:07;362
636934363277558967;14.05.2019 15:12:07;362
636934363278028530;14.05.2019 15:12:07;362
636934363278654680;14.05.2019 15:12:07;362
636934363279122676;14.05.2019 15:12:07;363
636934363279591948;14.05.2019 15:12:07;362
636934363280059666;14.05.2019 15:12:08;362
636934363280529233;14.05.2019 15:12:08;364
636934363281154513;14.05.2019 15:12:08;363
636934363281624071;14.05.2019 15:12:08;363
636934363282092692;14.05.2019 15:12:08;364
636934363282560654;14.05.2019 15:12:08;363
636934363283029990;14.05.2019 15:12:08;363
636934363283654866;14.05.2019 15:12:08;365
636934363284123507;14.05.2019 15:12:08;363
636934363284592159;14.05.2019 15:12:08;363
636934363285060780;14.05.2019 15:12:08;365
636934363285686783;14.05.2019 15:12:08;364
636934363286154540;14.05.2019 15:12:08;363
636934363286625248;14.05.2019 15:12:08;364
636934363287093894;14.05.2019 15:12:08;363
636934363287562571;14.05.2019 15:12:08;361
636934363288187428;14.05.2019 15:12:08;360
636934363288655154;14.05.2019 15:12:08;359
636934363289123800;14.05.2019 15:12:08;359
636934363289593311;14.05.2019 15:12:08;360
636934363290061960;14.05.2019 15:12:09;354
636934363290686800;14.05.2019 15:12:09;354
636934363291155477;14.05.2019 15:12:09;352
636934363291624112;14.05.2019 15:12:09;352
636934363292092814;14.05.2019 15:12:09;349
636934363292717573;14.05.2019 15:12:09;349
636934363293186217;14.05.2019 15:12:09;353
636934363293654894;14.05.2019 15:12:09;351
636934363294123534;14.05.2019 15:12:09;352
636934363294748491;14.05.2019 15:12:09;353
636934363295218251;14.05.2019 15:12:09;356
636934363295688077;14.05.2019 15:12:09;357
636934363296156923;14.05.2019 15:12:09;356
636934363296626287;14.05.2019 15:12:09;360
636934363297251105;14.05.2019 15:12:09;358
636934363297719745;14.05.2019 15:12:09;359
636934363298188367;14.05.2019 15:12:09;361
636934363298657027;14.05.2019 15:12:09;361
636934363299125014;14.05.2019 15:12:09;351
636934363299749967;14.05.2019 15:12:09;353
636934363300218608;14.05.2019 15:12:10;354
636934363300688194;14.05.2019 15:12:10;350
636934363301156743;14.05.2019 15:12:10;357
636934363301780740;14.05.2019 15:12:10;361
636934363302249378;14.05.2019 15:12:10;362
636934363302718909;14.05.2019 15:12:10;363
636934363303187807;14.05.2019 15:12:10;364
636934363303657354;14.05.2019 15:12:10;364
636934363304282656;14.05.2019 15:12:10;364
636934363304751001;14.05.2019 15:12:10;364
636934363305222149;14.05.2019 15:12:10;365
636934363305691701;14.05.2019 15:12:10;365
636934363306160331;14.05.2019 15:12:10;365
636934363306784301;14.05.2019 15:12:10;365
636934363307252941;14.05.2019 15:12:10;365
636934363307722444;14.05.2019 15:12:10;365
636934363308191107;14.05.2019 15:12:10;365
636934363308815994;14.05.2019 15:12:10;364
636934363309283770;14.05.2019 15:12:10;364
636934363309752666;14.05.2019 15:12:10;365
636934363310221002;14.05.2019 15:12:11;365
636934363310846728;14.05.2019 15:12:11;365
636934363311315394;14.05.2019 15:12:11;365
636934363311783187;14.05.2019 15:12:11;365
636934363312252038;14.05.2019 15:12:11;366
636934363312721305;14.05.2019 15:12:11;365
636934363313345264;14.05.2019 15:12:11;365
636934363313813907;14.05.2019 15:12:11;366
636934363314283396;14.05.2019 15:12:11;365
636934363314752073;14.05.2019 15:12:11;365
636934363315220719;14.05.2019 15:12:11;365
636934363315845875;14.05.2019 15:12:11;366
636934363316316629;14.05.2019 15:12:11;365
636934363316785304;14.05.2019 15:12:11;365
636934363317253908;14.05.2019 15:12:11;365
636934363317878801;14.05.2019 15:12:11;364
636934363318347735;14.05.2019 15:12:11;364
636934363318817340;14.05.2019 15:12:11;363
636934363319285992;14.05.2019 15:12:11;359
636934363319754904;14.05.2019 15:12:11;352
636934363320379777;14.05.2019 15:12:12;347
636934363320851097;14.05.2019 15:12:12;342
636934363321320722;14.05.2019 15:12:12;339
636934363321789343;14.05.2019 15:12:12;337
636934363322257981;14.05.2019 15:12:12;336
636934363322883990;14.05.2019 15:12:12;338
636934363323353057;14.05.2019 15:12:12;336
636934363323822618;14.05.2019 15:12:12;336
636934363324447452;14.05.2019 15:12:12;334
636934363324917600;14.05.2019 15:12:12;332
636934363325387153;14.05.2019 15:12:12;331
636934363325856137;14.05.2019 15:12:12;331
636934363326325678;14.05.2019 15:12:12;330
636934363326949659;14.05.2019 15:12:12;330
636934363327419233;14.05.2019 15:12:12;330
636934363327888290;14.05.2019 15:12:12;330
636934363328357790;14.05.2019 15:12:12;329
636934363328825594;14.05.2019 15:12:12;330
636934363329294234;14.05.2019 15:12:12;333
636934363329919961;14.05.2019 15:12:12;332
636934363330388668;14.05.2019 15:12:13;331
636934363330857253;14.05.2019 15:12:13;339
636934363331481218;14.05.2019 15:12:13;343
636934363331949853;14.05.2019 15:12:13;348
636934363332419372;14.05.2019 15:12:13;350
636934363332888021;14.05.2019 15:12:13;352
636934363333356025;14.05.2019 15:12:13;352
636934363333980898;14.05.2019 15:12:13;342
636934363334449541;14.05.2019 15:12:13;346
636934363334919055;14.05.2019 15:12:13;350
636934363335387665;14.05.2019 15:12:13;352
636934363335856336;14.05.2019 15:12:13;352
636934363336481157;14.05.2019 15:12:13;354
636934363336948944;14.05.2019 15:12:13;354
636934363337418109;14.05.2019 15:12:13;355
636934363337887082;14.05.2019 15:12:13;355
636934363338511944;14.05.2019 15:12:13;355
636934363338980601;14.05.2019 15:12:13;355
636934363339448366;14.05.2019 15:12:13;355
636934363339918179;14.05.2019 15:12:13;354
636934363340543925;14.05.2019 15:12:14;354
636934363341012574;14.05.2019 15:12:14;355
636934363341480331;14.05.2019 15:12:14;355
636934363341948972;14.05.2019 15:12:14;354
636934363342418815;14.05.2019 15:12:14;356
636934363343044533;14.05.2019 15:12:14;345
636934363343514651;14.05.2019 15:12:14;340
636934363343983311;14.05.2019 15:12:14;337
636934363344451946;14.05.2019 15:12:14;344
636934363344921811;14.05.2019 15:12:14;340
636934363345548180;14.05.2019 15:12:14;338
636934363346018982;14.05.2019 15:12:14;343
636934363346488856;14.05.2019 15:12:14;350
636934363346957513;14.05.2019 15:12:14;350
636934363347583254;14.05.2019 15:12:14;342
636934363348053432;14.05.2019 15:12:14;339
636934363348522976;14.05.2019 15:12:14;338
636934363348990733;14.05.2019 15:12:14;336
636934363349459368;14.05.2019 15:12:14;338
636934363350086369;14.05.2019 15:12:15;338
636934363350554974;14.05.2019 15:12:15;343
636934363351024144;14.05.2019 15:12:15;350
636934363351492829;14.05.2019 15:12:15;355
636934363351961423;14.05.2019 15:12:15;356
636934363352587149;14.05.2019 15:12:15;357
636934363353056050;14.05.2019 15:12:15;359
636934363353525619;14.05.2019 15:12:15;359
636934363353994260;14.05.2019 15:12:15;359
636934363354618205;14.05.2019 15:12:15;360
636934363355087353;14.05.2019 15:12:15;353
636934363355556365;14.05.2019 15:12:15;345
636934363356024127;14.05.2019 15:12:15;341
636934363356493666;14.05.2019 15:12:15;339
636934363357118494;14.05.2019 15:12:15;338
636934363357587512;14.05.2019 15:12:15;338
636934363358057405;14.05.2019 15:12:15;336
636934363358525143;14.05.2019 15:12:15;336
636934363358993831;14.05.2019 15:12:15;341
636934363359619518;14.05.2019 15:12:15;339
636934363360088203;14.05.2019 15:12:16;338
636934363360556791;14.05.2019 15:12:16;337
636934363361024554;14.05.2019 15:12:16;337
636934363361650255;14.05.2019 15:12:16;337
636934363362118929;14.05.2019 15:12:16;338
636934363362587573;14.05.2019 15:12:16;346
636934363363056211;14.05.2019 15:12:16;343
636934363363681081;14.05.2019 15:12:16;341
636934363364149148;14.05.2019 15:12:16;341
636934363364618172;14.05.2019 15:12:16;347
636934363365087322;14.05.2019 15:12:16;354
636934363365555971;14.05.2019 15:12:16;353
636934363366181335;14.05.2019 15:12:16;355
636934363366650898;14.05.2019 15:12:16;359
636934363367119558;14.05.2019 15:12:16;358
636934363367588155;14.05.2019 15:12:16;358
636934363368056815;14.05.2019 15:12:16;357
636934363368681646;14.05.2019 15:12:16;351
636934363369149445;14.05.2019 15:12:16;350
636934363369619233;14.05.2019 15:12:16;356
636934363370088840;14.05.2019 15:12:17;358
636934363370713697;14.05.2019 15:12:17;359
636934363371182227;14.05.2019 15:12:17;360
636934363371650976;14.05.2019 15:12:17;360
636934363372120065;14.05.2019 15:12:17;360
636934363372589678;14.05.2019 15:12:17;351
636934363373215779;14.05.2019 15:12:17;345
636934363373683491;14.05.2019 15:12:17;345
636934363374153407;14.05.2019 15:12:17;350
636934363374622067;14.05.2019 15:12:17;356
636934363375091592;14.05.2019 15:12:17;359
636934363375716445;14.05.2019 15:12:17;360
636934363376185377;14.05.2019 15:12:17;359
636934363376655267;14.05.2019 15:12:17;361
636934363377281428;14.05.2019 15:12:17;361
636934363377751261;14.05.2019 15:12:17;362
636934363378221068;14.05.2019 15:12:17;362
636934363378690606;14.05.2019 15:12:17;363
636934363379159261;14.05.2019 15:12:17;360
636934363379785367;14.05.2019 15:12:17;361
636934363380255310;14.05.2019 15:12:18;361
636934363380724845;14.05.2019 15:12:18;362
636934363381193481;14.05.2019 15:12:18;362
636934363381661520;14.05.2019 15:12:18;361
636934363382131098;14.05.2019 15:12:18;362
636934363382756899;14.05.2019 15:12:18;362
636934363383225531;14.05.2019 15:12:18;361
636934363383694122;14.05.2019 15:12:18;360
636934363384161940;14.05.2019 15:12:18;361
636934363384788331;14.05.2019 15:12:18;361
636934363385258197;14.05.2019 15:12:18;362
636934363385727730;14.05.2019 15:12:18;362
636934363386196370;14.05.2019 15:12:18;362
636934363386820348;14.05.2019 15:12:18;362
636934363387290142;14.05.2019 15:12:18;362
636934363387759677;14.05.2019 15:12:18;362
636934363388228651;14.05.2019 15:12:18;363
636934363388698017;14.05.2019 15:12:18;362
636934363389322167;14.05.2019 15:12:18;361
636934363389791681;14.05.2019 15:12:18;360
636934363390260651;14.05.2019 15:12:19;358
636934363390730184;14.05.2019 15:12:19;360
636934363391198820;14.05.2019 15:12:19;362
636934363391822803;14.05.2019 15:12:19;362
636934363392292358;14.05.2019 15:12:19;361
636934363392761312;14.05.2019 15:12:19;360
636934363393230859;14.05.2019 15:12:19;357
636934363393856075;14.05.2019 15:12:19;357
636934363394324777;14.05.2019 15:12:19;350
636934363394794496;14.05.2019 15:12:19;355
636934363395264317;14.05.2019 15:12:19;359
636934363395733864;14.05.2019 15:12:19;360
636934363396358947;14.05.2019 15:12:19;362
636934363396827607;14.05.2019 15:12:19;363
636934363397297135;14.05.2019 15:12:19;364
636934363397765812;14.05.2019 15:12:19;364
636934363398234871;14.05.2019 15:12:19;364
636934363398859744;14.05.2019 15:12:19;364
636934363399328609;14.05.2019 15:12:19;364
636934363399797973;14.05.2019 15:12:19;356
636934363400422760;14.05.2019 15:12:20;355
636934363400891362;14.05.2019 15:12:20;351
636934363401359224;14.05.2019 15:12:20;356
636934363401827787;14.05.2019 15:12:20;355
636934363402297315;14.05.2019 15:12:20;353
636934363402922132;14.05.2019 15:12:20;350
636934363403389934;14.05.2019 15:12:20;352
636934363403858622;14.05.2019 15:12:20;353
636934363404328091;14.05.2019 15:12:20;358
636934363404796737;14.05.2019 15:12:20;361
636934363405421851;14.05.2019 15:12:20;363
636934363405890622;14.05.2019 15:12:20;363
636934363406360039;14.05.2019 15:12:20;356
636934363406828677;14.05.2019 15:12:20;355
636934363407453519;14.05.2019 15:12:20;358
636934363407922188;14.05.2019 15:12:20;351
636934363408389956;14.05.2019 15:12:20;350
636934363408858563;14.05.2019 15:12:20;350
636934363409328096;14.05.2019 15:12:20;348
636934363409952961;14.05.2019 15:12:20;346
636934363410421632;14.05.2019 15:12:21;346
636934363410889337;14.05.2019 15:12:21;346
636934363411358030;14.05.2019 15:12:21;345
636934363411826621;14.05.2019 15:12:21;346
636934363412452350;14.05.2019 15:12:21;348
636934363412859005;14.05.2019 15:12:21;346
636934363413484740;14.05.2019 15:12:21;345
636934363413953394;14.05.2019 15:12:21;346
636934363414422029;14.05.2019 15:12:21;345
636934363414889831;14.05.2019 15:12:21;345
636934363415358427;14.05.2019 15:12:21;346
636934363415983281;14.05.2019 15:12:21;346
636934363416452805;14.05.2019 15:12:21;346
636934363416921446;14.05.2019 15:12:21;346
636934363417390079;14.05.2019 15:12:21;350
636934363418014422;14.05.2019 15:12:21;358
636934363418484005;14.05.2019 15:12:21;360
636934363418952646;14.05.2019 15:12:21;353
636934363419421284;14.05.2019 15:12:21;350
636934363420047526;14.05.2019 15:12:22;349
636934363420515208;14.05.2019 15:12:22;352
636934363420984766;14.05.2019 15:12:22;356
636934363421453362;14.05.2019 15:12:22;352
636934363421921992;14.05.2019 15:12:22;353
636934363422546053;14.05.2019 15:12:22;358
636934363423014603;14.05.2019 15:12:22;363
636934363423484127;14.05.2019 15:12:22;359
636934363423952768;14.05.2019 15:12:22;353
636934363424421414;14.05.2019 15:12:22;360
636934363425045451;14.05.2019 15:12:22;363
636934363425514017;14.05.2019 15:12:22;363
636934363425982666;14.05.2019 15:12:22;364
636934363426453828;14.05.2019 15:12:22;362
636934363427079573;14.05.2019 15:12:22;363
636934363427548580;14.05.2019 15:12:22;364
636934363428017260;14.05.2019 15:12:22;362
636934363428486853;14.05.2019 15:12:22;362
636934363428955455;14.05.2019 15:12:22;362
636934363429580375;14.05.2019 15:12:22;363
636934363430048994;14.05.2019 15:12:23;364
636934363430517513;14.05.2019 15:12:23;364
636934363430986162;14.05.2019 15:12:23;364
636934363431454803;14.05.2019 15:12:23;364
636934363432079161;14.05.2019 15:12:23;364
636934363432548303;14.05.2019 15:12:23;364
636934363433017248;14.05.2019 15:12:23;363
636934363433486834;14.05.2019 15:12:23;364
636934363434112826;14.05.2019 15:12:23;364
636934363434581484;14.05.2019 15:12:23;364
636934363435050410;14.05.2019 15:12:23;365
636934363435520328;14.05.2019 15:12:23;364
636934363435989883;14.05.2019 15:12:23;365
636934363436615679;14.05.2019 15:12:23;365
636934363437085225;14.05.2019 15:12:23;364
636934363437554235;14.05.2019 15:12:23;364
636934363438023890;14.05.2019 15:12:23;364
636934363438492397;14.05.2019 15:12:23;364
636934363439116389;14.05.2019 15:12:23;364
636934363439585930;14.05.2019 15:12:23;365
636934363440054516;14.05.2019 15:12:24;364
636934363440523182;14.05.2019 15:12:24;362
636934363441147445;14.05.2019 15:12:24;361
636934363441616066;14.05.2019 15:12:24;361
636934363442084441;14.05.2019 15:12:24;361
636934363442553082;14.05.2019 15:12:24;360
636934363443177938;14.05.2019 15:12:24;360
636934363443647449;14.05.2019 15:12:24;360
636934363444116093;14.05.2019 15:12:24;359
636934363444584717;14.05.2019 15:12:24;359
636934363445052784;14.05.2019 15:12:24;358
636934363445678200;14.05.2019 15:12:24;358
636934363446147187;14.05.2019 15:12:24;358
636934363446616853;14.05.2019 15:12:24;357
636934363447086386;14.05.2019 15:12:24;357
636934363447554204;14.05.2019 15:12:24;358
636934363448179886;14.05.2019 15:12:24;357
636934363448648494;14.05.2019 15:12:24;357
636934363449116281;14.05.2019 15:12:24;356
636934363449742030;14.05.2019 15:12:24;357
636934363450209942;14.05.2019 15:12:25;357
636934363450679320;14.05.2019 15:12:25;356
636934363451147902;14.05.2019 15:12:25;357
636934363451618230;14.05.2019 15:12:25;357
636934363452087774;14.05.2019 15:12:25;356
636934363452712179;14.05.2019 15:12:25;357
636934363453180382;14.05.2019 15:12:25;356
636934363453651669;14.05.2019 15:12:25;357
636934363454121210;14.05.2019 15:12:25;357
636934363454588967;14.05.2019 15:12:25;357
636934363455213815;14.05.2019 15:12:25;357
636934363455683334;14.05.2019 15:12:25;357
636934363456151980;14.05.2019 15:12:25;357
636934363456620649;14.05.2019 15:12:25;358
636934363457244596;14.05.2019 15:12:25;357
636934363457713235;14.05.2019 15:12:25;357
636934363458183081;14.05.2019 15:12:25;357
636934363458652613;14.05.2019 15:12:25;358
636934363459276918;14.05.2019 15:12:25;357
636934363459745579;14.05.2019 15:12:25;358
636934363460214217;14.05.2019 15:12:26;358
636934363460683747;14.05.2019 15:12:26;358
636934363461152390;14.05.2019 15:12:26;358
636934363461777200;14.05.2019 15:12:26;358
636934363462245040;14.05.2019 15:12:26;358
636934363462713631;14.05.2019 15:12:26;359
636934363463183161;14.05.2019 15:12:26;359
636934363463651760;14.05.2019 15:12:26;359
636934363464276650;14.05.2019 15:12:26;359
636934363464744457;14.05.2019 15:12:26;359
636934363465213962;14.05.2019 15:12:26;359
636934363465839561;14.05.2019 15:12:26;360
636934363466308836;14.05.2019 15:12:26;360
636934363466777612;14.05.2019 15:12:26;360
636934363467247398;14.05.2019 15:12:26;359
636934363467716346;14.05.2019 15:12:26;360
636934363468185585;14.05.2019 15:12:26;360
636934363468809599;14.05.2019 15:12:26;360
636934363469278196;14.05.2019 15:12:26;360
636934363469747706;14.05.2019 15:12:26;360
636934363470216392;14.05.2019 15:12:27;361
636934363470684994;14.05.2019 15:12:27;360
636934363471309847;14.05.2019 15:12:27;361
636934363471778937;14.05.2019 15:12:27;360
636934363472247622;14.05.2019 15:12:27;361
636934363472873298;14.05.2019 15:12:27;360
636934363473341069;14.05.2019 15:12:27;361
636934363473810585;14.05.2019 15:12:27;360
636934363474279052;14.05.2019 15:12:27;360
636934363474747042;14.05.2019 15:12:27;361
636934363475372723;14.05.2019 15:12:27;360
636934363475841389;14.05.2019 15:12:27;360
636934363476309124;14.05.2019 15:12:27;361
636934363476778970;14.05.2019 15:12:27;360
636934363477247686;14.05.2019 15:12:27;360
636934363477873376;14.05.2019 15:12:27;360
636934363478342338;14.05.2019 15:12:27;360
636934363478811890;14.05.2019 15:12:27;360
636934363479279919;14.05.2019 15:12:27;361
636934363479904495;14.05.2019 15:12:27;360
636934363480374045;14.05.2019 15:12:28;361
636934363480842653;14.05.2019 15:12:28;362
636934363481311626;14.05.2019 15:12:28;360
636934363481936502;14.05.2019 15:12:28;361
636934363482405430;14.05.2019 15:12:28;362
636934363482876207;14.05.2019 15:12:28;361
636934363483344618;14.05.2019 15:12:28;361
636934363483814151;14.05.2019 15:12:28;362
636934363484283086;14.05.2019 15:12:28;361
636934363484907964;14.05.2019 15:12:28;361
636934363485378669;14.05.2019 15:12:28;362
636934363485847324;14.05.2019 15:12:28;361
636934363486315967;14.05.2019 15:12:28;362
636934363486939929;14.05.2019 15:12:28;365
636934363487408811;14.05.2019 15:12:28;365
636934363487878094;14.05.2019 15:12:28;365
636934363488346735;14.05.2019 15:12:28;365
636934363488971938;14.05.2019 15:12:28;364
636934363489440955;14.05.2019 15:12:28;364
636934363489909538;14.05.2019 15:12:28;365
636934363490379074;14.05.2019 15:12:29;364
636934363490847703;14.05.2019 15:12:29;363
636934363491473017;14.05.2019 15:12:29;363
636934363491941677;14.05.2019 15:12:29;362
636934363492410315;14.05.2019 15:12:29;361
636934363492878961;14.05.2019 15:12:29;362
636934363493347597;14.05.2019 15:12:29;362
636934363493973317;14.05.2019 15:12:29;362
636934363494441091;14.05.2019 15:12:29;362
636934363494909732;14.05.2019 15:12:29;362
636934363495378373;14.05.2019 15:12:29;362
636934363496004140;14.05.2019 15:12:29;363
636934363496472706;14.05.2019 15:12:29;363
636934363496940505;14.05.2019 15:12:29;364
636934363497409146;14.05.2019 15:12:29;364
636934363498034008;14.05.2019 15:12:29;363
636934363498503909;14.05.2019 15:12:29;363
636934363498973453;14.05.2019 15:12:29;363
636934363499442091;14.05.2019 15:12:29;363
636934363499910219;14.05.2019 15:12:29;363
636934363500378492;14.05.2019 15:12:30;363
636934363501004235;14.05.2019 15:12:30;363
636934363501471981;14.05.2019 15:12:30;363
636934363501941502;14.05.2019 15:12:30;363
636934363502410143;14.05.2019 15:12:30;363
636934363503034199;14.05.2019 15:12:30;363
636934363503502756;14.05.2019 15:12:30;363
636934363503971397;14.05.2019 15:12:30;363
636934363504440914;14.05.2019 15:12:30;364
636934363505065767;14.05.2019 15:12:30;364
636934363505535926;14.05.2019 15:12:30;365
636934363506005420;14.05.2019 15:12:30;365
636934363506473496;14.05.2019 15:12:30;365
636934363506941868;14.05.2019 15:12:30;365
636934363507567600;14.05.2019 15:12:30;365
636934363508036243;14.05.2019 15:12:30;365
636934363508504876;14.05.2019 15:12:30;365
636934363508973484;14.05.2019 15:12:30;365
636934363509442684;14.05.2019 15:12:30;365
636934363510068432;14.05.2019 15:12:31;365
636934363510536580;14.05.2019 15:12:31;366
636934363511005722;14.05.2019 15:12:31;365
636934363511629695;14.05.2019 15:12:31;366
636934363512099225;14.05.2019 15:12:31;366
636934363512567869;14.05.2019 15:12:31;366
636934363513036496;14.05.2019 15:12:31;366
636934363513505147;14.05.2019 15:12:31;366
636934363514129536;14.05.2019 15:12:31;366
636934363514598625;14.05.2019 15:12:31;366
636934363515067272;14.05.2019 15:12:31;366
636934363515537312;14.05.2019 15:12:31;366
636934363516007141;14.05.2019 15:12:31;366
636934363516476654;14.05.2019 15:12:31;366
636934363517100652;14.05.2019 15:12:31;366
636934363517570174;14.05.2019 15:12:31;366
636934363518038812;14.05.2019 15:12:31;366
636934363518664067;14.05.2019 15:12:31;366
636934363519133600;14.05.2019 15:12:31;366
636934363519601640;14.05.2019 15:12:31;366
636934363520071156;14.05.2019 15:12:32;366
636934363520539805;14.05.2019 15:12:32;366
636934363521164695;14.05.2019 15:12:32;366
636934363521633568;14.05.2019 15:12:32;366
636934363522102234;14.05.2019 15:12:32;367
636934363522572083;14.05.2019 15:12:32;367
636934363523041663;14.05.2019 15:12:32;367
636934363523666513;14.05.2019 15:12:32;367
636934363524135154;14.05.2019 15:12:32;367
636934363524602872;14.05.2019 15:12:32;367
636934363525072757;14.05.2019 15:12:32;368
636934363525698747;14.05.2019 15:12:32;367
636934363526169601;14.05.2019 15:12:32;368
636934363526639431;14.05.2019 15:12:32;368
636934363527107221;14.05.2019 15:12:32;368
636934363527577128;14.05.2019 15:12:32;368
636934363528202909;14.05.2019 15:12:32;368
636934363528670644;14.05.2019 15:12:32;368
636934363529140188;14.05.2019 15:12:32;368
636934363529608206;14.05.2019 15:12:32;369
636934363530077789;14.05.2019 15:12:33;368
636934363530702623;14.05.2019 15:12:33;368
636934363531171233;14.05.2019 15:12:33;369
636934363531639915;14.05.2019 15:12:33;368
636934363532107639;14.05.2019 15:12:33;368
636934363532733379;14.05.2019 15:12:33;369
636934363533202026;14.05.2019 15:12:33;368
636934363533669869;14.05.2019 15:12:33;369
636934363534138421;14.05.2019 15:12:33;371
636934363534764183;14.05.2019 15:12:33;370
636934363535233286;14.05.2019 15:12:33;370
636934363535703362;14.05.2019 15:12:33;371
636934363536173691;14.05.2019 15:12:33;370
636934363536641938;14.05.2019 15:12:33;370
636934363537267005;14.05.2019 15:12:33;371
636934363537736541;14.05.2019 15:12:33;370
636934363538205187;14.05.2019 15:12:33;370
636934363538673825;14.05.2019 15:12:33;371
636934363539142471;14.05.2019 15:12:33;370
636934363539767344;14.05.2019 15:12:33;370
636934363540236251;14.05.2019 15:12:34;371
636934363540706961;14.05.2019 15:12:34;371
636934363541175261;14.05.2019 15:12:34;370
636934363541801694;14.05.2019 15:12:34;371
636934363542269451;14.05.2019 15:12:34;370
636934363542740730;14.05.2019 15:12:34;371
636934363543210229;14.05.2019 15:12:34;370
636934363543678033;14.05.2019 15:12:34;370
636934363544302884;14.05.2019 15:12:34;370
636934363544771525;14.05.2019 15:12:34;371
636934363545241050;14.05.2019 15:12:34;370
636934363545709707;14.05.2019 15:12:34;371
636934363546177445;14.05.2019 15:12:34;371
636934363546802298;14.05.2019 15:12:34;371
636934363547271826;14.05.2019 15:12:34;371
636934363547739580;14.05.2019 15:12:34;372
636934363548209071;14.05.2019 15:12:34;371
636934363548833947;14.05.2019 15:12:34;371
636934363549301715;14.05.2019 15:12:34;371
636934363549771226;14.05.2019 15:12:34;371
636934363550239878;14.05.2019 15:12:35;371
636934363550864753;14.05.2019 15:12:35;372
636934363551333438;14.05.2019 15:12:35;371
636934363551802428;14.05.2019 15:12:35;371
636934363552272435;14.05.2019 15:12:35;371
636934363552742927;14.05.2019 15:12:35;370
636934363553368085;14.05.2019 15:12:35;370
636934363553837687;14.05.2019 15:12:35;371
636934363554305447;14.05.2019 15:12:35;371
636934363554775287;14.05.2019 15:12:35;371
636934363555244892;14.05.2019 15:12:35;371
636934363555868801;14.05.2019 15:12:35;372
636934363556337434;14.05.2019 15:12:35;371
636934363556806953;14.05.2019 15:12:35;372
636934363557274940;14.05.2019 15:12:35;372
636934363557899569;14.05.2019 15:12:35;372
636934363558368437;14.05.2019 15:12:35;372
636934363558837745;14.05.2019 15:12:35;372
636934363559306489;14.05.2019 15:12:35;372
636934363559775030;14.05.2019 15:12:35;372
636934363560399900;14.05.2019 15:12:36;372
636934363560867632;14.05.2019 15:12:36;373
636934363561337140;14.05.2019 15:12:36;372
636934363561805811;14.05.2019 15:12:36;372
636934363562274424;14.05.2019 15:12:36;373
636934363562899278;14.05.2019 15:12:36;373
636934363563367919;14.05.2019 15:12:36;373
636934363563836526;14.05.2019 15:12:36;373
636934363564304322;14.05.2019 15:12:36;372
636934363564930057;14.05.2019 15:12:36;372
636934363565399155;14.05.2019 15:12:36;372
636934363565870511;14.05.2019 15:12:36;371
636934363566340287;14.05.2019 15:12:36;372
636934363566966271;14.05.2019 15:12:36;372
636934363567436292;14.05.2019 15:12:36;372
636934363567905440;14.05.2019 15:12:36;372
636934363568375020;14.05.2019 15:12:36;373
636934363568843602;14.05.2019 15:12:36;373
636934363569311362;14.05.2019 15:12:36;373
636934363569938346;14.05.2019 15:12:36;372
636934363570407040;14.05.2019 15:12:37;373
636934363570875631;14.05.2019 15:12:37;373
636934363571343390;14.05.2019 15:12:37;373
636934363571968283;14.05.2019 15:12:37;373
636934363572438123;14.05.2019 15:12:37;373
636934363572909462;14.05.2019 15:12:37;373
636934363573379367;14.05.2019 15:12:37;373
636934363574005677;14.05.2019 15:12:37;374
636934363574474338;14.05.2019 15:12:37;374
636934363574943976;14.05.2019 15:12:37;374
636934363575412620;14.05.2019 15:12:37;374
636934363575881252;14.05.2019 15:12:37;374
636934363576507693;14.05.2019 15:12:37;374
636934363576976353;14.05.2019 15:12:37;374
636934363577447086;14.05.2019 15:12:37;374
636934363577915696;14.05.2019 15:12:37;374
636934363578383456;14.05.2019 15:12:37;374
636934363579008431;14.05.2019 15:12:37;374
636934363579477474;14.05.2019 15:12:37;373
636934363579946469;14.05.2019 15:12:37;374
636934363580415113;14.05.2019 15:12:38;373
636934363581039967;14.05.2019 15:12:38;373
636934363581507732;14.05.2019 15:12:38;374
636934363581977245;14.05.2019 15:12:38;372
636934363582445967;14.05.2019 15:12:38;371
636934363582914815;14.05.2019 15:12:38;371
636934363583541749;14.05.2019 15:12:38;370
636934363584010615;14.05.2019 15:12:38;369
636934363584480150;14.05.2019 15:12:38;368
636934363584949168;14.05.2019 15:12:38;367
636934363585418271;14.05.2019 15:12:38;366
636934363586045089;14.05.2019 15:12:38;366
636934363586516149;14.05.2019 15:12:38;363
636934363586984801;14.05.2019 15:12:38;362
636934363587454686;14.05.2019 15:12:38;361
636934363588080761;14.05.2019 15:12:38;358
636934363588550424;14.05.2019 15:12:38;356
636934363589019076;14.05.2019 15:12:38;355
636934363589486875;14.05.2019 15:12:38;353
636934363589956538;14.05.2019 15:12:38;352
636934363590582305;14.05.2019 15:12:39;351
636934363591050927;14.05.2019 15:12:39;349
636934363591519773;14.05.2019 15:12:39;347
636934363591988652;14.05.2019 15:12:39;347
636934363592457459;14.05.2019 15:12:39;346
636934363593083235;14.05.2019 15:12:39;345
636934363593552776;14.05.2019 15:12:39;345
636934363594021614;14.05.2019 15:12:39;343
636934363594647362;14.05.2019 15:12:39;343
636934363595117876;14.05.2019 15:12:39;343
636934363595588639;14.05.2019 15:12:39;341
636934363596057526;14.05.2019 15:12:39;341
636934363596528719;14.05.2019 15:12:39;341
636934363597153592;14.05.2019 15:12:39;341
636934363597623615;14.05.2019 15:12:39;342
636934363598093658;14.05.2019 15:12:39;340
636934363598563196;14.05.2019 15:12:39;341
636934363599032322;14.05.2019 15:12:39;341
636934363599500979;14.05.2019 15:12:39;340
636934363600126983;14.05.2019 15:12:40;341
636934363600596516;14.05.2019 15:12:40;341
636934363601065165;14.05.2019 15:12:40;341
636934363601691451;14.05.2019 15:12:40;341
636934363602160003;14.05.2019 15:12:40;341
636934363602628954;14.05.2019 15:12:40;340
636934363603098174;14.05.2019 15:12:40;340
636934363603568538;14.05.2019 15:12:40;341
636934363604194788;14.05.2019 15:12:40;341
636934363604664332;14.05.2019 15:12:40;341
636934363605133280;14.05.2019 15:12:40;342
636934363605603234;14.05.2019 15:12:40;342
636934363606072814;14.05.2019 15:12:40;342
636934363606696748;14.05.2019 15:12:40;343
636934363607166259;14.05.2019 15:12:40;343
636934363607634944;14.05.2019 15:12:40;343
636934363608103582;14.05.2019 15:12:40;345
636934363608728441;14.05.2019 15:12:40;343
636934363609196157;14.05.2019 15:12:40;344
636934363609665681;14.05.2019 15:12:40;345
636934363610134610;14.05.2019 15:12:41;345
636934363610604215;14.05.2019 15:12:41;345
636934363611229044;14.05.2019 15:12:41;345
636934363611696767;14.05.2019 15:12:41;346
636934363612166331;14.05.2019 15:12:41;346
636934363612635390;14.05.2019 15:12:41;346
636934363613104976;14.05.2019 15:12:41;346
636934363613729840;14.05.2019 15:12:41;347
636934363614199645;14.05.2019 15:12:41;347
636934363614668321;14.05.2019 15:12:41;347
636934363615136962;14.05.2019 15:12:41;347
636934363615605614;14.05.2019 15:12:41;347
636934363616230454;14.05.2019 15:12:41;348
636934363616699103;14.05.2019 15:12:41;348
636934363617167736;14.05.2019 15:12:41;349
636934363617793013;14.05.2019 15:12:41;349
636934363618262607;14.05.2019 15:12:41;349
636934363618731237;14.05.2019 15:12:41;349
636934363619200614;14.05.2019 15:12:41;350
636934363619669945;14.05.2019 15:12:41;350
636934363620294560;14.05.2019 15:12:42;351
636934363620764146;14.05.2019 15:12:42;351
636934363621232817;14.05.2019 15:12:42;351
636934363621701436;14.05.2019 15:12:42;352
636934363622170066;14.05.2019 15:12:42;352
636934363622794096;14.05.2019 15:12:42;352
636934363623263546;14.05.2019 15:12:42;352
636934363623732187;14.05.2019 15:12:42;352
636934363624200828;14.05.2019 15:12:42;353
636934363624826160;14.05.2019 15:12:42;353
636934363625294818;14.05.2019 15:12:42;353
636934363625764467;14.05.2019 15:12:42;353
636934363626233125;14.05.2019 15:12:42;353
636934363626701746;14.05.2019 15:12:42;354
636934363627326611;14.05.2019 15:12:42;354
636934363627794235;14.05.2019 15:12:42;354
636934363628263884;14.05.2019 15:12:42;354
636934363628732511;14.05.2019 15:12:42;354
636934363629200468;14.05.2019 15:12:42;355
636934363629826119;14.05.2019 15:12:42;355
636934363630295652;14.05.2019 15:12:43;355
636934363630764334;14.05.2019 15:12:43;355
636934363631232989;14.05.2019 15:12:43;356
636934363631856912;14.05.2019 15:12:43;355
636934363632326464;14.05.2019 15:12:43;355
636934363632795105;14.05.2019 15:12:43;356
636934363633263746;14.05.2019 15:12:43;355
636934363633888629;14.05.2019 15:12:43;355
636934363634357140;14.05.2019 15:12:43;356
636934363634827706;14.05.2019 15:12:43;356
636934363635297669;14.05.2019 15:12:43;356
636934363635767562;14.05.2019 15:12:43;356
636934363636392440;14.05.2019 15:12:43;356
636934363636861067;14.05.2019 15:12:43;356
636934363637330994;14.05.2019 15:12:43;357
636934363637800541;14.05.2019 15:12:43;356
636934363638269137;14.05.2019 15:12:43;356
636934363638893364;14.05.2019 15:12:43;356
636934363639362044;14.05.2019 15:12:43;355
636934363639831793;14.05.2019 15:12:43;357
636934363640301733;14.05.2019 15:12:44;360
636934363640928895;14.05.2019 15:12:44;359
636934363641399131;14.05.2019 15:12:44;360
636934363641867792;14.05.2019 15:12:44;361
636934363642337665;14.05.2019 15:12:44;360
636934363642807522;14.05.2019 15:12:44;360
636934363643434883;14.05.2019 15:12:44;360
636934363643903543;14.05.2019 15:12:44;358
636934363644372450;14.05.2019 15:12:44;357
636934363644842000;14.05.2019 15:12:44;355
636934363645311106;14.05.2019 15:12:44;355
636934363645937195;14.05.2019 15:12:44;355
636934363646406978;14.05.2019 15:12:44;356
636934363646875981;14.05.2019 15:12:44;356
636934363647345495;14.05.2019 15:12:44;356
636934363647970365;14.05.2019 15:12:44;357
636934363648439621;14.05.2019 15:12:44;356
636934363648909193;14.05.2019 15:12:44;356
636934363649377845;14.05.2019 15:12:44;357
636934363649846679;14.05.2019 15:12:44;357
636934363650472433;14.05.2019 15:12:45;357
636934363650940190;14.05.2019 15:12:45;358
636934363651409704;14.05.2019 15:12:45;357
636934363651877483;14.05.2019 15:12:45;358
636934363652347019;14.05.2019 15:12:45;359
636934363652971839;14.05.2019 15:12:45;359
636934363653440909;14.05.2019 15:12:45;359
636934363653910517;14.05.2019 15:12:45;361
636934363654378224;14.05.2019 15:12:45;362
636934363655003939;14.05.2019 15:12:45;362
636934363655472971;14.05.2019 15:12:45;362
636934363655942867;14.05.2019 15:12:45;362
636934363656412474;14.05.2019 15:12:45;361
636934363656880292;14.05.2019 15:12:45;361
636934363657505428;14.05.2019 15:12:45;360
636934363657974964;14.05.2019 15:12:45;361
636934363658444076;14.05.2019 15:12:45;361
636934363658913617;14.05.2019 15:12:45;360
636934363659381377;14.05.2019 15:12:45;360
636934363660007161;14.05.2019 15:12:46;361
636934363660475783;14.05.2019 15:12:46;362
636934363660944424;14.05.2019 15:12:46;363
636934363661413089;14.05.2019 15:12:46;363
636934363662037004;14.05.2019 15:12:46;362
636934363662506642;14.05.2019 15:12:46;361
636934363662975216;14.05.2019 15:12:46;363
636934363663443793;14.05.2019 15:12:46;363
636934363664068891;14.05.2019 15:12:46;364
636934363664538426;14.05.2019 15:12:46;364
636934363665007112;14.05.2019 15:12:46;364
636934363665475744;14.05.2019 15:12:46;364
636934363665944418;14.05.2019 15:12:46;364
636934363666569299;14.05.2019 15:12:46;365
636934363667037876;14.05.2019 15:12:46;365
636934363667506523;14.05.2019 15:12:46;365
636934363667975161;14.05.2019 15:12:46;366
636934363668443868;14.05.2019 15:12:46;366
636934363669068655;14.05.2019 15:12:46;365
636934363669537293;14.05.2019 15:12:46;366
636934363670005942;14.05.2019 15:12:47;366
636934363670631103;14.05.2019 15:12:47;366
636934363671100678;14.05.2019 15:12:47;366
636934363671569321;14.05.2019 15:12:47;366
636934363672037957;14.05.2019 15:12:47;366
636934363672506891;14.05.2019 15:12:47;366
636934363673131955;14.05.2019 15:12:47;366
636934363673601655;14.05.2019 15:12:47;366
636934363674071226;14.05.2019 15:12:47;366
636934363674539853;14.05.2019 15:12:47;366
636934363675008483;14.05.2019 15:12:47;367
636934363675477151;14.05.2019 15:12:47;367
636934363676103266;14.05.2019 15:12:47;367
636934363676572948;14.05.2019 15:12:47;367
636934363677041542;14.05.2019 15:12:47;366
636934363677666465;14.05.2019 15:12:47;367
636934363678134452;14.05.2019 15:12:47;366
636934363678604023;14.05.2019 15:12:47;367
636934363679071753;14.05.2019 15:12:47;367
636934363679541305;14.05.2019 15:12:47;368
636934363680166156;14.05.2019 15:12:48;368
636934363680634797;14.05.2019 15:12:48;368
636934363681103462;14.05.2019 15:12:48;368
636934363681572087;14.05.2019 15:12:48;368
636934363682040727;14.05.2019 15:12:48;368
636934363682665537;14.05.2019 15:12:48;368
636934363683134208;14.05.2019 15:12:48;368
636934363683602851;14.05.2019 15:12:48;368
636934363684070578;14.05.2019 15:12:48;369
636934363684696310;14.05.2019 15:12:48;369
636934363685164945;14.05.2019 15:12:48;369
636934363685633586;14.05.2019 15:12:48;369
636934363686102232;14.05.2019 15:12:48;370
636934363686727479;14.05.2019 15:12:48;369
636934363687197067;14.05.2019 15:12:48;369
636934363687664777;14.05.2019 15:12:48;370
636934363688134299;14.05.2019 15:12:48;369
636934363688604447;14.05.2019 15:12:48;368
636934363689228348;14.05.2019 15:12:48;368
636934363689697892;14.05.2019 15:12:48;366
636934363690168295;14.05.2019 15:12:49;364
636934363690638249;14.05.2019 15:12:49;364
636934363691107856;14.05.2019 15:12:49;364
636934363691575550;14.05.2019 15:12:49;364
636934363692201284;14.05.2019 15:12:49;365
636934363692670158;14.05.2019 15:12:49;364
636934363693140165;14.05.2019 15:12:49;363
636934363693768321;14.05.2019 15:12:49;364
636934363694236981;14.05.2019 15:12:49;363
636934363694705619;14.05.2019 15:12:49;363
636934363695174271;14.05.2019 15:12:49;364
636934363695642948;14.05.2019 15:12:49;363
636934363696269015;14.05.2019 15:12:49;363
636934363696738027;14.05.2019 15:12:49;363
636934363697207637;14.05.2019 15:12:49;363
636934363697676552;14.05.2019 15:12:49;364
636934363698146132;14.05.2019 15:12:49;365
636934363698770944;14.05.2019 15:12:49;364
636934363699239582;14.05.2019 15:12:49;364
636934363699708312;14.05.2019 15:12:49;365
636934363700177338;14.05.2019 15:12:50;364
636934363700803097;14.05.2019 15:12:50;365
636934363701270860;14.05.2019 15:12:50;365
636934363701740542;14.05.2019 15:12:50;365
636934363702209128;14.05.2019 15:12:50;365
636934363702678095;14.05.2019 15:12:50;366
636934363703303849;14.05.2019 15:12:50;365
636934363703772773;14.05.2019 15:12:50;366
636934363704242289;14.05.2019 15:12:50;367
636934363704710930;14.05.2019 15:12:50;367
636934363705179565;14.05.2019 15:12:50;367
636934363705804735;14.05.2019 15:12:50;367
636934363706274295;14.05.2019 15:12:50;366
636934363706742955;14.05.2019 15:12:50;364
636934363707211549;14.05.2019 15:12:50;364
636934363707837600;14.05.2019 15:12:50;363
636934363708306263;14.05.2019 15:12:50;362
636934363708774890;14.05.2019 15:12:50;363
636934363709243528;14.05.2019 15:12:50;362
636934363709868378;14.05.2019 15:12:50;362
636934363710337011;14.05.2019 15:12:51;362
636934363710805779;14.05.2019 15:12:51;362
636934363711274414;14.05.2019 15:12:51;362
636934363711742061;14.05.2019 15:12:51;362
636934363712367864;14.05.2019 15:12:51;363
636934363712836502;14.05.2019 15:12:51;363
636934363713305193;14.05.2019 15:12:51;363
636934363713773781;14.05.2019 15:12:51;363
636934363714242347;14.05.2019 15:12:51;363
636934363714867204;14.05.2019 15:12:51;363
636934363715335850;14.05.2019 15:12:51;363
636934363715804801;14.05.2019 15:12:51;363
636934363716274891;14.05.2019 15:12:51;363
636934363716901980;14.05.2019 15:12:51;366
636934363717370006;14.05.2019 15:12:51;367
636934363717839633;14.05.2019 15:12:51;367
636934363718309302;14.05.2019 15:12:51;366
636934363718777901;14.05.2019 15:12:51;366
636934363719402755;14.05.2019 15:12:51;367
636934363719870739;14.05.2019 15:12:51;367
636934363720340297;14.05.2019 15:12:52;368
636934363720808093;14.05.2019 15:12:52;368
636934363721353611;14.05.2019 15:12:52;368
636934363721822601;14.05.2019 15:12:52;368
636934363722292195;14.05.2019 15:12:52;368
636934363722917048;14.05.2019 15:12:52;368
636934363723385686;14.05.2019 15:12:52;369
636934363723854272;14.05.2019 15:12:52;368
636934363724323148;14.05.2019 15:12:52;368
636934363724791808;14.05.2019 15:12:52;369
636934363725416665;14.05.2019 15:12:52;369
636934363725886220;14.05.2019 15:12:52;369
636934363726355110;14.05.2019 15:12:52;369
636934363726824643;14.05.2019 15:12:52;369
636934363727449588;14.05.2019 15:12:52;370
636934363727918195;14.05.2019 15:12:52;369
636934363728385902;14.05.2019 15:12:52;369
636934363728855419;14.05.2019 15:12:52;370
636934363729480250;14.05.2019 15:12:52;369
636934363729948032;14.05.2019 15:12:52;369
636934363730417562;14.05.2019 15:12:53;370
636934363730886652;14.05.2019 15:12:53;370
636934363731356260;14.05.2019 15:12:53;369
636934363731980163;14.05.2019 15:12:53;370
636934363732448973;14.05.2019 15:12:53;370
636934363732919955;14.05.2019 15:12:53;370
636934363733389562;14.05.2019 15:12:53;371
636934363733858267;14.05.2019 15:12:53;370
636934363734483076;14.05.2019 15:12:53;370
636934363734951066;14.05.2019 15:12:53;370
636934363735420347;14.05.2019 15:12:53;370
636934363735889337;14.05.2019 15:12:53;370
636934363736516387;14.05.2019 15:12:53;371
636934363736984981;14.05.2019 15:12:53;370
636934363737453611;14.05.2019 15:12:53;370
636934363737923210;14.05.2019 15:12:53;372
636934363738391834;14.05.2019 15:12:53;371
636934363739016657;14.05.2019 15:12:53;370
636934363739485367;14.05.2019 15:12:53;371
636934363739953047;14.05.2019 15:12:53;371
636934363740422613;14.05.2019 15:12:54;371
636934363740891243;14.05.2019 15:12:54;372
636934363741516102;14.05.2019 15:12:54;371
636934363741983817;14.05.2019 15:12:54;371
636934363742452461;14.05.2019 15:12:54;372
636934363743079924;14.05.2019 15:12:54;371
636934363743549529;14.05.2019 15:12:54;371
636934363744019370;14.05.2019 15:12:54;372
636934363744487999;14.05.2019 15:12:54;370
636934363744956643;14.05.2019 15:12:54;370
636934363745581580;14.05.2019 15:12:54;370
636934363746050176;14.05.2019 15:12:54;369
636934363746518820;14.05.2019 15:12:54;369
636934363746987458;14.05.2019 15:12:54;368
636934363747455179;14.05.2019 15:12:54;367
636934363748080947;14.05.2019 15:12:54;366
636934363748549590;14.05.2019 15:12:54;366
636934363749018514;14.05.2019 15:12:54;364
636934363749488908;14.05.2019 15:12:54;365
636934363750121866;14.05.2019 15:12:55;364
636934363750616655;14.05.2019 15:12:55;363
636934363751018955;14.05.2019 15:12:55;361
636934363751566138;14.05.2019 15:12:55;360
636934363752114286;14.05.2019 15:12:55;360
636934363752614555;14.05.2019 15:12:55;360
636934363753114224;14.05.2019 15:12:55;359
636934363753615541;14.05.2019 15:12:55;358
636934363754114649;14.05.2019 15:12:55;358
636934363754616623;14.05.2019 15:12:55;359
636934363755116560;14.05.2019 15:12:55;356
636934363755617278;14.05.2019 15:12:55;353
636934363756113716;14.05.2019 15:12:55;351
636934363756617817;14.05.2019 15:12:55;352
636934363757115400;14.05.2019 15:12:55;351
636934363757614342;14.05.2019 15:12:55;352
636934363758114601;14.05.2019 15:12:55;350
636934363758614081;14.05.2019 15:12:55;350
636934363759160181;14.05.2019 15:12:55;349
636934363759616105;14.05.2019 15:12:55;350
636934363760116142;14.05.2019 15:12:56;349
636934363760614499;14.05.2019 15:12:56;348
636934363761111029;14.05.2019 15:12:56;347
636934363761615083;14.05.2019 15:12:56;347
636934363762115857;14.05.2019 15:12:56;347
636934363762615689;14.05.2019 15:12:56;345
636934363763116759;14.05.2019 15:12:56;345
636934363763616652;14.05.2019 15:12:56;343
636934363764116043;14.05.2019 15:12:56;342
636934363764714906;14.05.2019 15:12:56;340
636934363765117591;14.05.2019 15:12:56;337
636934363765618544;14.05.2019 15:12:56;334
636934363766214060;14.05.2019 15:12:56;330
636934363766714352;14.05.2019 15:12:56;325
636934363767104301;14.05.2019 15:12:56;322
636934363767615195;14.05.2019 15:12:56;316
636934363768217798;14.05.2019 15:12:56;314
636934363768714899;14.05.2019 15:12:56;312
636934363769214755;14.05.2019 15:12:56;310
636934363769714363;14.05.2019 15:12:56;306
636934363770216173;14.05.2019 15:12:57;303
636934363770716559;14.05.2019 15:12:57;302
636934363771216748;14.05.2019 15:12:57;300
636934363771715837;14.05.2019 15:12:57;298
636934363772217952;14.05.2019 15:12:57;296
636934363772715836;14.05.2019 15:12:57;294
636934363773215942;14.05.2019 15:12:57;292
636934363773715408;14.05.2019 15:12:57;290
636934363774211661;14.05.2019 15:12:57;288
636934363774714255;14.05.2019 15:12:57;286
636934363775208637;14.05.2019 15:12:57;284
636934363775715351;14.05.2019 15:12:57;282
636934363776208705;14.05.2019 15:12:57;280
636934363776716244;14.05.2019 15:12:57;275
636934363777208227;14.05.2019 15:12:57;275
636934363777718878;14.05.2019 15:12:57;274
636934363778205647;14.05.2019 15:12:57;273
636934363778714594;14.05.2019 15:12:57;270
636934363779206000;14.05.2019 15:12:57;270
636934363779718729;14.05.2019 15:12:57;270
636934363780317440;14.05.2019 15:12:58;267
636934363780719011;14.05.2019 15:12:58;267
636934363781205026;14.05.2019 15:12:58;267
636934363781714546;14.05.2019 15:12:58;264
636934363782316479;14.05.2019 15:12:58;264
636934363782813881;14.05.2019 15:12:58;265
636934363783202508;14.05.2019 15:12:58;264
636934363783814589;14.05.2019 15:12:58;264
636934363784315426;14.05.2019 15:12:58;264
636934363784816317;14.05.2019 15:12:58;262
636934363785319404;14.05.2019 15:12:58;261
636934363785823164;14.05.2019 15:12:58;261
636934363786317355;14.05.2019 15:12:58;258
636934363786817071;14.05.2019 15:12:58;256
636934363787317097;14.05.2019 15:12:58;255
636934363787813579;14.05.2019 15:12:58;253
636934363788317904;14.05.2019 15:12:58;252
636934363788815645;14.05.2019 15:12:58;253
636934363789316072;14.05.2019 15:12:58;252
636934363789821204;14.05.2019 15:12:58;253
636934363790314810;14.05.2019 15:12:59;253
636934363790813822;14.05.2019 15:12:59;253
636934363791315699;14.05.2019 15:12:59;255
636934363791815165;14.05.2019 15:12:59;257
636934363792314495;14.05.2019 15:12:59;255
636934363792815299;14.05.2019 15:12:59;255
636934363793315799;14.05.2019 15:12:59;256
636934363793815063;14.05.2019 15:12:59;256
636934363794317164;14.05.2019 15:12:59;256
636934363794817453;14.05.2019 15:12:59;257
636934363795317758;14.05.2019 15:12:59;258
636934363795817183;14.05.2019 15:12:59;259
636934363796416486;14.05.2019 15:12:59;262
636934363796817780;14.05.2019 15:12:59;265
636934363797314603;14.05.2019 15:12:59;267
636934363797916239;14.05.2019 15:12:59;268
636934363798416744;14.05.2019 15:12:59;266
636934363798916050;14.05.2019 15:12:59;264
636934363799316842;14.05.2019 15:12:59;263
636934363799916908;14.05.2019 15:12:59;263
636934363800414825;14.05.2019 15:13:00;263
636934363800917064;14.05.2019 15:13:00;264
636934363801414935;14.05.2019 15:13:00;263
636934363801918654;14.05.2019 15:13:00;264
636934363802416942;14.05.2019 15:13:00;264
636934363802918719;14.05.2019 15:13:00;264
636934363803418523;14.05.2019 15:13:00;267
636934363803917756;14.05.2019 15:13:00;269
636934363804413793;14.05.2019 15:13:00;270
636934363804915547;14.05.2019 15:13:00;267
636934363805415107;14.05.2019 15:13:00;265
636934363805915119;14.05.2019 15:13:00;264
636934363806414272;14.05.2019 15:13:00;267
636934363806914010;14.05.2019 15:13:00;267
636934363807416651;14.05.2019 15:13:00;268
636934363807914649;14.05.2019 15:13:00;267
636934363808415032;14.05.2019 15:13:00;266
636934363808915532;14.05.2019 15:13:00;266
636934363809422071;14.05.2019 15:13:00;265
636934363809918639;14.05.2019 15:13:00;264
636934363810416523;14.05.2019 15:13:01;262
636934363810982222;14.05.2019 15:13:01;261
636934363811469110;14.05.2019 15:13:01;260
636934363811957641;14.05.2019 15:13:01;260
636934363812459340;14.05.2019 15:13:01;258
636934363812961405;14.05.2019 15:13:01;257
636934363813459721;14.05.2019 15:13:01;256
636934363813963310;14.05.2019 15:13:01;255
636934363814467420;14.05.2019 15:13:01;254
636934363814961838;14.05.2019 15:13:01;249
636934363815462085;14.05.2019 15:13:01;248
636934363815960656;14.05.2019 15:13:01;249
636934363816469764;14.05.2019 15:13:01;246
636934363816963196;14.05.2019 15:13:01;246
636934363817462451;14.05.2019 15:13:01;245
636934363817963017;14.05.2019 15:13:01;242
636934363818464841;14.05.2019 15:13:01;240
636934363819058058;14.05.2019 15:13:01;238
636934363819559790;14.05.2019 15:13:01;237
636934363819960067;14.05.2019 15:13:01;233
636934363820462836;14.05.2019 15:13:02;228
636934363821073274;14.05.2019 15:13:02;225
636934363821558361;14.05.2019 15:13:02;220
636934363821960107;14.05.2019 15:13:02;218
636934363822560083;14.05.2019 15:13:02;217
636934363823057943;14.05.2019 15:13:02;216
636934363823560127;14.05.2019 15:13:02;214
636934363824059609;14.05.2019 15:13:02;213
636934363824558133;14.05.2019 15:13:02;210
636934363825070142;14.05.2019 15:13:02;210
636934363825560881;14.05.2019 15:13:02;210
636934363826058870;14.05.2019 15:13:02;208
636934363826551698;14.05.2019 15:13:02;208
636934363827070816;14.05.2019 15:13:02;208
636934363827553658;14.05.2019 15:13:02;207
636934363828068800;14.05.2019 15:13:02;206
636934363828556101;14.05.2019 15:13:02;206
636934363829060512;14.05.2019 15:13:02;206
636934363829550337;14.05.2019 15:13:02;206
636934363830064590;14.05.2019 15:13:03;207
636934363830546147;14.05.2019 15:13:03;208
636934363831065957;14.05.2019 15:13:03;207
636934363831555114;14.05.2019 15:13:03;208
636934363832068361;14.05.2019 15:13:03;208
636934363832552063;14.05.2019 15:13:03;209
636934363833068842;14.05.2019 15:13:03;208
636934363833549086;14.05.2019 15:13:03;209
636934363834058861;14.05.2019 15:13:03;209
636934363834555931;14.05.2019 15:13:03;211
636934363835162501;14.05.2019 15:13:03;211
636934363835550677;14.05.2019 15:13:03;212
636934363836059829;14.05.2019 15:13:03;214
636934363836553177;14.05.2019 15:13:03;216
636934363837161208;14.05.2019 15:13:03;219
636934363837658463;14.05.2019 15:13:03;223
636934363838061741;14.05.2019 15:13:03;224
636934363838658468;14.05.2019 15:13:03;226
636934363839163007;14.05.2019 15:13:03;228
636934363839661667;14.05.2019 15:13:03;228
636934363840159085;14.05.2019 15:13:04;230
636934363840659399;14.05.2019 15:13:04;230
636934363841160589;14.05.2019 15:13:04;231
636934363841671436;14.05.2019 15:13:04;232
636934363842158903;14.05.2019 15:13:04;233
636934363842678228;14.05.2019 15:13:04;231
636934363843108353;14.05.2019 15:13:04;233
636934363843611834;14.05.2019 15:13:04;236
636934363844215581;14.05.2019 15:13:04;236
636934363844706087;14.05.2019 15:13:04;237
636934363845148577;14.05.2019 15:13:04;239
636934363845702756;14.05.2019 15:13:04;239
636934363846206134;14.05.2019 15:13:04;240
636934363846701297;14.05.2019 15:13:04;242
636934363847203819;14.05.2019 15:13:04;242
636934363847702510;14.05.2019 15:13:04;242
636934363848204159;14.05.2019 15:13:04;243
636934363848703290;14.05.2019 15:13:04;242
636934363849203587;14.05.2019 15:13:04;240
636934363849703821;14.05.2019 15:13:04;239
636934363850203844;14.05.2019 15:13:05;239
636934363850704169;14.05.2019 15:13:05;238
636934363851204061;14.05.2019 15:13:05;241
636934363851705215;14.05.2019 15:13:05;244
636934363852204196;14.05.2019 15:13:05;243
636934363852706563;14.05.2019 15:13:05;242
636934363853206880;14.05.2019 15:13:05;242
636934363853702841;14.05.2019 15:13:05;241
636934363854204177;14.05.2019 15:13:05;243
636934363854702081;14.05.2019 15:13:05;243
636934363855202201;14.05.2019 15:13:05;250
636934363855703731;14.05.2019 15:13:05;250
636934363856202956;14.05.2019 15:13:05;250
636934363856701682;14.05.2019 15:13:05;255
636934363857204071;14.05.2019 15:13:05;258
636934363857703083;14.05.2019 15:13:05;260
636934363858302766;14.05.2019 15:13:05;260
636934363858703855;14.05.2019 15:13:05;262
636934363859204903;14.05.2019 15:13:05;263
636934363859804935;14.05.2019 15:13:05;259
636934363860304482;14.05.2019 15:13:06;255
636934363860804557;14.05.2019 15:13:06;254
636934363861206234;14.05.2019 15:13:06;255
636934363861804697;14.05.2019 15:13:06;259
636934363862303327;14.05.2019 15:13:06;262
636934363862803314;14.05.2019 15:13:06;265
636934363863302611;14.05.2019 15:13:06;265
636934363863804005;14.05.2019 15:13:06;265
636934363864302989;14.05.2019 15:13:06;268
636934363864805129;14.05.2019 15:13:06;267
636934363865304590;14.05.2019 15:13:06;267
636934363865806469;14.05.2019 15:13:06;269
636934363866306079;14.05.2019 15:13:06;268
636934363866807850;14.05.2019 15:13:06;269
636934363867304388;14.05.2019 15:13:06;271
636934363867846892;14.05.2019 15:13:06;270
636934363868304501;14.05.2019 15:13:06;269
636934363868804058;14.05.2019 15:13:06;271
636934363869304494;14.05.2019 15:13:06;270
636934363869805365;14.05.2019 15:13:06;271
636934363870305845;14.05.2019 15:13:07;272
636934363870803510;14.05.2019 15:13:07;272
636934363871304181;14.05.2019 15:13:07;272
636934363871803273;14.05.2019 15:13:07;273
636934363872348772;14.05.2019 15:13:07;272
636934363872806497;14.05.2019 15:13:07;272
636934363873303412;14.05.2019 15:13:07;273
636934363873905364;14.05.2019 15:13:07;273
636934363874348712;14.05.2019 15:13:07;274
636934363874849766;14.05.2019 15:13:07;274
636934363875310092;14.05.2019 15:13:07;273
636934363875903059;14.05.2019 15:13:07;273
636934363876402309;14.05.2019 15:13:07;273
636934363876805379;14.05.2019 15:13:07;273
636934363877404042;14.05.2019 15:13:07;274
636934363877902531;14.05.2019 15:13:07;275
636934363878404149;14.05.2019 15:13:07;275
636934363878905984;14.05.2019 15:13:07;275
636934363879403433;14.05.2019 15:13:07;276
636934363879904340;14.05.2019 15:13:07;276
636934363880401615;14.05.2019 15:13:08;276
636934363880902375;14.05.2019 15:13:08;275
636934363881404132;14.05.2019 15:13:08;273
636934363881906139;14.05.2019 15:13:08;275
636934363882404594;14.05.2019 15:13:08;276
636934363882904716;14.05.2019 15:13:08;276
636934363883402836;14.05.2019 15:13:08;277
636934363883905666;14.05.2019 15:13:08;276
636934363884401860;14.05.2019 15:13:08;277
636934363884903468;14.05.2019 15:13:08;277
636934363885434091;14.05.2019 15:13:08;277
636934363885871965;14.05.2019 15:13:08;278
636934363886476167;14.05.2019 15:13:08;278
636934363886976425;14.05.2019 15:13:08;277
636934363887372569;14.05.2019 15:13:08;278
636934363887873282;14.05.2019 15:13:08;279
636934363888475450;14.05.2019 15:13:08;279
636934363888974104;14.05.2019 15:13:08;279
636934363889471429;14.05.2019 15:13:08;280
636934363889970435;14.05.2019 15:13:08;280
636934363890470824;14.05.2019 15:13:09;280
636934363890970038;14.05.2019 15:13:09;280
636934363891468742;14.05.2019 15:13:09;280
636934363891970593;14.05.2019 15:13:09;281
636934363892473938;14.05.2019 15:13:09;281
636934363892970659;14.05.2019 15:13:09;281
636934363893474347;14.05.2019 15:13:09;282
636934363893970236;14.05.2019 15:13:09;282
636934363894472149;14.05.2019 15:13:09;282
636934363894971072;14.05.2019 15:13:09;283
636934363895471380;14.05.2019 15:13:09;283
636934363895970267;14.05.2019 15:13:09;284
636934363896471546;14.05.2019 15:13:09;284
636934363896971070;14.05.2019 15:13:09;284
636934363897473229;14.05.2019 15:13:09;285
636934363897974859;14.05.2019 15:13:09;286
636934363898472521;14.05.2019 15:13:09;285
636934363898973910;14.05.2019 15:13:09;286
636934363899471451;14.05.2019 15:13:09;285
636934363899975294;14.05.2019 15:13:09;286
636934363900570406;14.05.2019 15:13:10;286
636934363901018143;14.05.2019 15:13:10;287
636934363901475048;14.05.2019 15:13:10;287
636934363901957367;14.05.2019 15:13:10;287
636934363902575269;14.05.2019 15:13:10;289
636934363903072987;14.05.2019 15:13:10;288
636934363903472937;14.05.2019 15:13:10;288
636934363904075199;14.05.2019 15:13:10;289
636934363904570842;14.05.2019 15:13:10;288
636934363905072893;14.05.2019 15:13:10;289
636934363905572439;14.05.2019 15:13:10;290
636934363906071994;14.05.2019 15:13:10;290
636934363906572026;14.05.2019 15:13:10;290
636934363907074276;14.05.2019 15:13:10;291
636934363907575019;14.05.2019 15:13:10;290
636934363908073624;14.05.2019 15:13:10;290
636934363908571148;14.05.2019 15:13:10;291
636934363909071877;14.05.2019 15:13:10;292
636934363909575125;14.05.2019 15:13:10;291
636934363910073056;14.05.2019 15:13:11;292
636934363910571747;14.05.2019 15:13:11;292
636934363911073244;14.05.2019 15:13:11;292
636934363911570685;14.05.2019 15:13:11;292
636934363912073265;14.05.2019 15:13:11;292
636934363912575161;14.05.2019 15:13:11;293
636934363913074400;14.05.2019 15:13:11;293
636934363913573475;14.05.2019 15:13:11;293
636934363914071667;14.05.2019 15:13:11;293
636934363914570856;14.05.2019 15:13:11;293
636934363915071394;14.05.2019 15:13:11;294
636934363915571583;14.05.2019 15:13:11;295
636934363916074615;14.05.2019 15:13:11;294
636934363916671766;14.05.2019 15:13:11;294
636934363917069699;14.05.2019 15:13:11;295
636934363917570495;14.05.2019 15:13:11;295
636934363918170937;14.05.2019 15:13:11;295
636934363918670517;14.05.2019 15:13:11;296
636934363919170399;14.05.2019 15:13:11;296
636934363919571903;14.05.2019 15:13:11;295
636934363920170661;14.05.2019 15:13:12;296
636934363920670775;14.05.2019 15:13:12;295
636934363921172840;14.05.2019 15:13:12;295
636934363921671101;14.05.2019 15:13:12;295
636934363922172481;14.05.2019 15:13:12;295
636934363922670524;14.05.2019 15:13:12;294
636934363923174096;14.05.2019 15:13:12;295
636934363923710383;14.05.2019 15:13:12;294
636934363924169376;14.05.2019 15:13:12;294
636934363924669757;14.05.2019 15:13:12;294
636934363925170605;14.05.2019 15:13:12;294
636934363925681666;14.05.2019 15:13:12;294
636934363926171452;14.05.2019 15:13:12;293
636934363926670716;14.05.2019 15:13:12;293
636934363927171201;14.05.2019 15:13:12;293
636934363927683409;14.05.2019 15:13:12;293
636934363928172062;14.05.2019 15:13:12;293
636934363928671509;14.05.2019 15:13:12;293
636934363929172105;14.05.2019 15:13:12;292
636934363929677556;14.05.2019 15:13:12;292
636934363930168829;14.05.2019 15:13:13;293
636934363930719227;14.05.2019 15:13:13;292
636934363931170521;14.05.2019 15:13:13;292
636934363931625968;14.05.2019 15:13:13;293
636934363932221518;14.05.2019 15:13:13;292
636934363932727528;14.05.2019 15:13:13;292
636934363933215180;14.05.2019 15:13:13;293
636934363933710571;14.05.2019 15:13:13;292
636934363934218160;14.05.2019 15:13:13;293
636934363934712808;14.05.2019 15:13:13;293
636934363935218977;14.05.2019 15:13:13;293
636934363935711200;14.05.2019 15:13:13;293
636934363936221161;14.05.2019 15:13:13;294
636934363936714261;14.05.2019 15:13:13;293
636934363937221919;14.05.2019 15:13:13;294
636934363937712952;14.05.2019 15:13:13;295
636934363938223226;14.05.2019 15:13:13;295
636934363938715112;14.05.2019 15:13:13;295
636934363939306602;14.05.2019 15:13:13;295
636934363939813441;14.05.2019 15:13:13;295
636934363940303493;14.05.2019 15:13:14;296
636934363940713821;14.05.2019 15:13:14;296
636934363941303882;14.05.2019 15:13:14;296
636934363941814045;14.05.2019 15:13:14;297
636934363942307147;14.05.2019 15:13:14;298
636934363942812490;14.05.2019 15:13:14;298
636934363943307346;14.05.2019 15:13:14;298
636934363943810807;14.05.2019 15:13:14;299
636934363944304009;14.05.2019 15:13:14;298
636934363944811258;14.05.2019 15:13:14;299
636934363945300955;14.05.2019 15:13:14;300
636934363945815047;14.05.2019 15:13:14;300
636934363946305603;14.05.2019 15:13:14;299
636934363946814788;14.05.2019 15:13:14;300
636934363947298858;14.05.2019 15:13:14;300
636934363947813352;14.05.2019 15:13:14;301
636934363948302173;14.05.2019 15:13:14;301
636934363948811807;14.05.2019 15:13:14;301
636934363949302444;14.05.2019 15:13:14;302
636934363949811701;14.05.2019 15:13:14;301
636934363950306158;14.05.2019 15:13:15;302
636934363950812714;14.05.2019 15:13:15;303
636934363951307717;14.05.2019 15:13:15;302
636934363951811483;14.05.2019 15:13:15;303
636934363952307413;14.05.2019 15:13:15;303
636934363952814914;14.05.2019 15:13:15;303
636934363953306451;14.05.2019 15:13:15;304
636934363953812303;14.05.2019 15:13:15;304
636934363954302009;14.05.2019 15:13:15;304
636934363954813136;14.05.2019 15:13:15;304
636934363955415847;14.05.2019 15:13:15;304
636934363955814379;14.05.2019 15:13:15;304
636934363956300012;14.05.2019 15:13:15;304
636934363956912741;14.05.2019 15:13:15;305
636934363957411975;14.05.2019 15:13:15;304
636934363957915361;14.05.2019 15:13:15;305
636934363958301137;14.05.2019 15:13:15;305
636934363958911658;14.05.2019 15:13:15;306
636934363959415325;14.05.2019 15:13:15;305
636934363959911383;14.05.2019 15:13:15;305
636934363960413656;14.05.2019 15:13:16;306
636934363960911894;14.05.2019 15:13:16;305
636934363961415780;14.05.2019 15:13:16;305
636934363961913096;14.05.2019 15:13:16;306
636934363962413299;14.05.2019 15:13:16;306
636934363962912216;14.05.2019 15:13:16;305
636934363963407155;14.05.2019 15:13:16;307
636934363963911697;14.05.2019 15:13:16;306
636934363964412704;14.05.2019 15:13:16;306
636934363964951625;14.05.2019 15:13:16;307
636934363965409741;14.05.2019 15:13:16;306
636934363965915200;14.05.2019 15:13:16;306
636934363966404634;14.05.2019 15:13:16;308
636934363966924045;14.05.2019 15:13:16;307
636934363967407223;14.05.2019 15:13:16;307
636934363967912804;14.05.2019 15:13:16;308
636934363968404593;14.05.2019 15:13:16;307
636934363968912177;14.05.2019 15:13:16;307
636934363969397909;14.05.2019 15:13:16;308
636934363969912394;14.05.2019 15:13:16;308
636934363970399908;14.05.2019 15:13:17;308
636934363970914258;14.05.2019 15:13:17;308
636934363971513733;14.05.2019 15:13:17;308
636934363971911048;14.05.2019 15:13:17;309
636934363972404887;14.05.2019 15:13:17;309
636934363973019127;14.05.2019 15:13:17;309
636934363973512991;14.05.2019 15:13:17;309
636934363974010875;14.05.2019 15:13:17;310
636934363974404888;14.05.2019 15:13:17;310
636934363975011783;14.05.2019 15:13:17;310
636934363975514706;14.05.2019 15:13:17;310
636934363976020830;14.05.2019 15:13:17;311
636934363976514002;14.05.2019 15:13:17;312
636934363977011592;14.05.2019 15:13:17;311
636934363977514142;14.05.2019 15:13:17;311
636934363978013514;14.05.2019 15:13:17;311
636934363978514880;14.05.2019 15:13:17;311
636934363979013593;14.05.2019 15:13:17;312
636934363979514173;14.05.2019 15:13:17;311
636934363980016603;14.05.2019 15:13:18;311
636934363980511820;14.05.2019 15:13:18;311
636934363981017583;14.05.2019 15:13:18;312
636934363981512614;14.05.2019 15:13:18;312
636934363982011786;14.05.2019 15:13:18;312
636934363982511441;14.05.2019 15:13:18;312
636934363983021717;14.05.2019 15:13:18;312
636934363983510921;14.05.2019 15:13:18;312
636934363984011997;14.05.2019 15:13:18;312
636934363984510302;14.05.2019 15:13:18;312
636934363985011683;14.05.2019 15:13:18;312
636934363985514665;14.05.2019 15:13:18;313
636934363986010629;14.05.2019 15:13:18;313
636934363986512029;14.05.2019 15:13:18;314
636934363987111645;14.05.2019 15:13:18;313
636934363987611275;14.05.2019 15:13:18;313
636934363988024050;14.05.2019 15:13:18;315
636934363988511935;14.05.2019 15:13:18;314
636934363989114079;14.05.2019 15:13:18;315
636934363989612107;14.05.2019 15:13:18;314
636934363990111130;14.05.2019 15:13:19;314
636934363990612125;14.05.2019 15:13:19;314
636934363991111145;14.05.2019 15:13:19;315
636934363991612947;14.05.2019 15:13:19;314
636934363992113402;14.05.2019 15:13:19;314
636934363992613527;14.05.2019 15:13:19;315
636934363993111079;14.05.2019 15:13:19;314
636934363993610315;14.05.2019 15:13:19;314
636934363994113760;14.05.2019 15:13:19;314
636934363994613373;14.05.2019 15:13:19;314
636934363995112182;14.05.2019 15:13:19;314
636934363995614156;14.05.2019 15:13:19;314
636934363996112037;14.05.2019 15:13:19;314
636934363996614897;14.05.2019 15:13:19;314
636934363997114460;14.05.2019 15:13:19;314
636934363997615436;14.05.2019 15:13:19;314
636934363998113387;14.05.2019 15:13:19;314
636934363998625016;14.05.2019 15:13:19;314
636934363999160926;14.05.2019 15:13:19;314
636934363999612858;14.05.2019 15:13:19;314
636934364000111595;14.05.2019 15:13:20;314
636934364000612554;14.05.2019 15:13:20;314
636934364001210309;14.05.2019 15:13:20;314
636934364001610946;14.05.2019 15:13:20;314
636934364002114092;14.05.2019 15:13:20;315
636934364002620013;14.05.2019 15:13:20;314
636934364003210972;14.05.2019 15:13:20;315
636934364003614416;14.05.2019 15:13:20;315
636934364004122448;14.05.2019 15:13:20;316
636934364004721530;14.05.2019 15:13:20;315
636934364005215200;14.05.2019 15:13:20;316
636934364005715132;14.05.2019 15:13:20;316
636934364006111106;14.05.2019 15:13:20;316
636934364006738819;14.05.2019 15:13:20;316
636934364007215791;14.05.2019 15:13:20;316
636934364007712154;14.05.2019 15:13:20;316
636934364008214136;14.05.2019 15:13:20;317
636934364008711175;14.05.2019 15:13:20;316
636934364009215733;14.05.2019 15:13:20;318
636934364009712756;14.05.2019 15:13:20;316
636934364010213072;14.05.2019 15:13:21;318
636934364010721219;14.05.2019 15:13:21;317
636934364011212767;14.05.2019 15:13:21;318
636934364011764394;14.05.2019 15:13:21;317
636934364012211341;14.05.2019 15:13:21;317
636934364012719405;14.05.2019 15:13:21;317
636934364013211412;14.05.2019 15:13:21;317
636934364013711023;14.05.2019 15:13:21;317
636934364014213054;14.05.2019 15:13:21;318
636934364014722472;14.05.2019 15:13:21;318
636934364015212937;14.05.2019 15:13:21;318
636934364015712093;14.05.2019 15:13:21;318
636934364016211808;14.05.2019 15:13:21;318
636934364016667585;14.05.2019 15:13:21;317
636934364017251315;14.05.2019 15:13:21;318
636934364017720308;14.05.2019 15:13:21;318
636934364018188965;14.05.2019 15:13:21;319
636934364018816002;14.05.2019 15:13:21;318
636934364019285006;14.05.2019 15:13:21;317
636934364019754575;14.05.2019 15:13:21;318
636934364020222307;14.05.2019 15:13:22;317
636934364020691826;14.05.2019 15:13:22;318
636934364021316690;14.05.2019 15:13:22;318
636934364021786675;14.05.2019 15:13:22;319
636934364022255316;14.05.2019 15:13:22;318
636934364022724236;14.05.2019 15:13:22;319
636934364023193816;14.05.2019 15:13:22;318
636934364023818676;14.05.2019 15:13:22;319
636934364024287319;14.05.2019 15:13:22;319
636934364024756143;14.05.2019 15:13:22;319
636934364025225679;14.05.2019 15:13:22;319
636934364025693441;14.05.2019 15:13:22;320
636934364026318295;14.05.2019 15:13:22;319
636934364026787872;14.05.2019 15:13:22;319
636934364027256502;14.05.2019 15:13:22;320
636934364027725090;14.05.2019 15:13:22;319
636934364028349943;14.05.2019 15:13:22;319
636934364028817711;14.05.2019 15:13:22;319
636934364029287266;14.05.2019 15:13:22;319
636934364029755863;14.05.2019 15:13:22;320
636934364030302526;14.05.2019 15:13:23;319
636934364030771166;14.05.2019 15:13:23;319
636934364031395920;14.05.2019 15:13:23;319
636934364031863785;14.05.2019 15:13:23;321
636934364032333338;14.05.2019 15:13:23;319
636934364032801990;14.05.2019 15:13:23;320
636934364033270625;14.05.2019 15:13:23;321
636934364033894874;14.05.2019 15:13:23;320
636934364034363199;14.05.2019 15:13:23;320
636934364034832782;14.05.2019 15:13:23;320
636934364035301401;14.05.2019 15:13:23;320
636934364035770047;14.05.2019 15:13:23;319
636934364036394064;14.05.2019 15:13:23;320
636934364036863525;14.05.2019 15:13:23;320
636934364037332166;14.05.2019 15:13:23;321
636934364037800826;14.05.2019 15:13:23;320
636934364038425671;14.05.2019 15:13:23;320
636934364038893395;14.05.2019 15:13:23;320
636934364039362928;14.05.2019 15:13:23;320
636934364039831552;14.05.2019 15:13:23;320
636934364040300196;14.05.2019 15:13:24;320
636934364040925401;14.05.2019 15:13:24;320
636934364041395330;14.05.2019 15:13:24;320
636934364041864846;14.05.2019 15:13:24;320
636934364042333770;14.05.2019 15:13:24;320
636934364042803372;14.05.2019 15:13:24;319
636934364043428461;14.05.2019 15:13:24;320
636934364043898041;14.05.2019 15:13:24;319
636934364044366638;14.05.2019 15:13:24;318
636934364044835608;14.05.2019 15:13:24;318
636934364045461398;14.05.2019 15:13:24;319
636934364045930053;14.05.2019 15:13:24;317
636934364046398680;14.05.2019 15:13:24;318
636934364046867315;14.05.2019 15:13:24;316
636934364047492182;14.05.2019 15:13:24;317
636934364047960818;14.05.2019 15:13:24;315
636934364048428533;14.05.2019 15:13:24;314
636934364048898052;14.05.2019 15:13:24;314
636934364049366690;14.05.2019 15:13:24;312
636934364049991441;14.05.2019 15:13:24;312
636934364050460232;14.05.2019 15:13:25;312
636934364050928889;14.05.2019 15:13:25;310
636934364051397508;14.05.2019 15:13:25;310
636934364051866104;14.05.2019 15:13:25;309
636934364052490312;14.05.2019 15:13:25;308
636934364052959643;14.05.2019 15:13:25;309
636934364053427364;14.05.2019 15:13:25;308
636934364053896925;14.05.2019 15:13:25;308
636934364054521734;14.05.2019 15:13:25;308
636934364054989496;14.05.2019 15:13:25;307
636934364055459054;14.05.2019 15:13:25;307
636934364055927709;14.05.2019 15:13:25;307
636934364056396424;14.05.2019 15:13:25;307
636934364057022547;14.05.2019 15:13:25;307
636934364057490240;14.05.2019 15:13:25;307
636934364057959870;14.05.2019 15:13:25;306
636934364058428769;14.05.2019 15:13:25;307
636934364058898376;14.05.2019 15:13:25;307
636934364059523230;14.05.2019 15:13:25;306
636934364059991799;14.05.2019 15:13:25;307
636934364060459561;14.05.2019 15:13:26;306
636934364060929080;14.05.2019 15:13:26;307
636934364061553056;14.05.2019 15:13:26;307
636934364062022575;14.05.2019 15:13:26;307
636934364062491634;14.05.2019 15:13:26;307
636934364062961289;14.05.2019 15:13:26;307
636934364063586056;14.05.2019 15:13:26;308
636934364064053780;14.05.2019 15:13:26;308
636934364064523299;14.05.2019 15:13:26;308
636934364064991948;14.05.2019 15:13:26;309
636934364065460620;14.05.2019 15:13:26;309
636934364066085470;14.05.2019 15:13:26;309
636934364066554114;14.05.2019 15:13:26;309
636934364067022757;14.05.2019 15:13:26;309
636934364067491429;14.05.2019 15:13:26;309
636934364067960045;14.05.2019 15:13:26;309
636934364068586206;14.05.2019 15:13:26;309
636934364069054908;14.05.2019 15:13:26;309
636934364069523543;14.05.2019 15:13:26;309
636934364069992189;14.05.2019 15:13:26;309
636934364070617032;14.05.2019 15:13:27;309
636934364071085046;14.05.2019 15:13:27;308
636934364071554305;14.05.2019 15:13:27;308
636934364072022990;14.05.2019 15:13:27;308
636934364072491595;14.05.2019 15:13:27;308
636934364073116446;14.05.2019 15:13:27;308
636934364073584086;14.05.2019 15:13:27;308
636934364074053913;14.05.2019 15:13:27;307
636934364074523485;14.05.2019 15:13:27;307
636934364074992131;14.05.2019 15:13:27;306
636934364075616976;14.05.2019 15:13:27;306
636934364076085617;14.05.2019 15:13:27;305
636934364076554258;14.05.2019 15:13:27;305
636934364077022896;14.05.2019 15:13:27;305
636934364077647722;14.05.2019 15:13:27;303
636934364078116410;14.05.2019 15:13:27;302
636934364078586198;14.05.2019 15:13:27;301
636934364079054838;14.05.2019 15:13:27;299
636934364079679692;14.05.2019 15:13:27;297
636934364080148618;14.05.2019 15:13:28;296
636934364080617630;14.05.2019 15:13:28;293
636934364081086839;14.05.2019 15:13:28;291
636934364081555435;14.05.2019 15:13:28;289
636934364082180605;14.05.2019 15:13:28;287
636934364082650190;14.05.2019 15:13:28;285
636934364083118834;14.05.2019 15:13:28;283
636934364083587433;14.05.2019 15:13:28;280
636934364084056069;14.05.2019 15:13:28;278
636934364084680933;14.05.2019 15:13:28;276
636934364085149560;14.05.2019 15:13:28;273
636934364085618245;14.05.2019 15:13:28;272
636934364086086886;14.05.2019 15:13:28;269
636934364086711737;14.05.2019 15:13:28;267
636934364087180372;14.05.2019 15:13:28;265
636934364087649024;14.05.2019 15:13:28;264
636934364088117972;14.05.2019 15:13:28;262
636934364088587544;14.05.2019 15:13:28;259
636934364089211766;14.05.2019 15:13:28;257
636934364089681094;14.05.2019 15:13:28;256
636934364090149649;14.05.2019 15:13:29;255
636934364090618328;14.05.2019 15:13:29;253
636934364091086966;14.05.2019 15:13:29;252
636934364091711828;14.05.2019 15:13:29;251
636934364092180455;14.05.2019 15:13:29;249
636934364092650567;14.05.2019 15:13:29;248
636934364093276324;14.05.2019 15:13:29;248
636934364093744954;14.05.2019 15:13:29;246
636934364094213611;14.05.2019 15:13:29;246
636934364094682299;14.05.2019 15:13:29;245
636934364095150907;14.05.2019 15:13:29;246
636934364095775774;14.05.2019 15:13:29;245
636934364096244426;14.05.2019 15:13:29;244
636934364096713144;14.05.2019 15:13:29;245
636934364097181777;14.05.2019 15:13:29;243
636934364097650684;14.05.2019 15:13:29;243
636934364098276471;14.05.2019 15:13:29;244
636934364098745087;14.05.2019 15:13:29;243
636934364099213744;14.05.2019 15:13:29;243
636934364099682368;14.05.2019 15:13:29;243
636934364100307460;14.05.2019 15:13:30;244
636934364100777043;14.05.2019 15:13:30;243
636934364101245673;14.05.2019 15:13:30;244
636934364101714311;14.05.2019 15:13:30;246
636934364102182957;14.05.2019 15:13:30;246
636934364102807772;14.05.2019 15:13:30;246
636934364103277826;14.05.2019 15:13:30;247
636934364103746519;14.05.2019 15:13:30;248
636934364104215160;14.05.2019 15:13:30;249
636934364104684036;14.05.2019 15:13:30;250
636934364105310200;14.05.2019 15:13:30;250
636934364105779780;14.05.2019 15:13:30;252
636934364106248418;14.05.2019 15:13:30;252
636934364106717045;14.05.2019 15:13:30;252
636934364107342245;14.05.2019 15:13:30;253
636934364107811903;14.05.2019 15:13:30;253
636934364108280538;14.05.2019 15:13:30;254
636934364108749107;14.05.2019 15:13:30;255
636934364109373960;14.05.2019 15:13:30;255
636934364109842571;14.05.2019 15:13:30;255
636934364110311225;14.05.2019 15:13:31;256
636934364110779883;14.05.2019 15:13:31;257
636934364111248814;14.05.2019 15:13:31;257
636934364111874607;14.05.2019 15:13:31;259
636934364112343259;14.05.2019 15:13:31;258
636934364112811858;14.05.2019 15:13:31;259
636934364113280485;14.05.2019 15:13:31;260
636934364113749165;14.05.2019 15:13:31;260
636934364114374027;14.05.2019 15:13:31;260
636934364114842618;14.05.2019 15:13:31;262
636934364115311253;14.05.2019 15:13:31;261
636934364115779905;14.05.2019 15:13:31;261
636934364116404833;14.05.2019 15:13:31;261
636934364116873524;14.05.2019 15:13:31;262
636934364117342156;14.05.2019 15:13:31;262
636934364117810803;14.05.2019 15:13:31;263
636934364118434650;14.05.2019 15:13:31;263
636934364118904242;14.05.2019 15:13:31;263
636934364119372877;14.05.2019 15:13:31;264
636934364119841518;14.05.2019 15:13:31;263
636934364120310161;14.05.2019 15:13:32;264
636934364120778797;14.05.2019 15:13:32;265
636934364121403653;14.05.2019 15:13:32;264
636934364121872291;14.05.2019 15:13:32;265
636934364122340929;14.05.2019 15:13:32;265
636934364122809631;14.05.2019 15:13:32;264
636934364123433833;14.05.2019 15:13:32;265
636934364123903186;14.05.2019 15:13:32;265
636934364124371749;14.05.2019 15:13:32;264
636934364124840393;14.05.2019 15:13:32;265
636934364125465252;14.05.2019 15:13:32;265
636934364125933208;14.05.2019 15:13:32;264
636934364126402531;14.05.2019 15:13:32;265
636934364126871166;14.05.2019 15:13:32;264
636934364127339804;14.05.2019 15:13:32;264
636934364127964702;14.05.2019 15:13:32;265
636934364128432307;14.05.2019 15:13:32;264
636934364128901912;14.05.2019 15:13:32;265
636934364129370541;14.05.2019 15:13:32;265
636934364129839221;14.05.2019 15:13:32;264
636934364130464083;14.05.2019 15:13:33;265
636934364130932671;14.05.2019 15:13:33;265
636934364131401303;14.05.2019 15:13:33;264
636934364131869947;14.05.2019 15:13:33;265
636934364132494848;14.05.2019 15:13:33;265
636934364132963513;14.05.2019 15:13:33;265
636934364133432138;14.05.2019 15:13:33;265
636934364133900784;14.05.2019 15:13:33;265
636934364134525621;14.05.2019 15:13:33;265
636934364134994264;14.05.2019 15:13:33;266
636934364135462902;14.05.2019 15:13:33;265
636934364135931543;14.05.2019 15:13:33;265
636934364136400231;14.05.2019 15:13:33;266
636934364137024988;14.05.2019 15:13:33;266
636934364137493678;14.05.2019 15:13:33;266
636934364137962319;14.05.2019 15:13:33;266
636934364138431004;14.05.2019 15:13:33;266
636934364138899612;14.05.2019 15:13:33;266
636934364139524402;14.05.2019 15:13:33;267
636934364139993043;14.05.2019 15:13:33;266
636934364140460736;14.05.2019 15:13:34;266
636934364140930330;14.05.2019 15:13:34;267
636934364141555244;14.05.2019 15:13:34;266
636934364142023816;14.05.2019 15:13:34;266
636934364142492507;14.05.2019 15:13:34;267
636934364142961145;14.05.2019 15:13:34;267
636934364143429785;14.05.2019 15:13:34;267
636934364144054661;14.05.2019 15:13:34;268
636934364144523294;14.05.2019 15:13:34;267
636934364144991921;14.05.2019 15:13:34;267
636934364145459561;14.05.2019 15:13:34;268
636934364145929202;14.05.2019 15:13:34;267
636934364146554017;14.05.2019 15:13:34;266
636934364147022575;14.05.2019 15:13:34;267
636934364147491251;14.05.2019 15:13:34;266
636934364148116113;14.05.2019 15:13:34;266
636934364148584073;14.05.2019 15:13:34;267
636934364149053406;14.05.2019 15:13:34;266
636934364149521991;14.05.2019 15:13:34;266
636934364149990629;14.05.2019 15:13:34;267
636934364150615519;14.05.2019 15:13:35;266
636934364151083669;14.05.2019 15:13:35;267
636934364151553205;14.05.2019 15:13:35;267
636934364152021846;14.05.2019 15:13:35;267
636934364152490517;14.05.2019 15:13:35;267
636934364153115365;14.05.2019 15:13:35;268
636934364153583987;14.05.2019 15:13:35;268
636934364154052644;14.05.2019 15:13:35;267
636934364154521321;14.05.2019 15:13:35;268
636934364155146158;14.05.2019 15:13:35;268
636934364155614799;14.05.2019 15:13:35;269
636934364156083744;14.05.2019 15:13:35;268
636934364156553333;14.05.2019 15:13:35;268
636934364157178169;14.05.2019 15:13:35;269
636934364157646788;14.05.2019 15:13:35;269
636934364158115407;14.05.2019 15:13:35;269
636934364158584158;14.05.2019 15:13:35;270
636934364159053143;14.05.2019 15:13:35;270
636934364159678808;14.05.2019 15:13:35;270
636934364160147585;14.05.2019 15:13:36;270
636934364160616217;14.05.2019 15:13:36;270
636934364161084814;14.05.2019 15:13:36;270
636934364161553513;14.05.2019 15:13:36;270
636934364162177793;14.05.2019 15:13:36;270
636934364162646059;14.05.2019 15:13:36;270
636934364163115626;14.05.2019 15:13:36;270
636934364163584269;14.05.2019 15:13:36;270
636934364164210502;14.05.2019 15:13:36;270
636934364164678149;14.05.2019 15:13:36;270
636934364165147781;14.05.2019 15:13:36;270
636934364165616478;14.05.2019 15:13:36;270
636934364166085063;14.05.2019 15:13:36;270
636934364166709917;14.05.2019 15:13:36;270
636934364167177865;14.05.2019 15:13:36;270
636934364167646204;14.05.2019 15:13:36;270
636934364168115759;14.05.2019 15:13:36;270
636934364168584433;14.05.2019 15:13:36;270
636934364169208333;14.05.2019 15:13:36;271
636934364169677861;14.05.2019 15:13:36;270
636934364170145609;14.05.2019 15:13:37;272
636934364170615189;14.05.2019 15:13:37;271
636934364171240034;14.05.2019 15:13:37;271
636934364171708673;14.05.2019 15:13:37;272
636934364172178643;14.05.2019 15:13:37;271
636934364172646688;14.05.2019 15:13:37;271
636934364173272487;14.05.2019 15:13:37;273
636934364173742028;14.05.2019 15:13:37;272
636934364174211048;14.05.2019 15:13:37;272
636934364174680900;14.05.2019 15:13:37;272
636934364175149557;14.05.2019 15:13:37;272
636934364175775333;14.05.2019 15:13:37;273
636934364176243969;14.05.2019 15:13:37;274
636934364176712604;14.05.2019 15:13:37;273
636934364177181248;14.05.2019 15:13:37;274
636934364177650016;14.05.2019 15:13:37;275
636934364178274110;14.05.2019 15:13:37;274
636934364178743352;14.05.2019 15:13:37;274
636934364179211996;14.05.2019 15:13:37;275
636934364179680626;14.05.2019 15:13:37;274
636934364180305493;14.05.2019 15:13:38;274
636934364180773253;14.05.2019 15:13:38;275
636934364181242802;14.05.2019 15:13:38;275
636934364181711446;14.05.2019 15:13:38;275
636934364182179159;14.05.2019 15:13:38;275
636934364182805334;14.05.2019 15:13:38;274
636934364183274986;14.05.2019 15:13:38;274
636934364183743640;14.05.2019 15:13:38;275
636934364184212303;14.05.2019 15:13:38;274
636934364184679902;14.05.2019 15:13:38;273
636934364185305679;14.05.2019 15:13:38;273
636934364185774278;14.05.2019 15:13:38;273
636934364186243165;14.05.2019 15:13:38;273
636934364186868963;14.05.2019 15:13:38;274
636934364187336682;14.05.2019 15:13:38;272
636934364187806217;14.05.2019 15:13:38;273
636934364188274833;14.05.2019 15:13:38;271
636934364188743532;14.05.2019 15:13:38;272
636934364189368738;14.05.2019 15:13:38;271
636934364189837398;14.05.2019 15:13:38;271
636934364190306911;14.05.2019 15:13:39;271
636934364190775907;14.05.2019 15:13:39;271
636934364191245481;14.05.2019 15:13:39;271
636934364191870343;14.05.2019 15:13:39;271
636934364192338499;14.05.2019 15:13:39;271
636934364192807597;14.05.2019 15:13:39;271
636934364193276576;14.05.2019 15:13:39;271
636934364193902371;14.05.2019 15:13:39;271
636934364194370744;14.05.2019 15:13:39;271
636934364194839991;14.05.2019 15:13:39;272
636934364195308626;14.05.2019 15:13:39;272
636934364195777295;14.05.2019 15:13:39;272
636934364196403531;14.05.2019 15:13:39;272
636934364196871221;14.05.2019 15:13:39;272
636934364197340901;14.05.2019 15:13:39;272
636934364197809484;14.05.2019 15:13:39;273
636934364198278125;14.05.2019 15:13:39;273
636934364198902984;14.05.2019 15:13:39;273
636934364199371541;14.05.2019 15:13:39;274
636934364199839265;14.05.2019 15:13:39;274
636934364200308812;14.05.2019 15:13:40;274
636934364200933654;14.05.2019 15:13:40;275
636934364201402351;14.05.2019 15:13:40;275
636934364201871041;14.05.2019 15:13:40;275
636934364202338682;14.05.2019 15:13:40;276
636934364202964539;14.05.2019 15:13:40;276
636934364203433185;14.05.2019 15:13:40;276
636934364203901809;14.05.2019 15:13:40;277
636934364204370397;14.05.2019 15:13:40;277
636934364204839008;14.05.2019 15:13:40;277
636934364205463820;14.05.2019 15:13:40;279
636934364205932460;14.05.2019 15:13:40;278
636934364206401448;14.05.2019 15:13:40;278
636934364206871044;14.05.2019 15:13:40;279
636934364207339660;14.05.2019 15:13:40;278
636934364207964854;14.05.2019 15:13:40;279
636934364208434432;14.05.2019 15:13:40;279
636934364208903070;14.05.2019 15:13:40;279
636934364209371733;14.05.2019 15:13:40;280
636934364209996553;14.05.2019 15:13:40;280
636934364210464296;14.05.2019 15:13:41;280
636934364210933812;14.05.2019 15:13:41;280
636934364211402453;14.05.2019 15:13:41;281
636934364211871094;14.05.2019 15:13:41;280
636934364212496405;14.05.2019 15:13:41;281
636934364212965782;14.05.2019 15:13:41;282
636934364213434614;14.05.2019 15:13:41;281
636934364213903266;14.05.2019 15:13:41;281
636934364214371082;14.05.2019 15:13:41;281
636934364214996758;14.05.2019 15:13:41;282
636934364215465360;14.05.2019 15:13:41;282
636934364215934006;14.05.2019 15:13:41;282
636934364216402639;14.05.2019 15:13:41;282
636934364217026611;14.05.2019 15:13:41;282
636934364217496178;14.05.2019 15:13:41;280
636934364217964807;14.05.2019 15:13:41;281
636934364218433714;14.05.2019 15:13:41;279
636934364219060019;14.05.2019 15:13:41;279
636934364219528680;14.05.2019 15:13:41;280
636934364219998268;14.05.2019 15:13:41;282
636934364220466953;14.05.2019 15:13:42;282
636934364220935599;14.05.2019 15:13:42;283
636934364221560409;14.05.2019 15:13:42;283
636934364222029047;14.05.2019 15:13:42;284
636934364222497765;14.05.2019 15:13:42;285
636934364222966367;14.05.2019 15:13:42;285
636934364223435013;14.05.2019 15:13:42;285
636934364224059861;14.05.2019 15:13:42;285
636934364224527508;14.05.2019 15:13:42;285
636934364224997143;14.05.2019 15:13:42;285
636934364225465823;14.05.2019 15:13:42;286
636934364226090975;14.05.2019 15:13:42;286
636934364226560517;14.05.2019 15:13:42;286
636934364227028268;14.05.2019 15:13:42;286
636934364227497820;14.05.2019 15:13:42;286
636934364228121762;14.05.2019 15:13:42;286
636934364228591334;14.05.2019 15:13:42;286
636934364229059964;14.05.2019 15:13:42;287
636934364229527679;14.05.2019 15:13:42;287
636934364229997212;14.05.2019 15:13:42;288
636934364230621190;14.05.2019 15:13:43;287
636934364231090734;14.05.2019 15:13:43;287
636934364231559334;14.05.2019 15:13:43;288
636934364232027991;14.05.2019 15:13:43;287
636934364232496856;14.05.2019 15:13:43;288
636934364233122455;14.05.2019 15:13:43;289
636934364233591816;14.05.2019 15:13:43;288
636934364234060438;14.05.2019 15:13:43;288
636934364234529073;14.05.2019 15:13:43;290
636934364235153935;14.05.2019 15:13:43;289
636934364235621683;14.05.2019 15:13:43;289
636934364236091252;14.05.2019 15:13:43;290
636934364236559896;14.05.2019 15:13:43;289
636934364237028520;14.05.2019 15:13:43;289
636934364237653338;14.05.2019 15:13:43;290
636934364238122236;14.05.2019 15:13:43;289
636934364238591833;14.05.2019 15:13:43;289
636934364239060975;14.05.2019 15:13:43;290
636934364239530613;14.05.2019 15:13:43;289
636934364240155384;14.05.2019 15:13:44;289
636934364240624038;14.05.2019 15:13:44;290
636934364241092679;14.05.2019 15:13:44;289
636934364241717536;14.05.2019 15:13:44;289
636934364242186190;14.05.2019 15:13:44;289
636934364242654789;14.05.2019 15:13:44;288
636934364243123929;14.05.2019 15:13:44;289
636934364243593481;14.05.2019 15:13:44;289
636934364244218692;14.05.2019 15:13:44;288
636934364244688508;14.05.2019 15:13:44;287
636934364245158041;14.05.2019 15:13:44;288
636934364245626723;14.05.2019 15:13:44;287
636934364246095378;14.05.2019 15:13:44;287
636934364246564002;14.05.2019 15:13:44;287
636934364247188856;14.05.2019 15:13:44;287
636934364247657463;14.05.2019 15:13:44;287
636934364248126096;14.05.2019 15:13:44;288
636934364248752240;14.05.2019 15:13:44;287
636934364249219942;14.05.2019 15:13:44;287
636934364249689453;14.05.2019 15:13:44;287
636934364250158149;14.05.2019 15:13:45;287
636934364250626781;14.05.2019 15:13:45;287
636934364251250715;14.05.2019 15:13:45;288
636934364251719356;14.05.2019 15:13:45;287
636934364252187991;14.05.2019 15:13:45;287
636934364252656629;14.05.2019 15:13:45;287
636934364253126176;14.05.2019 15:13:45;288
636934364253751013;14.05.2019 15:13:45;288
636934364254218767;14.05.2019 15:13:45;288
636934364254688283;14.05.2019 15:13:45;288
636934364255157162;14.05.2019 15:13:45;288
636934364255782958;14.05.2019 15:13:45;288
636934364256251590;14.05.2019 15:13:45;288
636934364256719361;14.05.2019 15:13:45;289
636934364257188975;14.05.2019 15:13:45;289
636934364257813723;14.05.2019 15:13:45;290
636934364258282369;14.05.2019 15:13:45;289
636934364258750993;14.05.2019 15:13:45;289
636934364259218953;14.05.2019 15:13:45;289
636934364259688245;14.05.2019 15:13:45;290
636934364260313098;14.05.2019 15:13:46;290
636934364260781783;14.05.2019 15:13:46;291
636934364261250424;14.05.2019 15:13:46;291
636934364261719065;14.05.2019 15:13:46;291
636934364262187700;14.05.2019 15:13:46;292
636934364262812606;14.05.2019 15:13:46;291
636934364263281674;14.05.2019 15:13:46;291
636934364263751218;14.05.2019 15:13:46;293
636934364264219859;14.05.2019 15:13:46;292
636934364264845064;14.05.2019 15:13:46;292
636934364265313730;14.05.2019 15:13:46;293
636934364265783293;14.05.2019 15:13:46;292
636934364266251934;14.05.2019 15:13:46;292
636934364266720591;14.05.2019 15:13:46;293
636934364267345395;14.05.2019 15:13:46;292
636934364267813147;14.05.2019 15:13:46;293
636934364268282660;14.05.2019 15:13:46;294
636934364268750763;14.05.2019 15:13:46;294
636934364269219052;14.05.2019 15:13:46;294
636934364269844790;14.05.2019 15:13:46;294
636934364270313469;14.05.2019 15:13:47;294
636934364270782457;14.05.2019 15:13:47;294
636934364271252125;14.05.2019 15:13:47;295
636934364271876846;14.05.2019 15:13:47;294
636934364272345775;14.05.2019 15:13:47;294
636934364272815316;14.05.2019 15:13:47;295
636934364273283948;14.05.2019 15:13:47;295
636934364273908844;14.05.2019 15:13:47;295
636934364274377482;14.05.2019 15:13:47;296
636934364274846086;14.05.2019 15:13:47;295
636934364275314769;14.05.2019 15:13:47;296
636934364275783423;14.05.2019 15:13:47;296
636934364276408266;14.05.2019 15:13:47;296
636934364276876912;14.05.2019 15:13:47;296
636934364277345545;14.05.2019 15:13:47;296
636934364277814263;14.05.2019 15:13:47;296
636934364278282882;14.05.2019 15:13:47;297
636934364278906746;14.05.2019 15:13:47;297
636934364279377764;14.05.2019 15:13:47;297
636934364279846289;14.05.2019 15:13:47;297
636934364280314927;14.05.2019 15:13:48;297
636934364280939805;14.05.2019 15:13:48;297
636934364281407709;14.05.2019 15:13:48;297
636934364281877447;14.05.2019 15:13:48;297
636934364282347052;14.05.2019 15:13:48;297
636934364282816000;14.05.2019 15:13:48;297
636934364283442294;14.05.2019 15:13:48;297
636934364283910955;14.05.2019 15:13:48;296
636934364284380513;14.05.2019 15:13:48;297
636934364284849142;14.05.2019 15:13:48;296
636934364285317761;14.05.2019 15:13:48;296
636934364285942695;14.05.2019 15:13:48;296
636934364286410369;14.05.2019 15:13:48;296
636934364286879921;14.05.2019 15:13:48;296
636934364287348573;14.05.2019 15:13:48;295
636934364287973449;14.05.2019 15:13:48;295
636934364288442067;14.05.2019 15:13:48;295
636934364288910722;14.05.2019 15:13:48;294
636934364289378421;14.05.2019 15:13:48;294
636934364290004155;14.05.2019 15:13:49;294
636934364290474237;14.05.2019 15:13:49;294
636934364290942875;14.05.2019 15:13:49;294
636934364291411524;14.05.2019 15:13:49;294
636934364291880190;14.05.2019 15:13:49;293
636934364292505035;14.05.2019 15:13:49;293
636934364292973679;14.05.2019 15:13:49;294
636934364293442322;14.05.2019 15:13:49;293
636934364293910969;14.05.2019 15:13:49;293
636934364294379939;14.05.2019 15:13:49;293
636934364295005757;14.05.2019 15:13:49;293
636934364295474431;14.05.2019 15:13:49;293
636934364295943047;14.05.2019 15:13:49;294
636934364296411679;14.05.2019 15:13:49;293
636934364297036588;14.05.2019 15:13:49;294
636934364297504498;14.05.2019 15:13:49;295
636934364297973817;14.05.2019 15:13:49;294
636934364298442511;14.05.2019 15:13:49;294
636934364298911160;14.05.2019 15:13:49;294
636934364299535952;14.05.2019 15:13:49;294
636934364300004593;14.05.2019 15:13:50;294
636934364300473278;14.05.2019 15:13:50;295
636934364300940919;14.05.2019 15:13:50;295
636934364301410480;14.05.2019 15:13:50;295
636934364302035294;14.05.2019 15:13:50;296
636934364302503971;14.05.2019 15:13:50;295
636934364302972609;14.05.2019 15:13:50;296
636934364303597477;14.05.2019 15:13:50;296
636934364304066106;14.05.2019 15:13:50;296
636934364304534750;14.05.2019 15:13:50;296
636934364305003405;14.05.2019 15:13:50;298
636934364305472087;14.05.2019 15:13:50;296
636934364306095962;14.05.2019 15:13:50;297
636934364306565479;14.05.2019 15:13:50;297
636934364307034120;14.05.2019 15:13:50;297
636934364307502807;14.05.2019 15:13:50;297
636934364307971764;14.05.2019 15:13:50;297
636934364308596673;14.05.2019 15:13:50;298
636934364309066472;14.05.2019 15:13:50;298
636934364309536035;14.05.2019 15:13:50;297
636934364310004654;14.05.2019 15:13:51;298
636934364310629538;14.05.2019 15:13:51;298
636934364311097265;14.05.2019 15:13:51;297
636934364311566781;14.05.2019 15:13:51;299
636934364312035419;14.05.2019 15:13:51;298
636934364312659391;14.05.2019 15:13:51;298
636934364313129019;14.05.2019 15:13:51;299
636934364313597593;14.05.2019 15:13:51;299
636934364314066519;14.05.2019 15:13:51;299
636934364314536102;14.05.2019 15:13:51;299
636934364315004743;14.05.2019 15:13:51;299
636934364315629596;14.05.2019 15:13:51;299
636934364316098231;14.05.2019 15:13:51;300
636934364316566831;14.05.2019 15:13:51;299
636934364317035541;14.05.2019 15:13:51;299
636934364317659439;14.05.2019 15:13:51;300
636934364318129102;14.05.2019 15:13:51;300
636934364318597723;14.05.2019 15:13:51;300
636934364319066572;14.05.2019 15:13:51;300
636934364319692763;14.05.2019 15:13:51;300
636934364320162368;14.05.2019 15:13:52;300
636934364320631126;14.05.2019 15:13:52;300
636934364321099705;14.05.2019 15:13:52;300
636934364321568338;14.05.2019 15:13:52;300
636934364322193214;14.05.2019 15:13:52;301
636934364322661838;14.05.2019 15:13:52;301
636934364323130470;14.05.2019 15:13:52;301
636934364323599111;14.05.2019 15:13:52;302
636934364324067755;14.05.2019 15:13:52;301
636934364324692608;14.05.2019 15:13:52;301
636934364325161246;14.05.2019 15:13:52;303
636934364325629904;14.05.2019 15:13:52;301
636934364326098528;14.05.2019 15:13:52;302
636934364326723381;14.05.2019 15:13:52;302
636934364327192017;14.05.2019 15:13:52;302
636934364327660610;14.05.2019 15:13:52;302
636934364328129282;14.05.2019 15:13:52;302
636934364328754152;14.05.2019 15:13:52;303
636934364329222801;14.05.2019 15:13:52;303
636934364329691400;14.05.2019 15:13:52;303
636934364330160033;14.05.2019 15:13:53;303
636934364330627712;14.05.2019 15:13:53;302
636934364331253494;14.05.2019 15:13:53;303
636934364331722412;14.05.2019 15:13:53;303
636934364332192039;14.05.2019 15:13:53;303
636934364332660965;14.05.2019 15:13:53;305
636934364333130506;14.05.2019 15:13:53;304
636934364333754484;14.05.2019 15:13:53;304
636934364334224256;14.05.2019 15:13:53;303
636934364334693838;14.05.2019 15:13:53;304
636934364335162482;14.05.2019 15:13:53;304
636934364335786466;14.05.2019 15:13:53;304
636934364336255048;14.05.2019 15:13:53;304
636934364336724620;14.05.2019 15:13:53;305
636934364337193252;14.05.2019 15:13:53;305
636934364337662226;14.05.2019 15:13:53;306
636934364338287099;14.05.2019 15:13:53;305
636934364338756662;14.05.2019 15:13:53;305
636934364339243638;14.05.2019 15:13:53;306
636934364339713246;14.05.2019 15:13:53;306
636934364340181898;14.05.2019 15:13:54;306
636934364340805776;14.05.2019 15:13:54;306
636934364341275331;14.05.2019 15:13:54;306
636934364341744288;14.05.2019 15:13:54;306
636934364342213901;14.05.2019 15:13:54;306
636934364342838796;14.05.2019 15:13:54;307
636934364343307437;14.05.2019 15:13:54;306
636934364343776028;14.05.2019 15:13:54;307
636934364344244594;14.05.2019 15:13:54;307
636934364344713285;14.05.2019 15:13:54;308
636934364345338136;14.05.2019 15:13:54;307
636934364345806768;14.05.2019 15:13:54;307
636934364346275420;14.05.2019 15:13:54;308
636934364346744047;14.05.2019 15:13:54;308
636934364347212696;14.05.2019 15:13:54;308
636934364347837541;14.05.2019 15:13:54;309
636934364348306188;14.05.2019 15:13:54;308
636934364348774823;14.05.2019 15:13:54;308
636934364349399111;14.05.2019 15:13:54;310
636934364349868279;14.05.2019 15:13:54;308
636934364350337307;14.05.2019 15:13:55;309
636934364350806887;14.05.2019 15:13:55;308
636934364351275628;14.05.2019 15:13:55;309
636934364351744510;14.05.2019 15:13:55;309
636934364352370269;14.05.2019 15:13:55;309
636934364352838941;14.05.2019 15:13:55;309
636934364353307302;14.05.2019 15:13:55;310
636934364353776219;14.05.2019 15:13:55;310
636934364354244869;14.05.2019 15:13:55;310
636934364354871179;14.05.2019 15:13:55;310
636934364355340931;14.05.2019 15:13:55;310
636934364355809375;14.05.2019 15:13:55;310
636934364356278238;14.05.2019 15:13:55;310
636934364356903352;14.05.2019 15:13:55;310
636934364357372929;14.05.2019 15:13:55;310
636934364357841542;14.05.2019 15:13:55;310
636934364358309291;14.05.2019 15:13:55;311
636934364358935081;14.05.2019 15:13:55;311
636934364359403719;14.05.2019 15:13:55;310
636934364359872340;14.05.2019 15:13:55;310
636934364360341036;14.05.2019 15:13:56;310
636934364360808705;14.05.2019 15:13:56;311
636934364361434475;14.05.2019 15:13:56;311
636934364361903172;14.05.2019 15:13:56;310
636934364362371801;14.05.2019 15:13:56;311
636934364362840370;14.05.2019 15:13:56;310
636934364363308119;14.05.2019 15:13:56;309
636934364363933912;14.05.2019 15:13:56;310
636934364364403032;14.05.2019 15:13:56;309
636934364364872687;14.05.2019 15:13:56;309
636934364365496612;14.05.2019 15:13:56;309
636934364365966480;14.05.2019 15:13:56;309
636934364366436063;14.05.2019 15:13:56;308
636934364366904707;14.05.2019 15:13:56;309
636934364367373339;14.05.2019 15:13:56;308
636934364367842069;14.05.2019 15:13:56;308
636934364368466878;14.05.2019 15:13:56;308
636934364368935477;14.05.2019 15:13:56;308
636934364369404118;14.05.2019 15:13:56;307
636934364369872753;14.05.2019 15:13:56;307
636934364370341363;14.05.2019 15:13:57;307
636934364370966536;14.05.2019 15:13:57;306
636934364371437883;14.05.2019 15:13:57;307
636934364371906862;14.05.2019 15:13:57;306
636934364372532613;14.05.2019 15:13:57;307
636934364373001293;14.05.2019 15:13:57;305
636934364373469970;14.05.2019 15:13:57;305
636934364373938646;14.05.2019 15:13:57;306
636934364374407456;14.05.2019 15:13:57;304
636934364375034526;14.05.2019 15:13:57;304
636934364375503666;14.05.2019 15:13:57;304
636934364375973221;14.05.2019 15:13:57;302
636934364376442166;14.05.2019 15:13:57;302
636934364376912029;14.05.2019 15:13:57;302
636934364377537800;14.05.2019 15:13:57;300
636934364378005546;14.05.2019 15:13:57;300
636934364378475464;14.05.2019 15:13:57;299
636934364378944124;14.05.2019 15:13:57;297
636934364379571235;14.05.2019 15:13:57;297
636934364380040164;14.05.2019 15:13:58;295
636934364380509417;14.05.2019 15:13:58;294
636934364380978116;14.05.2019 15:13:58;293
636934364381446691;14.05.2019 15:13:58;292
636934364382071547;14.05.2019 15:13:58;291
636934364382539307;14.05.2019 15:13:58;290
636934364383008832;14.05.2019 15:13:58;289
636934364383477788;14.05.2019 15:13:58;288
636934364383947399;14.05.2019 15:13:58;288
636934364384572249;14.05.2019 15:13:58;287
636934364385040887;14.05.2019 15:13:58;287
636934364385509600;14.05.2019 15:13:58;286
636934364385978136;14.05.2019 15:13:58;286
636934364386603197;14.05.2019 15:13:58;286
636934364387073974;14.05.2019 15:13:58;285
636934364387542537;14.05.2019 15:13:58;285
636934364388011691;14.05.2019 15:13:58;285
636934364388637979;14.05.2019 15:13:58;285
636934364389108643;14.05.2019 15:13:58;285
636934364389577314;14.05.2019 15:13:58;285
636934364390045977;14.05.2019 15:13:59;285
636934364390513903;14.05.2019 15:13:59;284
636934364390983212;14.05.2019 15:13:59;284
636934364391608029;14.05.2019 15:13:59;284
636934364392076695;14.05.2019 15:13:59;284
636934364392545341;14.05.2019 15:13:59;285
636934364393013988;14.05.2019 15:13:59;285
636934364393638182;14.05.2019 15:13:59;285
636934364394108709;14.05.2019 15:13:59;285
636934364394577336;14.05.2019 15:13:59;285
636934364395045977;14.05.2019 15:13:59;286
636934364395669961;14.05.2019 15:13:59;286
636934364396139477;14.05.2019 15:13:59;286
636934364396608159;14.05.2019 15:13:59;287
636934364397076800;14.05.2019 15:13:59;287
636934364397545391;14.05.2019 15:13:59;287
636934364398169557;14.05.2019 15:13:59;289
636934364398640600;14.05.2019 15:13:59;288
636934364399110131;14.05.2019 15:13:59;288
636934364399578594;14.05.2019 15:13:59;289
636934364400048133;14.05.2019 15:14:00;289
636934364400672160;14.05.2019 15:14:00;289
636934364401141638;14.05.2019 15:14:00;291
636934364401611562;14.05.2019 15:14:00;289
636934364402080479;14.05.2019 15:14:00;290
636934364402705765;14.05.2019 15:14:00;291
636934364403174633;14.05.2019 15:14:00;290
636934364403643950;14.05.2019 15:14:00;290
636934364404112582;14.05.2019 15:14:00;292
636934364404581237;14.05.2019 15:14:00;291
636934364405207249;14.05.2019 15:14:00;291
636934364405675884;14.05.2019 15:14:00;292
636934364406144572;14.05.2019 15:14:00;292
636934364406613296;14.05.2019 15:14:00;292
636934364407081840;14.05.2019 15:14:00;293
636934364407706693;14.05.2019 15:14:00;292
636934364408175326;14.05.2019 15:14:00;293
636934364408644252;14.05.2019 15:14:00;293
636934364409114112;14.05.2019 15:14:00;293
636934364409741392;14.05.2019 15:14:00;293
636934364410209969;14.05.2019 15:14:01;293
636934364410678610;14.05.2019 15:14:01;294
636934364411147259;14.05.2019 15:14:01;294
636934364411772398;14.05.2019 15:14:01;294
636934364412243228;14.05.2019 15:14:01;294
636934364412712198;14.05.2019 15:14:01;295
636934364413180861;14.05.2019 15:14:01;295
636934364413650669;14.05.2019 15:14:01;295
636934364414276664;14.05.2019 15:14:01;295
636934364414746196;14.05.2019 15:14:01;295
636934364415214857;14.05.2019 15:14:01;295
636934364415683531;14.05.2019 15:14:01;296
636934364416151243;14.05.2019 15:14:01;295
636934364416776377;14.05.2019 15:14:01;296
636934364417246084;14.05.2019 15:14:01;296
636934364417715695;14.05.2019 15:14:01;297
636934364418184333;14.05.2019 15:14:01;297
636934364418810522;14.05.2019 15:14:01;297
636934364419278478;14.05.2019 15:14:01;297
636934364419749571;14.05.2019 15:14:01;297
636934364420218458;14.05.2019 15:14:02;297
636934364420687745;14.05.2019 15:14:02;298
636934364421312623;14.05.2019 15:14:02;297
636934364421781247;14.05.2019 15:14:02;297
636934364422249877;14.05.2019 15:14:02;298
636934364422718526;14.05.2019 15:14:02;297
636934364423187162;14.05.2019 15:14:02;297
636934364423812018;14.05.2019 15:14:02;298
636934364424280686;14.05.2019 15:14:02;297
636934364424749347;14.05.2019 15:14:02;297
636934364425374120;14.05.2019 15:14:02;299
636934364425844041;14.05.2019 15:14:02;297
636934364426312640;14.05.2019 15:14:02;298
636934364426781236;14.05.2019 15:14:02;298
636934364427249883;14.05.2019 15:14:02;297
636934364427874778;14.05.2019 15:14:02;297
636934364428343723;14.05.2019 15:14:02;298
636934364428813290;14.05.2019 15:14:02;297
636934364429283413;14.05.2019 15:14:02;297
636934364429752965;14.05.2019 15:14:02;298
636934364430220714;14.05.2019 15:14:03;297
636934364430846443;14.05.2019 15:14:03;297
636934364431315397;14.05.2019 15:14:03;298
636934364431785226;14.05.2019 15:14:03;297
636934364432254983;14.05.2019 15:14:03;297
636934364432879903;14.05.2019 15:14:03;298
636934364433349378;14.05.2019 15:14:03;297
636934364433817889;14.05.2019 15:14:03;297
636934364434286657;14.05.2019 15:14:03;297
636934364434913148;14.05.2019 15:14:03;297
636934364435382692;14.05.2019 15:14:03;297
636934364435851330;14.05.2019 15:14:03;297
636934364436319971;14.05.2019 15:14:03;296
636934364436788625;14.05.2019 15:14:03;297
636934364437413476;14.05.2019 15:14:03;297
636934364437881217;14.05.2019 15:14:03;297
636934364438351029;14.05.2019 15:14:03;297
636934364438820562;14.05.2019 15:14:03;298
636934364439289558;14.05.2019 15:14:03;298
636934364439915755;14.05.2019 15:14:03;299
636934364440384412;14.05.2019 15:14:04;299
636934364440853932;14.05.2019 15:14:04;299
636934364441324046;14.05.2019 15:14:04;299
636934364441950036;14.05.2019 15:14:04;298
636934364442419921;14.05.2019 15:14:04;298
636934364442889476;14.05.2019 15:14:04;299
636934364443359757;14.05.2019 15:14:04;298
636934364443829301;14.05.2019 15:14:04;299
636934364444455221;14.05.2019 15:14:04;299
636934364444922978;14.05.2019 15:14:04;300
636934364445393029;14.05.2019 15:14:04;300
636934364445862584;14.05.2019 15:14:04;300
636934364446331239;14.05.2019 15:14:04;300
636934364446957597;14.05.2019 15:14:04;301
636934364447426257;14.05.2019 15:14:04;301
636934364447896219;14.05.2019 15:14:04;301
636934364448365841;14.05.2019 15:14:04;302
636934364448990683;14.05.2019 15:14:04;301
636934364449459258;14.05.2019 15:14:04;301
636934364449927062;14.05.2019 15:14:04;301
636934364450396547;14.05.2019 15:14:05;301
636934364450864293;14.05.2019 15:14:05;301
636934364451490377;14.05.2019 15:14:05;301
636934364451959985;14.05.2019 15:14:05;301
636934364452428681;14.05.2019 15:14:05;301
636934364452897319;14.05.2019 15:14:05;302
636934364453365954;14.05.2019 15:14:05;300
636934364453990766;14.05.2019 15:14:05;300
636934364454459330;14.05.2019 15:14:05;299
636934364454927965;14.05.2019 15:14:05;298
636934364455552223;14.05.2019 15:14:05;298
636934364456024360;14.05.2019 15:14:05;297
636934364456523604;14.05.2019 15:14:05;294
636934364457022649;14.05.2019 15:14:05;293
636934364457525069;14.05.2019 15:14:05;291
636934364458020922;14.05.2019 15:14:05;288
636934364458523320;14.05.2019 15:14:05;286
636934364459022437;14.05.2019 15:14:05;283
636934364459522856;14.05.2019 15:14:05;282
636934364460022239;14.05.2019 15:14:06;278
636934364460521644;14.05.2019 15:14:06;275
636934364461020938;14.05.2019 15:14:06;272
636934364461525998;14.05.2019 15:14:06;270
636934364462014429;14.05.2019 15:14:06;267
636934364462521434;14.05.2019 15:14:06;264
636934364463018695;14.05.2019 15:14:06;261
636934364463522749;14.05.2019 15:14:06;259
636934364464016829;14.05.2019 15:14:06;256
636934364464524715;14.05.2019 15:14:06;254
636934364465016249;14.05.2019 15:14:06;251
636934364465523157;14.05.2019 15:14:06;250
636934364466125062;14.05.2019 15:14:06;247
636934364466621026;14.05.2019 15:14:06;245
636934364467012614;14.05.2019 15:14:06;243
636934364467525687;14.05.2019 15:14:06;242
636934364468124976;14.05.2019 15:14:06;241
636934364468623559;14.05.2019 15:14:06;240
636934364469017004;14.05.2019 15:14:06;239
636934364469634280;14.05.2019 15:14:06;238
636934364470123999;14.05.2019 15:14:07;237
636934364470622382;14.05.2019 15:14:07;236
636934364471121978;14.05.2019 15:14:07;235
636934364471657642;14.05.2019 15:14:07;234
636934364472121259;14.05.2019 15:14:07;235
636934364472630957;14.05.2019 15:14:07;233
636934364473121028;14.05.2019 15:14:07;232
636934364473658396;14.05.2019 15:14:07;231
636934364474124086;14.05.2019 15:14:07;231
636934364474632631;14.05.2019 15:14:07;230
636934364475124035;14.05.2019 15:14:07;231
636934364475633533;14.05.2019 15:14:07;228
636934364476122097;14.05.2019 15:14:07;227
636934364476620765;14.05.2019 15:14:07;226
636934364477121736;14.05.2019 15:14:07;223
636934364477621665;14.05.2019 15:14:07;221
636934364478121538;14.05.2019 15:14:07;221
636934364478664552;14.05.2019 15:14:07;217
636934364479121714;14.05.2019 15:14:07;215
636934364479621039;14.05.2019 15:14:07;213
636934364480220822;14.05.2019 15:14:08;211
636934364480628225;14.05.2019 15:14:08;208
636934364481124668;14.05.2019 15:14:08;207
636934364481632557;14.05.2019 15:14:08;205
636934364482223590;14.05.2019 15:14:08;205
636934364482720408;14.05.2019 15:14:08;202
636934364483148637;14.05.2019 15:14:08;200
636934364483724970;14.05.2019 15:14:08;198
636934364484225405;14.05.2019 15:14:08;196
636934364484724026;14.05.2019 15:14:08;195
636934364485125974;14.05.2019 15:14:08;193
636934364485622096;14.05.2019 15:14:08;192
636934364486125943;14.05.2019 15:14:08;191
636934364486732123;14.05.2019 15:14:08;189
636934364487231306;14.05.2019 15:14:08;189
636934364487737111;14.05.2019 15:14:08;188
636934364488238766;14.05.2019 15:14:08;187
636934364488734265;14.05.2019 15:14:08;187
636934364489233321;14.05.2019 15:14:08;186
636934364489737461;14.05.2019 15:14:08;186
636934364490237470;14.05.2019 15:14:09;186
636934364490738490;14.05.2019 15:14:09;187
636934364491235494;14.05.2019 15:14:09;188
636934364491739969;14.05.2019 15:14:09;187
636934364492239391;14.05.2019 15:14:09;188
636934364492735585;14.05.2019 15:14:09;188
636934364493237758;14.05.2019 15:14:09;188
636934364493738360;14.05.2019 15:14:09;188
636934364494238338;14.05.2019 15:14:09;188
636934364494734779;14.05.2019 15:14:09;189
636934364495234359;14.05.2019 15:14:09;191
636934364495735321;14.05.2019 15:14:09;192
636934364496235203;14.05.2019 15:14:09;192
636934364496734915;14.05.2019 15:14:09;194
636934364497235972;14.05.2019 15:14:09;195
636934364497735931;14.05.2019 15:14:09;196
636934364498235824;14.05.2019 15:14:09;198
636934364498737373;14.05.2019 15:14:09;199
636934364499237721;14.05.2019 15:14:09;200
636934364499834547;14.05.2019 15:14:09;201
636934364500234650;14.05.2019 15:14:10;203
636934364500734612;14.05.2019 15:14:10;204
636934364501274800;14.05.2019 15:14:10;205
636934364501835678;14.05.2019 15:14:10;207
636934364502335003;14.05.2019 15:14:10;208
636934364502735607;14.05.2019 15:14:10;209
636934364503345042;14.05.2019 15:14:10;210
636934364503834354;14.05.2019 15:14:10;211
636934364504345842;14.05.2019 15:14:10;212
636934364504837711;14.05.2019 15:14:10;212
636934364505349564;14.05.2019 15:14:10;214
636934364505834100;14.05.2019 15:14:10;214
636934364506351757;14.05.2019 15:14:10;216
636934364506834293;14.05.2019 15:14:10;217
636934364507355220;14.05.2019 15:14:10;217
636934364507833128;14.05.2019 15:14:10;218
636934364508355653;14.05.2019 15:14:10;220
636934364508835670;14.05.2019 15:14:10;219
636934364509356060;14.05.2019 15:14:10;220
636934364509834866;14.05.2019 15:14:10;221
636934364510357887;14.05.2019 15:14:11;221
636934364510835790;14.05.2019 15:14:11;222
636934364511358634;14.05.2019 15:14:11;223
636934364511832758;14.05.2019 15:14:11;223
636934364512360373;14.05.2019 15:14:11;223
636934364512833640;14.05.2019 15:14:11;224
636934364513359615;14.05.2019 15:14:11;224
636934364513879883;14.05.2019 15:14:11;225
636934364514421946;14.05.2019 15:14:11;225
636934364514835364;14.05.2019 15:14:11;226
636934364515363340;14.05.2019 15:14:11;227
636934364515934452;14.05.2019 15:14:11;227
636934364516426161;14.05.2019 15:14:11;228
636934364516836753;14.05.2019 15:14:11;228
636934364517427559;14.05.2019 15:14:11;229
636934364517936761;14.05.2019 15:14:11;230
636934364518435972;14.05.2019 15:14:11;230
636934364518835828;14.05.2019 15:14:11;230
636934364519419553;14.05.2019 15:14:11;230
636934364519937327;14.05.2019 15:14:11;231
636934364520422901;14.05.2019 15:14:12;232
636934364520934502;14.05.2019 15:14:12;233
636934364521425172;14.05.2019 15:14:12;233
636934364521934947;14.05.2019 15:14:12;234
636934364522421996;14.05.2019 15:14:12;235
636934364522935630;14.05.2019 15:14:12;236
636934364523430267;14.05.2019 15:14:12;236
636934364523933180;14.05.2019 15:14:12;236
636934364524430250;14.05.2019 15:14:12;237
636934364524937789;14.05.2019 15:14:12;237
636934364525432903;14.05.2019 15:14:12;239
636934364525935128;14.05.2019 15:14:12;238
636934364526425748;14.05.2019 15:14:12;239
636934364526936399;14.05.2019 15:14:12;240
636934364527431108;14.05.2019 15:14:12;239
636934364527937603;14.05.2019 15:14:12;240
636934364528436568;14.05.2019 15:14:12;241
636934364528932950;14.05.2019 15:14:12;242
636934364529437417;14.05.2019 15:14:12;243
636934364529934248;14.05.2019 15:14:12;242
636934364530440965;14.05.2019 15:14:13;243
636934364530933106;14.05.2019 15:14:13;243
636934364531529794;14.05.2019 15:14:13;242
636934364531935983;14.05.2019 15:14:13;243
636934364532525886;14.05.2019 15:14:13;244
636934364532936356;14.05.2019 15:14:13;244
636934364533531346;14.05.2019 15:14:13;244
636934364534038251;14.05.2019 15:14:13;244
636934364534529112;14.05.2019 15:14:13;245
636934364535033667;14.05.2019 15:14:13;245
636934364535523309;14.05.2019 15:14:13;246
636934364536035547;14.05.2019 15:14:13;246
636934364536528774;14.05.2019 15:14:13;246
636934364537035660;14.05.2019 15:14:13;247
636934364537526465;14.05.2019 15:14:13;248
636934364538033287;14.05.2019 15:14:13;247
636934364538525436;14.05.2019 15:14:13;249
636934364539078277;14.05.2019 15:14:13;248
636934364539529677;14.05.2019 15:14:13;249
636934364540038416;14.05.2019 15:14:14;250
636934364540527099;14.05.2019 15:14:14;249
636934364541035656;14.05.2019 15:14:14;249
636934364541528043;14.05.2019 15:14:14;250
636934364542036009;14.05.2019 15:14:14;250
636934364542525825;14.05.2019 15:14:14;250
636934364543036983;14.05.2019 15:14:14;250
636934364543527584;14.05.2019 15:14:14;251
636934364544033818;14.05.2019 15:14:14;252
636934364544526383;14.05.2019 15:14:14;251
636934364545035003;14.05.2019 15:14:14;251
636934364545523395;14.05.2019 15:14:14;252
636934364546034015;14.05.2019 15:14:14;252
636934364546529666;14.05.2019 15:14:14;253
636934364547036436;14.05.2019 15:14:14;253
636934364547633196;14.05.2019 15:14:14;253
636934364548034753;14.05.2019 15:14:14;253
636934364548528373;14.05.2019 15:14:14;253
636934364549033095;14.05.2019 15:14:14;254
636934364549625602;14.05.2019 15:14:14;254
636934364550045476;14.05.2019 15:14:15;255
636934364550547890;14.05.2019 15:14:15;255
636934364551145326;14.05.2019 15:14:15;256
636934364551648133;14.05.2019 15:14:15;255
636934364552144319;14.05.2019 15:14:15;256
636934364552543815;14.05.2019 15:14:15;256
636934364553145573;14.05.2019 15:14:15;256
636934364553642703;14.05.2019 15:14:15;257
636934364554151495;14.05.2019 15:14:15;257
636934364554642522;14.05.2019 15:14:15;257
636934364555142911;14.05.2019 15:14:15;258
636934364555641244;14.05.2019 15:14:15;257
636934364556142682;14.05.2019 15:14:15;258
636934364556642639;14.05.2019 15:14:15;258
636934364557142335;14.05.2019 15:14:15;258
636934364557641097;14.05.2019 15:14:15;258
636934364558142907;14.05.2019 15:14:15;258
636934364558642714;14.05.2019 15:14:15;257
636934364559143929;14.05.2019 15:14:15;257
636934364559643902;14.05.2019 15:14:15;257
636934364560144169;14.05.2019 15:14:16;256
636934364560642532;14.05.2019 15:14:16;255
636934364561143583;14.05.2019 15:14:16;256
636934364561642556;14.05.2019 15:14:16;254
636934364562154742;14.05.2019 15:14:16;253
636934364562642871;14.05.2019 15:14:16;253
636934364563145490;14.05.2019 15:14:16;251
636934364563645839;14.05.2019 15:14:16;250
636934364564144001;14.05.2019 15:14:16;250
636934364564649307;14.05.2019 15:14:16;247
636934364565251104;14.05.2019 15:14:16;247
636934364565742566;14.05.2019 15:14:16;246
636934364566143001;14.05.2019 15:14:16;244
636934364566642539;14.05.2019 15:14:16;245
636934364567243075;14.05.2019 15:14:16;243
636934364567742084;14.05.2019 15:14:16;243
636934364568145431;14.05.2019 15:14:16;242
636934364568741906;14.05.2019 15:14:16;242
636934364569242633;14.05.2019 15:14:16;242
636934364569742054;14.05.2019 15:14:16;241
636934364570243139;14.05.2019 15:14:17;242
636934364570743342;14.05.2019 15:14:17;242
636934364571243910;14.05.2019 15:14:17;241
636934364571741387;14.05.2019 15:14:17;241
636934364572242192;14.05.2019 15:14:17;242
636934364572743121;14.05.2019 15:14:17;242
636934364573245404;14.05.2019 15:14:17;242
636934364573741557;14.05.2019 15:14:17;243
636934364574244456;14.05.2019 15:14:17;243
636934364574744548;14.05.2019 15:14:17;243
636934364575244679;14.05.2019 15:14:17;244
636934364575744655;14.05.2019 15:14:17;245
636934364576243639;14.05.2019 15:14:17;244
636934364576744155;14.05.2019 15:14:17;246
636934364577245353;14.05.2019 15:14:17;246
636934364577746235;14.05.2019 15:14:17;246
636934364578245191;14.05.2019 15:14:17;246
636934364578743225;14.05.2019 15:14:17;246
636934364579242167;14.05.2019 15:14:17;248
636934364579783552;14.05.2019 15:14:17;247
636934364580282661;14.05.2019 15:14:18;248
636934364580745386;14.05.2019 15:14:18;249
636934364581346081;14.05.2019 15:14:18;249
636934364581742726;14.05.2019 15:14:18;249
636934364582243275;14.05.2019 15:14:18;249
636934364582843905;14.05.2019 15:14:18;250
636934364583341715;14.05.2019 15:14:18;251
636934364583846198;14.05.2019 15:14:18;251
636934364584288422;14.05.2019 15:14:18;252
636934364584855395;14.05.2019 15:14:18;252
636934364585343934;14.05.2019 15:14:18;252
636934364585842916;14.05.2019 15:14:18;253
636934364586345679;14.05.2019 15:14:18;252
636934364586864364;14.05.2019 15:14:18;251
636934364587344043;14.05.2019 15:14:18;251
636934364587843470;14.05.2019 15:14:18;251
636934364588346929;14.05.2019 15:14:18;252
636934364588843785;14.05.2019 15:14:18;253
636934364589341644;14.05.2019 15:14:18;254
636934364589847275;14.05.2019 15:14:18;255
636934364590342538;14.05.2019 15:14:19;256
636934364590850188;14.05.2019 15:14:19;256
636934364591345834;14.05.2019 15:14:19;257
636934364591844098;14.05.2019 15:14:19;258
636934364592342965;14.05.2019 15:14:19;258
636934364592855780;14.05.2019 15:14:19;258
636934364593343311;14.05.2019 15:14:19;259
636934364593842868;14.05.2019 15:14:19;258
636934364594342681;14.05.2019 15:14:19;259
636934364594842235;14.05.2019 15:14:19;260
636934364595341314;14.05.2019 15:14:19;259
636934364595849864;14.05.2019 15:14:19;259
636934364596344086;14.05.2019 15:14:19;261
636934364596942713;14.05.2019 15:14:19;262
636934364597444168;14.05.2019 15:14:19;261
636934364597854120;14.05.2019 15:14:19;261
636934364598343227;14.05.2019 15:14:19;262
636934364598941902;14.05.2019 15:14:19;263
636934364599443975;14.05.2019 15:14:19;263
636934364599943128;14.05.2019 15:14:19;264
636934364600345508;14.05.2019 15:14:20;264
636934364600944471;14.05.2019 15:14:20;264
636934364601446719;14.05.2019 15:14:20;265
636934364601943361;14.05.2019 15:14:20;265
636934364602441642;14.05.2019 15:14:20;265
636934364602941728;14.05.2019 15:14:20;266
636934364603442383;14.05.2019 15:14:20;266
636934364603943409;14.05.2019 15:14:20;265
636934364604446602;14.05.2019 15:14:20;264
636934364604945012;14.05.2019 15:14:20;265
636934364605445478;14.05.2019 15:14:20;266
636934364605944751;14.05.2019 15:14:20;267
636934364606445040;14.05.2019 15:14:20;268
636934364606943691;14.05.2019 15:14:20;269
636934364607344389;14.05.2019 15:14:20;269
636934364607969287;14.05.2019 15:14:20;270
636934364608455790;14.05.2019 15:14:20;270
636934364608954220;14.05.2019 15:14:20;271
636934364609457169;14.05.2019 15:14:20;270
636934364609957668;14.05.2019 15:14:20;271
636934364610456422;14.05.2019 15:14:21;272
636934364610999223;14.05.2019 15:14:21;272
636934364611454897;14.05.2019 15:14:21;272
636934364611955674;14.05.2019 15:14:21;273
636934364612456367;14.05.2019 15:14:21;272
636934364612999691;14.05.2019 15:14:21;272
636934364613455277;14.05.2019 15:14:21;273
636934364613953663;14.05.2019 15:14:21;272
636934364614454514;14.05.2019 15:14:21;273
636934364615054834;14.05.2019 15:14:21;273
636934364615457536;14.05.2019 15:14:21;273
636934364615953641;14.05.2019 15:14:21;273
636934364616563750;14.05.2019 15:14:21;275
636934364617063227;14.05.2019 15:14:21;274
636934364617556714;14.05.2019 15:14:21;274
636934364617956219;14.05.2019 15:14:21;274
636934364618565388;14.05.2019 15:14:21;274
636934364619065040;14.05.2019 15:14:21;274
636934364619562478;14.05.2019 15:14:21;276
636934364620065867;14.05.2019 15:14:22;274
636934364620567004;14.05.2019 15:14:22;275
636934364621066392;14.05.2019 15:14:22;275
636934364621555114;14.05.2019 15:14:22;275
636934364622066250;14.05.2019 15:14:22;275
636934364622557623;14.05.2019 15:14:22;276
636934364623067573;14.05.2019 15:14:22;276
636934364623554486;14.05.2019 15:14:22;277
636934364624068054;14.05.2019 15:14:22;277
636934364624556291;14.05.2019 15:14:22;277
636934364625071078;14.05.2019 15:14:22;277
636934364625555215;14.05.2019 15:14:22;277
636934364626074086;14.05.2019 15:14:22;277
636934364626563642;14.05.2019 15:14:22;278
636934364627076196;14.05.2019 15:14:22;278
636934364627565356;14.05.2019 15:14:22;278
636934364628079279;14.05.2019 15:14:22;279
636934364628554846;14.05.2019 15:14:22;279
636934364629145793;14.05.2019 15:14:22;280
636934364629557806;14.05.2019 15:14:22;280
636934364630082224;14.05.2019 15:14:23;280
636934364630655712;14.05.2019 15:14:23;281
636934364631146786;14.05.2019 15:14:23;281
636934364631553366;14.05.2019 15:14:23;281
636934364632087647;14.05.2019 15:14:23;282
636934364632655022;14.05.2019 15:14:23;281
636934364633141505;14.05.2019 15:14:23;282
636934364633554860;14.05.2019 15:14:23;282
636934364634150797;14.05.2019 15:14:23;282
636934364634655355;14.05.2019 15:14:23;282
636934364635144850;14.05.2019 15:14:23;282
636934364635658571;14.05.2019 15:14:23;282
636934364636147464;14.05.2019 15:14:23;283
636934364636658506;14.05.2019 15:14:23;283
636934364637147884;14.05.2019 15:14:23;283
636934364637697625;14.05.2019 15:14:23;283
636934364638192298;14.05.2019 15:14:23;283
636934364638654356;14.05.2019 15:14:23;283
636934364639154659;14.05.2019 15:14:23;283
636934364639656383;14.05.2019 15:14:23;283
636934364640154943;14.05.2019 15:14:24;284
636934364640613569;14.05.2019 15:14:24;283
636934364641148218;14.05.2019 15:14:24;285
636934364641679800;14.05.2019 15:14:24;284
636934364642143260;14.05.2019 15:14:24;285
636934364642637171;14.05.2019 15:14:24;285
636934364643144373;14.05.2019 15:14:24;284
636934364643639160;14.05.2019 15:14:24;285
636934364644144998;14.05.2019 15:14:24;285
636934364644737522;14.05.2019 15:14:24;286
636934364645238528;14.05.2019 15:14:24;286
636934364645638584;14.05.2019 15:14:24;287
636934364646145087;14.05.2019 15:14:24;286
636934364646741235;14.05.2019 15:14:24;287
636934364647241034;14.05.2019 15:14:24;287
636934364647739959;14.05.2019 15:14:24;288
636934364648229526;14.05.2019 15:14:24;287
636934364648738975;14.05.2019 15:14:24;288
636934364649232177;14.05.2019 15:14:24;288
636934364649737505;14.05.2019 15:14:24;288
636934364650227978;14.05.2019 15:14:25;288
636934364650738720;14.05.2019 15:14:25;289
636934364651222779;14.05.2019 15:14:25;289
636934364651739107;14.05.2019 15:14:25;289
636934364652232068;14.05.2019 15:14:25;290
636934364652739483;14.05.2019 15:14:25;290
636934364653230496;14.05.2019 15:14:25;290
636934364653740618;14.05.2019 15:14:25;291
636934364654231240;14.05.2019 15:14:25;290
636934364654738805;14.05.2019 15:14:25;290
636934364655231832;14.05.2019 15:14:25;292
636934364655738759;14.05.2019 15:14:25;291
636934364656229742;14.05.2019 15:14:25;291
636934364656736882;14.05.2019 15:14:25;292
636934364657226779;14.05.2019 15:14:25;291
636934364657737172;14.05.2019 15:14:25;292
636934364658226251;14.05.2019 15:14:25;293
636934364658840488;14.05.2019 15:14:25;292
636934364659225411;14.05.2019 15:14:25;293
636934364659736785;14.05.2019 15:14:25;294
636934364660228460;14.05.2019 15:14:26;293
636934364660840727;14.05.2019 15:14:26;294
636934364661338971;14.05.2019 15:14:26;295
636934364661741426;14.05.2019 15:14:26;294
636934364662341012;14.05.2019 15:14:26;295
636934364662841246;14.05.2019 15:14:26;296
636934364663340964;14.05.2019 15:14:26;295
636934364663838576;14.05.2019 15:14:26;295
636934364664336377;14.05.2019 15:14:26;296
636934364664837880;14.05.2019 15:14:26;296
636934364665337717;14.05.2019 15:14:26;296
636934364665838771;14.05.2019 15:14:26;296
636934364666337489;14.05.2019 15:14:26;296
636934364666837653;14.05.2019 15:14:26;296
636934364667337108;14.05.2019 15:14:26;296
636934364667839971;14.05.2019 15:14:26;296
636934364668337141;14.05.2019 15:14:26;297
636934364668837828;14.05.2019 15:14:26;297
636934364669338273;14.05.2019 15:14:26;297
636934364669840520;14.05.2019 15:14:26;297
636934364670340801;14.05.2019 15:14:27;297
636934364670837954;14.05.2019 15:14:27;297
636934364671339331;14.05.2019 15:14:27;297
636934364671837784;14.05.2019 15:14:27;297
636934364672337632;14.05.2019 15:14:27;298
636934364672836893;14.05.2019 15:14:27;298
636934364673337667;14.05.2019 15:14:27;297
636934364673840059;14.05.2019 15:14:27;298
636934364674337774;14.05.2019 15:14:27;298
636934364674938233;14.05.2019 15:14:27;298
636934364675336847;14.05.2019 15:14:27;299
636934364675836311;14.05.2019 15:14:27;298
636934364676448170;14.05.2019 15:14:27;298
636934364676936272;14.05.2019 15:14:27;298
636934364677437184;14.05.2019 15:14:27;299
636934364677839223;14.05.2019 15:14:27;299
636934364678439197;14.05.2019 15:14:27;300
636934364678938245;14.05.2019 15:14:27;300
636934364679436251;14.05.2019 15:14:27;299
636934364679937119;14.05.2019 15:14:27;301
636934364680436701;14.05.2019 15:14:28;299
636934364680938644;14.05.2019 15:14:28;301
636934364681437498;14.05.2019 15:14:28;300
636934364681938970;14.05.2019 15:14:28;300
636934364682436760;14.05.2019 15:14:28;301
636934364682938215;14.05.2019 15:14:28;301
636934364683444766;14.05.2019 15:14:28;301
636934364683938707;14.05.2019 15:14:28;302
636934364684445920;14.05.2019 15:14:28;301
636934364684935132;14.05.2019 15:14:28;302
636934364685437405;14.05.2019 15:14:28;302
636934364685939212;14.05.2019 15:14:28;302
636934364686447780;14.05.2019 15:14:28;302
636934364686937613;14.05.2019 15:14:28;302
636934364687447291;14.05.2019 15:14:28;302
636934364687939376;14.05.2019 15:14:28;302
636934364688449764;14.05.2019 15:14:28;303
636934364688937865;14.05.2019 15:14:28;303
636934364689444862;14.05.2019 15:14:28;303
636934364689939551;14.05.2019 15:14:28;303
636934364690437721;14.05.2019 15:14:29;303
636934364691036168;14.05.2019 15:14:29;303
636934364691436792;14.05.2019 15:14:29;303
636934364691939865;14.05.2019 15:14:29;303
636934364692539734;14.05.2019 15:14:29;303
636934364693038751;14.05.2019 15:14:29;302
636934364693453936;14.05.2019 15:14:29;302
636934364693939561;14.05.2019 15:14:29;302
636934364694538019;14.05.2019 15:14:29;302
636934364695038995;14.05.2019 15:14:29;302
636934364695415714;14.05.2019 15:14:29;303
636934364696041440;14.05.2019 15:14:29;302
636934364696510322;14.05.2019 15:14:29;303
636934364696979866;14.05.2019 15:14:29;302
636934364697447981;14.05.2019 15:14:29;303
636934364698073796;14.05.2019 15:14:29;302
636934364698541495;14.05.2019 15:14:29;303
636934364699011307;14.05.2019 15:14:29;303
636934364699480283;14.05.2019 15:14:29;302
636934364699949162;14.05.2019 15:14:29;303
636934364700574684;14.05.2019 15:14:30;304
636934364701043344;14.05.2019 15:14:30;303
636934364701511960;14.05.2019 15:14:30;304
636934364701979717;14.05.2019 15:14:30;303
636934364702449239;14.05.2019 15:14:30;303
636934364703074380;14.05.2019 15:14:30;302
636934364703543924;14.05.2019 15:14:30;303
636934364704012529;14.05.2019 15:14:30;303
636934364704481206;14.05.2019 15:14:30;302
636934364705105181;14.05.2019 15:14:30;303
636934364705575157;14.05.2019 15:14:30;303
636934364706044640;14.05.2019 15:14:30;302
636934364706514467;14.05.2019 15:14:30;303
636934364706984011;14.05.2019 15:14:30;303
636934364707610411;14.05.2019 15:14:30;303
636934364708079448;14.05.2019 15:14:30;303
636934364708549313;14.05.2019 15:14:30;303
636934364709018516;14.05.2019 15:14:30;303
636934364709487811;14.05.2019 15:14:30;303
636934364710113590;14.05.2019 15:14:31;304
636934364710582652;14.05.2019 15:14:31;303
636934364711052185;14.05.2019 15:14:31;304
636934364711522277;14.05.2019 15:14:31;304
636934364712149308;14.05.2019 15:14:31;304
636934364712617966;14.05.2019 15:14:31;304
636934364713086928;14.05.2019 15:14:31;304
636934364713556492;14.05.2019 15:14:31;304
636934364714025423;14.05.2019 15:14:31;305
636934364714651186;14.05.2019 15:14:31;305
636934364715118931;14.05.2019 15:14:31;305
636934364715588500;14.05.2019 15:14:31;306
636934364716057147;14.05.2019 15:14:31;306
636934364716525788;14.05.2019 15:14:31;305
636934364717150605;14.05.2019 15:14:31;306
636934364717618348;14.05.2019 15:14:31;306
636934364718087923;14.05.2019 15:14:31;306
636934364718556553;14.05.2019 15:14:31;306
636934364719181414;14.05.2019 15:14:31;306
636934364719650363;14.05.2019 15:14:31;306
636934364720119023;14.05.2019 15:14:32;307
636934364720588586;14.05.2019 15:14:32;306
636934364721213454;14.05.2019 15:14:32;305
636934364721682122;14.05.2019 15:14:32;306
636934364722152001;14.05.2019 15:14:32;305
636934364722620052;14.05.2019 15:14:32;306
636934364723090793;14.05.2019 15:14:32;306
636934364723715611;14.05.2019 15:14:32;306
636934364724185465;14.05.2019 15:14:32;306
636934364724654441;14.05.2019 15:14:32;307
636934364725123098;14.05.2019 15:14:32;306
636934364725592631;14.05.2019 15:14:32;306
636934364726217731;14.05.2019 15:14:32;306
636934364726686364;14.05.2019 15:14:32;306
636934364727155005;14.05.2019 15:14:32;306
636934364727622690;14.05.2019 15:14:32;306
636934364728248496;14.05.2019 15:14:32;306
636934364728716954;14.05.2019 15:14:32;307
636934364729185817;14.05.2019 15:14:32;306
636934364729654408;14.05.2019 15:14:32;307
636934364730122104;14.05.2019 15:14:33;307
636934364730748171;14.05.2019 15:14:33;308
636934364731217895;14.05.2019 15:14:33;306
636934364731687428;14.05.2019 15:14:33;307
636934364732156063;14.05.2019 15:14:33;307
636934364732623870;14.05.2019 15:14:33;307
636934364733249571;14.05.2019 15:14:33;308
636934364733718209;14.05.2019 15:14:33;308
636934364734186872;14.05.2019 15:14:33;308
636934364734812937;14.05.2019 15:14:33;308
636934364735281577;14.05.2019 15:14:33;308
636934364735750218;14.05.2019 15:14:33;308
636934364736218532;14.05.2019 15:14:33;308
636934364736687561;14.05.2019 15:14:33;308
636934364737312797;14.05.2019 15:14:33;308
636934364737782662;14.05.2019 15:14:33;308
636934364738252201;14.05.2019 15:14:33;308
636934364738720916;14.05.2019 15:14:33;309
636934364739189878;14.05.2019 15:14:33;308
636934364739814798;14.05.2019 15:14:33;307
636934364740284276;14.05.2019 15:14:34;309
636934364740752911;14.05.2019 15:14:34;308
636934364741221549;14.05.2019 15:14:34;308
636934364741846406;14.05.2019 15:14:34;310
636934364742315138;14.05.2019 15:14:34;309
636934364742783701;14.05.2019 15:14:34;310
636934364743252669;14.05.2019 15:14:34;310
636934364743722210;14.05.2019 15:14:34;310
636934364744347438;14.05.2019 15:14:34;311
636934364744817270;14.05.2019 15:14:34;311
636934364745286805;14.05.2019 15:14:34;312
636934364745755748;14.05.2019 15:14:34;311
636934364746224408;14.05.2019 15:14:34;311
636934364746850428;14.05.2019 15:14:34;311
636934364747319967;14.05.2019 15:14:34;311
636934364747788599;14.05.2019 15:14:34;311
636934364748257254;14.05.2019 15:14:34;311
636934364748725914;14.05.2019 15:14:34;311
636934364749350748;14.05.2019 15:14:34;311
636934364749819389;14.05.2019 15:14:34;312
636934364750288027;14.05.2019 15:14:35;311
636934364750912870;14.05.2019 15:14:35;312
636934364751381596;14.05.2019 15:14:35;312
636934364751850273;14.05.2019 15:14:35;312
636934364752318925;14.05.2019 15:14:35;312
636934364752786555;14.05.2019 15:14:35;312
636934364753412547;14.05.2019 15:14:35;312
636934364753882099;14.05.2019 15:14:35;313
636934364754350726;14.05.2019 15:14:35;313
636934364754818486;14.05.2019 15:14:35;313
636934364755288243;14.05.2019 15:14:35;312
636934364755913521;14.05.2019 15:14:35;313
636934364756383364;14.05.2019 15:14:35;313
636934364756854637;14.05.2019 15:14:35;312
636934364757324682;14.05.2019 15:14:35;312
636934364757950450;14.05.2019 15:14:35;313
636934364758419124;14.05.2019 15:14:35;312
636934364758887762;14.05.2019 15:14:35;313
636934364759356387;14.05.2019 15:14:35;314
636934364759824116;14.05.2019 15:14:35;314
636934364760449859;14.05.2019 15:14:36;314
636934364760918486;14.05.2019 15:14:36;315
636934364761388623;14.05.2019 15:14:36;314
636934364761858452;14.05.2019 15:14:36;315
636934364762327902;14.05.2019 15:14:36;315
636934364762954576;14.05.2019 15:14:36;314
636934364763424449;14.05.2019 15:14:36;315
636934364763893968;14.05.2019 15:14:36;315
636934364764363066;14.05.2019 15:14:36;315
636934364764989909;14.05.2019 15:14:36;315
636934364765458567;14.05.2019 15:14:36;315
636934364765928152;14.05.2019 15:14:36;315
636934364766397242;14.05.2019 15:14:36;315
636934364766868263;14.05.2019 15:14:36;315
636934364767493449;14.05.2019 15:14:36;315
636934364767963416;14.05.2019 15:14:36;315
636934364768433005;14.05.2019 15:14:36;316
636934364768901942;14.05.2019 15:14:36;316
636934364769371904;14.05.2019 15:14:36;316
636934364769997661;14.05.2019 15:14:36;317
636934364770465418;14.05.2019 15:14:37;317
636934364770935478;14.05.2019 15:14:37;317
636934364771405049;14.05.2019 15:14:37;318
636934364772031560;14.05.2019 15:14:37;317
636934364772501558;14.05.2019 15:14:37;317
636934364772971977;14.05.2019 15:14:37;317
636934364773441516;14.05.2019 15:14:37;319
636934364773910160;14.05.2019 15:14:37;318
636934364774535479;14.05.2019 15:14:37;318
636934364775003233;14.05.2019 15:14:37;318
636934364775473054;14.05.2019 15:14:37;318
636934364775943124;14.05.2019 15:14:37;318
636934364776412674;14.05.2019 15:14:37;318
636934364777037525;14.05.2019 15:14:37;318
636934364777506636;14.05.2019 15:14:37;319
636934364777975255;14.05.2019 15:14:37;319
636934364778443965;14.05.2019 15:14:37;319
636934364779068774;14.05.2019 15:14:37;318
636934364779537407;14.05.2019 15:14:37;318
636934364780006045;14.05.2019 15:14:38;318
636934364780475866;14.05.2019 15:14:38;318
636934364781101770;14.05.2019 15:14:38;318
636934364781571383;14.05.2019 15:14:38;318
636934364782041245;14.05.2019 15:14:38;319
636934364782509920;14.05.2019 15:14:38;319
636934364782978848;14.05.2019 15:14:38;319
636934364783448417;14.05.2019 15:14:38;319
636934364784073759;14.05.2019 15:14:38;319
636934364784542773;14.05.2019 15:14:38;320
636934364785013090;14.05.2019 15:14:38;320
636934364785482931;14.05.2019 15:14:38;321
636934364786110272;14.05.2019 15:14:38;321
636934364786579847;14.05.2019 15:14:38;321
636934364787048884;14.05.2019 15:14:38;322
636934364787518392;14.05.2019 15:14:38;322
636934364788143603;14.05.2019 15:14:38;322
636934364788613186;14.05.2019 15:14:38;321
636934364789081826;14.05.2019 15:14:38;321
636934364789552107;14.05.2019 15:14:38;321
636934364790021654;14.05.2019 15:14:39;322
636934364790646433;14.05.2019 15:14:39;321
636934364791116592;14.05.2019 15:14:39;321
636934364791585845;14.05.2019 15:14:39;322
636934364792055711;14.05.2019 15:14:39;321
636934364792525748;14.05.2019 15:14:39;321
636934364793152676;14.05.2019 15:14:39;322
636934364793621661;14.05.2019 15:14:39;321
636934364794091698;14.05.2019 15:14:39;322
636934364794561308;14.05.2019 15:14:39;321
636934364795186087;14.05.2019 15:14:39;322
636934364795654745;14.05.2019 15:14:39;322
636934364796123380;14.05.2019 15:14:39;322
636934364796593251;14.05.2019 15:14:39;322
636934364797063147;14.05.2019 15:14:39;322
636934364797688047;14.05.2019 15:14:39;322
636934364798156929;14.05.2019 15:14:39;323
636934364798626470;14.05.2019 15:14:39;323
636934364799095408;14.05.2019 15:14:39;324
636934364799564946;14.05.2019 15:14:39;323
636934364800189567;14.05.2019 15:14:40;324
636934364800658521;14.05.2019 15:14:40;323
636934364801127126;14.05.2019 15:14:40;323
636934364801595772;14.05.2019 15:14:40;324
636934364802220578;14.05.2019 15:14:40;323
636934364802688338;14.05.2019 15:14:40;323
636934364803157907;14.05.2019 15:14:40;323
636934364803626939;14.05.2019 15:14:40;324
636934364804096480;14.05.2019 15:14:40;323
636934364804721721;14.05.2019 15:14:40;323
636934364805190376;14.05.2019 15:14:40;324
636934364805659025;14.05.2019 15:14:40;324
636934364806128860;14.05.2019 15:14:40;324
636934364806598944;14.05.2019 15:14:40;325
636934364807225025;14.05.2019 15:14:40;324
636934364807694140;14.05.2019 15:14:40;325
636934364808164920;14.05.2019 15:14:40;325
636934364808634882;14.05.2019 15:14:40;325
636934364809260323;14.05.2019 15:14:40;325
636934364809729908;14.05.2019 15:14:40;325
636934364810198596;14.05.2019 15:14:41;326
636934364810667481;14.05.2019 15:14:41;326
636934364811137080;14.05.2019 15:14:41;326
636934364811761873;14.05.2019 15:14:41;326
636934364812231378;14.05.2019 15:14:41;326
636934364812699559;14.05.2019 15:14:41;326
636934364813169358;14.05.2019 15:14:41;326
636934364813639176;14.05.2019 15:14:41;326
636934364814264941;14.05.2019 15:14:41;327
636934364814733604;14.05.2019 15:14:41;327
636934364815202181;14.05.2019 15:14:41;328
636934364815670853;14.05.2019 15:14:41;328
636934364816295814;14.05.2019 15:14:41;328
636934364816765616;14.05.2019 15:14:41;325
636934364817234645;14.05.2019 15:14:41;325
636934364817704507;14.05.2019 15:14:41;325
636934364818330239;14.05.2019 15:14:41;326
636934364818800157;14.05.2019 15:14:41;328
636934364819269177;14.05.2019 15:14:41;326
636934364819738697;14.05.2019 15:14:41;327
636934364820207324;14.05.2019 15:14:42;327
636934364820832188;14.05.2019 15:14:42;328
636934364821301125;14.05.2019 15:14:42;328
636934364821770711;14.05.2019 15:14:42;328
636934364822239321;14.05.2019 15:14:42;328
636934364822707998;14.05.2019 15:14:42;328
636934364823333270;14.05.2019 15:14:42;328
636934364823804213;14.05.2019 15:14:42;328
636934364824272738;14.05.2019 15:14:42;328
636934364824741611;14.05.2019 15:14:42;328
636934364825366487;14.05.2019 15:14:42;328
636934364825835441;14.05.2019 15:14:42;329
636934364826304101;14.05.2019 15:14:42;329
636934364826774072;14.05.2019 15:14:42;329
636934364827243616;14.05.2019 15:14:42;330
636934364827867577;14.05.2019 15:14:42;329
636934364828337146;14.05.2019 15:14:42;330
636934364828805787;14.05.2019 15:14:42;329
636934364829274447;14.05.2019 15:14:42;329
636934364829742581;14.05.2019 15:14:42;330
636934364830368448;14.05.2019 15:14:43;330
636934364830837014;14.05.2019 15:14:43;330
636934364831306847;14.05.2019 15:14:43;330
636934364831775521;14.05.2019 15:14:43;330
636934364832400358;14.05.2019 15:14:43;330
636934364832868954;14.05.2019 15:14:43;330
636934364833337875;14.05.2019 15:14:43;330
636934364833808577;14.05.2019 15:14:43;330
636934364834432547;14.05.2019 15:14:43;331
636934364834903254;14.05.2019 15:14:43;330
636934364835371925;14.05.2019 15:14:43;330
636934364835840780;14.05.2019 15:14:43;331
636934364836310637;14.05.2019 15:14:43;331
636934364836779297;14.05.2019 15:14:43;331
636934364837405613;14.05.2019 15:14:43;331
636934364837874822;14.05.2019 15:14:43;331
636934364838343867;14.05.2019 15:14:43;331
636934364838812436;14.05.2019 15:14:43;331
636934364839437653;14.05.2019 15:14:43;331
636934364839907188;14.05.2019 15:14:43;331
636934364840375826;14.05.2019 15:14:44;332
636934364840844523;14.05.2019 15:14:44;331
636934364841470623;14.05.2019 15:14:44;331
636934364841940547;14.05.2019 15:14:44;331
636934364842409506;14.05.2019 15:14:44;332
636934364842878992;14.05.2019 15:14:44;332
636934364843347926;14.05.2019 15:14:44;331
636934364843973680;14.05.2019 15:14:44;332
636934364844442318;14.05.2019 15:14:44;332
636934364844911225;14.05.2019 15:14:44;332
636934364845380772;14.05.2019 15:14:44;332
636934364845849424;14.05.2019 15:14:44;332
636934364846474613;14.05.2019 15:14:44;332
636934364846944459;14.05.2019 15:14:44;333
636934364847413385;14.05.2019 15:14:44;332
636934364847882976;14.05.2019 15:14:44;333
636934364848506948;14.05.2019 15:14:44;333
636934364848975548;14.05.2019 15:14:44;333
636934364849445485;14.05.2019 15:14:44;333
636934364849915409;14.05.2019 15:14:44;334
636934364850384066;14.05.2019 15:14:45;333
636934364851010992;14.05.2019 15:14:45;334
636934364851479940;14.05.2019 15:14:45;335
636934364851949720;14.05.2019 15:14:45;334
636934364852419328;14.05.2019 15:14:45;334
636934364852887453;14.05.2019 15:14:45;335
636934364853514002;14.05.2019 15:14:45;334
636934364853981732;14.05.2019 15:14:45;334
636934364854451245;14.05.2019 15:14:45;335
636934364854919922;14.05.2019 15:14:45;334
636934364855544800;14.05.2019 15:14:45;334
636934364856013436;14.05.2019 15:14:45;335
636934364856482334;14.05.2019 15:14:45;334
636934364856951875;14.05.2019 15:14:45;334
636934364857419857;14.05.2019 15:14:45;335
636934364858045397;14.05.2019 15:14:45;334
636934364858514016;14.05.2019 15:14:45;335
636934364858982649;14.05.2019 15:14:45;335
636934364859451658;14.05.2019 15:14:45;335
636934364859921196;14.05.2019 15:14:45;335
636934364860546496;14.05.2019 15:14:46;335
636934364861016015;14.05.2019 15:14:46;335
636934364861485041;14.05.2019 15:14:46;335
636934364861954654;14.05.2019 15:14:46;335
636934364862579754;14.05.2019 15:14:46;335
636934364863049650;14.05.2019 15:14:46;335
636934364863519211;14.05.2019 15:14:46;335
636934364863987863;14.05.2019 15:14:46;336
636934364864612758;14.05.2019 15:14:46;336
636934364865081681;14.05.2019 15:14:46;336
636934364865551217;14.05.2019 15:14:46;337
636934364866019861;14.05.2019 15:14:46;337
636934364866488543;14.05.2019 15:14:46;337
636934364867113408;14.05.2019 15:14:46;337
636934364867582001;14.05.2019 15:14:46;337
636934364868050875;14.05.2019 15:14:46;337
636934364868520411;14.05.2019 15:14:46;338
636934364868989071;14.05.2019 15:14:46;337
636934364869614797;14.05.2019 15:14:46;337
636934364870084302;14.05.2019 15:14:47;339
636934364870553397;14.05.2019 15:14:47;337
636934364871022376;14.05.2019 15:14:47;338
636934364871649527;14.05.2019 15:14:47;338
636934364872120381;14.05.2019 15:14:47;338
636934364872590487;14.05.2019 15:14:47;338
636934364873061614;14.05.2019 15:14:47;339
636934364873531230;14.05.2019 15:14:47;338
636934364874156036;14.05.2019 15:14:47;338
636934364874623768;14.05.2019 15:14:47;339
636934364875093367;14.05.2019 15:14:47;339
636934364875562241;14.05.2019 15:14:47;339
636934364876031857;14.05.2019 15:14:47;340
636934364876656716;14.05.2019 15:14:47;338
636934364877125365;14.05.2019 15:14:47;339
636934364877593934;14.05.2019 15:14:47;339
636934364878061674;14.05.2019 15:14:47;339
636934364878687403;14.05.2019 15:14:47;339
636934364879155485;14.05.2019 15:14:47;339
636934364879624976;14.05.2019 15:14:47;339
636934364880094531;14.05.2019 15:14:48;339
636934364880563604;14.05.2019 15:14:48;339
636934364881190993;14.05.2019 15:14:48;339
636934364881659653;14.05.2019 15:14:48;339
636934364882129258;14.05.2019 15:14:48;339
636934364882598181;14.05.2019 15:14:48;339
636934364883067728;14.05.2019 15:14:48;339
636934364883693790;14.05.2019 15:14:48;339
636934364884162422;14.05.2019 15:14:48;339
636934364884631063;14.05.2019 15:14:48;339
636934364885255928;14.05.2019 15:14:48;339
636934364885724543;14.05.2019 15:14:48;339
636934364886194337;14.05.2019 15:14:48;339
636934364886663011;14.05.2019 15:14:48;340
636934364887132879;14.05.2019 15:14:48;340
636934364887756802;14.05.2019 15:14:48;340
636934364888225437;14.05.2019 15:14:48;340
636934364888694967;14.05.2019 15:14:48;340
636934364889162965;14.05.2019 15:14:48;340
636934364889633623;14.05.2019 15:14:48;340
636934364890257523;14.05.2019 15:14:49;341
636934364890727117;14.05.2019 15:14:49;340
636934364891197667;14.05.2019 15:14:49;340
636934364891666324;14.05.2019 15:14:49;342
636934364892293356;14.05.2019 15:14:49;340
636934364892761066;14.05.2019 15:14:49;341
636934364893230876;14.05.2019 15:14:49;341
636934364893700464;14.05.2019 15:14:49;341
636934364894169105;14.05.2019 15:14:49;340
636934364894793972;14.05.2019 15:14:49;341
636934364895261668;14.05.2019 15:14:49;341
636934364895731201;14.05.2019 15:14:49;341
636934364896199842;14.05.2019 15:14:49;342
636934364896668522;14.05.2019 15:14:49;341
636934364897293386;14.05.2019 15:14:49;341
636934364897761077;14.05.2019 15:14:49;342
636934364898230618;14.05.2019 15:14:49;341
636934364898698450;14.05.2019 15:14:49;341
636934364899324101;14.05.2019 15:14:49;342
636934364899792709;14.05.2019 15:14:49;341
636934364900260898;14.05.2019 15:14:50;342
636934364900730018;14.05.2019 15:14:50;342
636934364901354924;14.05.2019 15:14:50;342
636934364901822634;14.05.2019 15:14:50;341
636934364902293464;14.05.2019 15:14:50;341
636934364902762068;14.05.2019 15:14:50;342
636934364903232233;14.05.2019 15:14:50;341
636934364903857103;14.05.2019 15:14:50;341
636934364904326647;14.05.2019 15:14:50;341
636934364904795266;14.05.2019 15:14:50;341
636934364905263907;14.05.2019 15:14:50;341
636934364905732622;14.05.2019 15:14:50;341
636934364906356600;14.05.2019 15:14:50;341
636934364906827258;14.05.2019 15:14:50;340
636934364907295062;14.05.2019 15:14:50;341
636934364907765061;14.05.2019 15:14:50;340
636934364908390823;14.05.2019 15:14:50;340
636934364908858574;14.05.2019 15:14:50;340
636934364909328091;14.05.2019 15:14:50;340
636934364909798377;14.05.2019 15:14:50;339
636934364910267932;14.05.2019 15:14:51;340
636934364910892772;14.05.2019 15:14:51;340
636934364911361801;14.05.2019 15:14:51;340
636934364911830677;14.05.2019 15:14:51;340
636934364912299093;14.05.2019 15:14:51;339
636934364912768726;14.05.2019 15:14:51;339
636934364913395367;14.05.2019 15:14:51;339
636934364913864980;14.05.2019 15:14:51;339
636934364914334837;14.05.2019 15:14:51;339
636934364914803492;14.05.2019 15:14:51;340
636934364915429911;14.05.2019 15:14:51;339
636934364915898574;14.05.2019 15:14:51;339
636934364916369497;14.05.2019 15:14:51;340
636934364916839670;14.05.2019 15:14:51;339
636934364917309563;14.05.2019 15:14:51;339
636934364917935661;14.05.2019 15:14:51;341
636934364918405241;14.05.2019 15:14:51;339
636934364918874217;14.05.2019 15:14:51;339
636934364919342877;14.05.2019 15:14:51;340
636934364919812399;14.05.2019 15:14:51;340
636934364920437300;14.05.2019 15:14:52;339
636934364920905921;14.05.2019 15:14:52;340
636934364921374573;14.05.2019 15:14:52;339
636934364921843170;14.05.2019 15:14:52;340
636934364922468098;14.05.2019 15:14:52;340
636934364922936711;14.05.2019 15:14:52;340
636934364923405338;14.05.2019 15:14:52;340
636934364923874009;14.05.2019 15:14:52;340
636934364924498057;14.05.2019 15:14:52;340
636934364924967404;14.05.2019 15:14:52;340
636934364925436072;14.05.2019 15:14:52;340
636934364925903838;14.05.2019 15:14:52;340
636934364926373800;14.05.2019 15:14:52;340
636934364926998673;14.05.2019 15:14:52;340
636934364927468660;14.05.2019 15:14:52;340
636934364927938210;14.05.2019 15:14:52;340
636934364928406845;14.05.2019 15:14:52;340
636934364928875990;14.05.2019 15:14:52;340
636934364929503010;14.05.2019 15:14:52;340
636934364929971651;14.05.2019 15:14:52;340
636934364930440364;14.05.2019 15:14:53;340
636934364930908924;14.05.2019 15:14:53;340
636934364931534138;14.05.2019 15:14:53;340
636934364932005608;14.05.2019 15:14:53;341
636934364932475149;14.05.2019 15:14:53;340
636934364932942906;14.05.2019 15:14:53;340
636934364933412422;14.05.2019 15:14:53;341
636934364934038841;14.05.2019 15:14:53;340
636934364934508391;14.05.2019 15:14:53;340
636934364934978145;14.05.2019 15:14:53;341
636934364935447052;14.05.2019 15:14:53;341
636934364935916981;14.05.2019 15:14:53;340
636934364936542361;14.05.2019 15:14:53;342
636934364937013637;14.05.2019 15:14:53;341
636934364937483666;14.05.2019 15:14:53;341
636934364937953221;14.05.2019 15:14:53;341
636934364938578063;14.05.2019 15:14:53;341
636934364939046693;14.05.2019 15:14:53;341
636934364939516608;14.05.2019 15:14:53;341
636934364939986515;14.05.2019 15:14:53;341
636934364940455153;14.05.2019 15:14:54;341
636934364941081198;14.05.2019 15:14:54;342
636934364941550158;14.05.2019 15:14:54;341
636934364942020896;14.05.2019 15:14:54;341
636934364942489506;14.05.2019 15:14:54;341
636934364942958147;14.05.2019 15:14:54;341
636934364943582119;14.05.2019 15:14:54;341
636934364944053351;14.05.2019 15:14:54;341
636934364944522889;14.05.2019 15:14:54;341
636934364944991544;14.05.2019 15:14:54;341
636934364945616666;14.05.2019 15:14:54;342
636934364946085335;14.05.2019 15:14:54;342
636934364946555998;14.05.2019 15:14:54;342
636934364947024966;14.05.2019 15:14:54;342
636934364947494476;14.05.2019 15:14:54;342
636934364948119349;14.05.2019 15:14:54;342
636934364948587095;14.05.2019 15:14:54;342
636934364949056686;14.05.2019 15:14:54;342
636934364949525252;14.05.2019 15:14:54;342
636934364949993901;14.05.2019 15:14:54;343
636934364950618749;14.05.2019 15:14:55;343
636934364951087390;14.05.2019 15:14:55;343
636934364951556355;14.05.2019 15:14:55;342
636934364952025902;14.05.2019 15:14:55;344
636934364952652343;14.05.2019 15:14:55;343
636934364953121915;14.05.2019 15:14:55;343
636934364953592246;14.05.2019 15:14:55;343
636934364954060906;14.05.2019 15:14:55;343
636934364954685768;14.05.2019 15:14:55;343
636934364955155339;14.05.2019 15:14:55;343
636934364955624429;14.05.2019 15:14:55;343
636934364956095586;14.05.2019 15:14:55;343
636934364956565548;14.05.2019 15:14:55;344
636934364957035092;14.05.2019 15:14:55;343
636934364957659059;14.05.2019 15:14:55;343
636934364958208858;14.05.2019 15:14:55;344
636934364958652932;14.05.2019 15:14:55;343
636934364959123399;14.05.2019 15:14:55;343
636934364959594176;14.05.2019 15:14:55;343
636934364960062828;14.05.2019 15:14:56;343
636934364960687676;14.05.2019 15:14:56;343
636934364961155433;14.05.2019 15:14:56;343
636934364961624952;14.05.2019 15:14:56;343
636934364962093335;14.05.2019 15:14:56;343
636934364962563131;14.05.2019 15:14:56;343
636934364963188888;14.05.2019 15:14:56;343
636934364963656864;14.05.2019 15:14:56;343
636934364964126169;14.05.2019 15:14:56;343
636934364964752483;14.05.2019 15:14:56;343
636934364965221334;14.05.2019 15:14:56;343
636934364965692416;14.05.2019 15:14:56;343
636934364966161112;14.05.2019 15:14:56;343
636934364966631086;14.05.2019 15:14:56;344
636934364967256901;14.05.2019 15:14:56;344
636934364967726921;14.05.2019 15:14:56;344
636934364968198003;14.05.2019 15:14:56;344
636934364968667577;14.05.2019 15:14:56;344
636934364969136479;14.05.2019 15:14:56;344
636934364969606000;14.05.2019 15:14:56;344
636934364970230884;14.05.2019 15:14:57;344
636934364970698869;14.05.2019 15:14:57;344
636934364971168501;14.05.2019 15:14:57;344
636934364971794563;14.05.2019 15:14:57;345
636934364972264434;14.05.2019 15:14:57;345
636934364972734047;14.05.2019 15:14:57;345
636934364973202699;14.05.2019 15:14:57;345
636934364973671617;14.05.2019 15:14:57;346
636934364974297548;14.05.2019 15:14:57;345
636934364974767447;14.05.2019 15:14:57;346
636934364975237498;14.05.2019 15:14:57;346
636934364975707391;14.05.2019 15:14:57;345
636934364976176616;14.05.2019 15:14:57;346
636934364976802137;14.05.2019 15:14:57;347
636934364977271690;14.05.2019 15:14:57;346
636934364977739439;14.05.2019 15:14:57;346
636934364978208966;14.05.2019 15:14:57;347
636934364978832927;14.05.2019 15:14:57;346
636934364979301829;14.05.2019 15:14:57;346
636934364979771154;14.05.2019 15:14:57;347
636934364980239734;14.05.2019 15:14:58;346
636934364980708748;14.05.2019 15:14:58;346
636934364981333621;14.05.2019 15:14:58;346
636934364981802262;14.05.2019 15:14:58;346
636934364982272108;14.05.2019 15:14:58;346
636934364982741985;14.05.2019 15:14:58;347
636934364983211656;14.05.2019 15:14:58;346
636934364983836529;14.05.2019 15:14:58;346
636934364984306095;14.05.2019 15:14:58;346
636934364984774683;14.05.2019 15:14:58;346
636934364985243635;14.05.2019 15:14:58;347
636934364985869073;14.05.2019 15:14:58;346
636934364986337711;14.05.2019 15:14:58;347
636934364986808729;14.05.2019 15:14:58;346
636934364987278323;14.05.2019 15:14:58;347
636934364987902591;14.05.2019 15:14:58;346
636934364988373618;14.05.2019 15:14:58;347
636934364988842267;14.05.2019 15:14:58;347
636934364989312052;14.05.2019 15:14:58;347
636934364989781593;14.05.2019 15:14:58;347
636934364990250242;14.05.2019 15:14:59;347
636934364990875104;14.05.2019 15:14:59;347
636934364991342853;14.05.2019 15:14:59;347
636934364991812397;14.05.2019 15:14:59;347
636934364992281390;14.05.2019 15:14:59;348
636934364992751042;14.05.2019 15:14:59;347
636934364993376322;14.05.2019 15:14:59;347
636934364993844982;14.05.2019 15:14:59;348
636934364994316100;14.05.2019 15:14:59;347
636934364994940973;14.05.2019 15:14:59;347
636934364995410483;14.05.2019 15:14:59;348
636934364995879099;14.05.2019 15:14:59;348
636934364996346892;14.05.2019 15:14:59;348
636934364996817819;14.05.2019 15:14:59;349
636934364997443038;14.05.2019 15:14:59;348
636934364997913801;14.05.2019 15:14:59;348
636934364998381666;14.05.2019 15:14:59;348
636934364998850551;14.05.2019 15:14:59;348
636934364999320161;14.05.2019 15:14:59;348
636934364999945345;14.05.2019 15:14:59;349
636934365000414564;14.05.2019 15:15:00;348
636934365000883191;14.05.2019 15:15:00;348
636934365001350962;14.05.2019 15:15:00;349
636934365001977121;14.05.2019 15:15:00;348
636934365002445770;14.05.2019 15:15:00;348
636934365002915677;14.05.2019 15:15:00;349
636934365003385584;14.05.2019 15:15:00;348
636934365003853327;14.05.2019 15:15:00;349
636934365004480228;14.05.2019 15:15:00;349
636934365004948855;14.05.2019 15:15:00;348
636934365005417532;14.05.2019 15:15:00;349
636934365005886134;14.05.2019 15:15:00;349
636934365006354118;14.05.2019 15:15:00;349
636934365006979958;14.05.2019 15:15:00;349
636934365007449499;14.05.2019 15:15:00;349
636934365007918179;14.05.2019 15:15:00;349
636934365008386842;14.05.2019 15:15:00;349
636934365009012224;14.05.2019 15:15:00;349
636934365009481810;14.05.2019 15:15:00;349
636934365009950445;14.05.2019 15:15:00;349
636934365010419058;14.05.2019 15:15:01;349
636934365011044555;14.05.2019 15:15:01;350
636934365011514143;14.05.2019 15:15:01;350
636934365011982800;14.05.2019 15:15:01;350
636934365012453696;14.05.2019 15:15:01;350
636934365012922634;14.05.2019 15:15:01;350
636934365013392563;14.05.2019 15:15:01;350
636934365014018178;14.05.2019 15:15:01;350
636934365014487769;14.05.2019 15:15:01;350
636934365014956399;14.05.2019 15:15:01;350
636934365015425040;14.05.2019 15:15:01;350
636934365016050367;14.05.2019 15:15:01;350
636934365016519950;14.05.2019 15:15:01;350
636934365016990422;14.05.2019 15:15:01;350
636934365017460207;14.05.2019 15:15:01;350
636934365018086416;14.05.2019 15:15:01;350
636934365018555960;14.05.2019 15:15:01;351
636934365019024612;14.05.2019 15:15:01;350
636934365019493244;14.05.2019 15:15:01;350
636934365019962237;14.05.2019 15:15:01;350
636934365020587938;14.05.2019 15:15:02;350
636934365021055750;14.05.2019 15:15:02;349
636934365021525558;14.05.2019 15:15:02;350
636934365021995096;14.05.2019 15:15:02;350
636934365022463748;14.05.2019 15:15:02;350
636934365023087718;14.05.2019 15:15:02;350
636934365023557245;14.05.2019 15:15:02;349
636934365024025872;14.05.2019 15:15:02;349
636934365024494510;14.05.2019 15:15:02;350
636934365025118483;14.05.2019 15:15:02;350
636934365025587118;14.05.2019 15:15:02;349
636934365026056607;14.05.2019 15:15:02;349
636934365026525339;14.05.2019 15:15:02;349
636934365026994254;14.05.2019 15:15:02;349
636934365027620357;14.05.2019 15:15:02;349
636934365028089014;14.05.2019 15:15:02;349
636934365028558547;14.05.2019 15:15:02;350
636934365029026673;14.05.2019 15:15:02;349
636934365029496294;14.05.2019 15:15:02;350
636934365030122481;14.05.2019 15:15:03;350
636934365030591108;14.05.2019 15:15:03;350
636934365031058851;14.05.2019 15:15:03;350
636934365031528713;14.05.2019 15:15:03;350
636934365032154545;14.05.2019 15:15:03;351
636934365032622227;14.05.2019 15:15:03;351
636934365033091874;14.05.2019 15:15:03;351
636934365033562249;14.05.2019 15:15:03;352
636934365034187185;14.05.2019 15:15:03;351
636934365034656937;14.05.2019 15:15:03;351
636934365035126492;14.05.2019 15:15:03;353
636934365035596333;14.05.2019 15:15:03;351
636934365036065403;14.05.2019 15:15:03;352
636934365036535011;14.05.2019 15:15:03;352
636934365037161133;14.05.2019 15:15:03;352
636934365037630065;14.05.2019 15:15:03;352
636934365038101230;14.05.2019 15:15:03;353
636934365038570768;14.05.2019 15:15:03;352
636934365039196079;14.05.2019 15:15:03;352
636934365039665612;14.05.2019 15:15:03;353
636934365040134269;14.05.2019 15:15:04;352
636934365040602979;14.05.2019 15:15:04;351
636934365041229138;14.05.2019 15:15:04;352
636934365041698759;14.05.2019 15:15:04;351
636934365042168930;14.05.2019 15:15:04;351
636934365042638765;14.05.2019 15:15:04;352
636934365043108303;14.05.2019 15:15:04;352
636934365043576581;14.05.2019 15:15:04;352
636934365044202299;14.05.2019 15:15:04;352
636934365044671843;14.05.2019 15:15:04;352
636934365045140462;14.05.2019 15:15:04;352
636934365045609100;14.05.2019 15:15:04;352
636934365046233330;14.05.2019 15:15:04;352
636934365046701990;14.05.2019 15:15:04;352
636934365047171559;14.05.2019 15:15:04;352
636934365047640471;14.05.2019 15:15:04;352
636934365048266236;14.05.2019 15:15:04;352
636934365048734880;14.05.2019 15:15:04;351
636934365049203526;14.05.2019 15:15:04;350
636934365049672414;14.05.2019 15:15:04;350
636934365050141071;14.05.2019 15:15:05;349
636934365050766772;14.05.2019 15:15:05;348
636934365051235815;14.05.2019 15:15:05;346
636934365051705467;14.05.2019 15:15:05;345
636934365052174363;14.05.2019 15:15:05;342
636934365052643976;14.05.2019 15:15:05;340
636934365053268857;14.05.2019 15:15:05;338
636934365053737473;14.05.2019 15:15:05;337
636934365054206108;14.05.2019 15:15:05;333
636934365054830100;14.05.2019 15:15:05;331
636934365055299711;14.05.2019 15:15:05;328
636934365055767302;14.05.2019 15:15:05;325
636934365056280936;14.05.2019 15:15:05;324
636934365056785165;14.05.2019 15:15:05;322
636934365057284598;14.05.2019 15:15:05;321
636934365057779484;14.05.2019 15:15:05;318
636934365058291858;14.05.2019 15:15:05;316
636934365058782135;14.05.2019 15:15:05;315
636934365059292913;14.05.2019 15:15:05;312
636934365059781640;14.05.2019 15:15:05;311
636934365060279752;14.05.2019 15:15:06;309
636934365060779276;14.05.2019 15:15:06;306
636934365061281737;14.05.2019 15:15:06;304
636934365061782616;14.05.2019 15:15:06;301
636934365062280414;14.05.2019 15:15:06;299
636934365062779897;14.05.2019 15:15:06;297
636934365063279856;14.05.2019 15:15:06;295
636934365063881315;14.05.2019 15:15:06;292
636934365064280603;14.05.2019 15:15:06;289
636934365064779069;14.05.2019 15:15:06;286
636934365065280278;14.05.2019 15:15:06;284
636934365065879881;14.05.2019 15:15:06;281
636934365066378369;14.05.2019 15:15:06;279
636934365066779632;14.05.2019 15:15:06;276
636934365067383194;14.05.2019 15:15:06;275
636934365067881854;14.05.2019 15:15:06;273
636934365068382860;14.05.2019 15:15:06;271
636934365068879728;14.05.2019 15:15:06;270
636934365069382225;14.05.2019 15:15:06;269
636934365069882392;14.05.2019 15:15:06;268
636934365070379265;14.05.2019 15:15:07;266
636934365070879997;14.05.2019 15:15:07;265
636934365071380447;14.05.2019 15:15:07;263
636934365071881600;14.05.2019 15:15:07;263
636934365072381072;14.05.2019 15:15:07;262
636934365072879491;14.05.2019 15:15:07;262
636934365073379450;14.05.2019 15:15:07;260
636934365073878004;14.05.2019 15:15:07;260
636934365074381649;14.05.2019 15:15:07;260
636934365074882780;14.05.2019 15:15:07;258
636934365075382160;14.05.2019 15:15:07;257
636934365075879277;14.05.2019 15:15:07;256
636934365076379383;14.05.2019 15:15:07;255
636934365076890025;14.05.2019 15:15:07;255
636934365077387458;14.05.2019 15:15:07;254
636934365077874437;14.05.2019 15:15:07;253
636934365078375701;14.05.2019 15:15:07;252
636934365078872715;14.05.2019 15:15:07;252
636934365079376517;14.05.2019 15:15:07;250
636934365079978400;14.05.2019 15:15:07;249
636934365080378819;14.05.2019 15:15:08;247
636934365080875545;14.05.2019 15:15:08;244
636934365081480204;14.05.2019 15:15:08;242
636934365081974902;14.05.2019 15:15:08;240
636934365082474958;14.05.2019 15:15:08;238
636934365082875127;14.05.2019 15:15:08;236
636934365083474369;14.05.2019 15:15:08;233
636934365083974046;14.05.2019 15:15:08;231
636934365084476429;14.05.2019 15:15:08;228
636934365084974483;14.05.2019 15:15:08;226
636934365085477218;14.05.2019 15:15:08;224
636934365085974083;14.05.2019 15:15:08;221
636934365086473352;14.05.2019 15:15:08;220
636934365086974054;14.05.2019 15:15:08;218
636934365087473392;14.05.2019 15:15:08;217
636934365087976840;14.05.2019 15:15:08;216
636934365088485501;14.05.2019 15:15:08;214
636934365088973558;14.05.2019 15:15:08;213
636934365089467827;14.05.2019 15:15:08;212
636934365089973959;14.05.2019 15:15:08;209
636934365090466266;14.05.2019 15:15:09;208
636934365090978599;14.05.2019 15:15:09;206
636934365091466542;14.05.2019 15:15:09;205
636934365091974558;14.05.2019 15:15:09;204
636934365092468203;14.05.2019 15:15:09;204
636934365092975177;14.05.2019 15:15:09;202
636934365093469618;14.05.2019 15:15:09;201
636934365093974024;14.05.2019 15:15:09;199
636934365094468719;14.05.2019 15:15:09;198
636934365094976447;14.05.2019 15:15:09;197
636934365095576471;14.05.2019 15:15:09;196
636934365096075097;14.05.2019 15:15:09;195
636934365096468312;14.05.2019 15:15:09;196
636934365096974439;14.05.2019 15:15:09;196
636934365097575587;14.05.2019 15:15:09;196
636934365098075375;14.05.2019 15:15:09;196
636934365098574082;14.05.2019 15:15:09;196
636934365099074119;14.05.2019 15:15:09;197
636934365099574748;14.05.2019 15:15:09;197
636934365100073419;14.05.2019 15:15:10;198
636934365100575160;14.05.2019 15:15:10;198
636934365101073330;14.05.2019 15:15:10;197
636934365101576015;14.05.2019 15:15:10;196
636934365102076285;14.05.2019 15:15:10;197
636934365102576482;14.05.2019 15:15:10;196
636934365103076602;14.05.2019 15:15:10;196
636934365103576176;14.05.2019 15:15:10;197
636934365104075485;14.05.2019 15:15:10;197
636934365104574604;14.05.2019 15:15:10;198
636934365105075639;14.05.2019 15:15:10;198
636934365105573617;14.05.2019 15:15:10;198
636934365106076369;14.05.2019 15:15:10;199
636934365106573616;14.05.2019 15:15:10;199
636934365107074298;14.05.2019 15:15:10;199
636934365107576604;14.05.2019 15:15:10;200
636934365108076990;14.05.2019 15:15:10;200
636934365108576922;14.05.2019 15:15:10;201
636934365109073373;14.05.2019 15:15:10;201
636934365109578511;14.05.2019 15:15:10;201
636934365110076528;14.05.2019 15:15:11;202
636934365110602320;14.05.2019 15:15:11;202
636934365111073474;14.05.2019 15:15:11;203
636934365111673190;14.05.2019 15:15:11;203
636934365112172570;14.05.2019 15:15:11;204
636934365112576133;14.05.2019 15:15:11;203
636934365113175703;14.05.2019 15:15:11;205
636934365113674933;14.05.2019 15:15:11;204
636934365114174823;14.05.2019 15:15:11;205
636934365114575660;14.05.2019 15:15:11;206
636934365115176482;14.05.2019 15:15:11;207
636934365115674579;14.05.2019 15:15:11;207
636934365116177993;14.05.2019 15:15:11;208
636934365116674171;14.05.2019 15:15:11;209
636934365117176377;14.05.2019 15:15:11;209
636934365117674768;14.05.2019 15:15:11;210
636934365118176597;14.05.2019 15:15:11;210
636934365118677698;14.05.2019 15:15:11;211
636934365119174973;14.05.2019 15:15:11;211
636934365119674882;14.05.2019 15:15:11;212
636934365120174470;14.05.2019 15:15:12;211
636934365120635334;14.05.2019 15:15:12;213
636934365121200645;14.05.2019 15:15:12;212
636934365121704120;14.05.2019 15:15:12;213
636934365122207845;14.05.2019 15:15:12;214
636934365122706970;14.05.2019 15:15:12;213
636934365123210033;14.05.2019 15:15:12;213
636934365123703855;14.05.2019 15:15:12;213
636934365124212611;14.05.2019 15:15:12;213
636934365124701881;14.05.2019 15:15:12;214
636934365125212477;14.05.2019 15:15:12;214
636934365125702883;14.05.2019 15:15:12;214
636934365126212697;14.05.2019 15:15:12;214
636934365126703406;14.05.2019 15:15:12;215
636934365127212874;14.05.2019 15:15:12;214
636934365127704493;14.05.2019 15:15:12;215
636934365128214349;14.05.2019 15:15:12;216
636934365128702456;14.05.2019 15:15:12;215
636934365129213733;14.05.2019 15:15:12;216
636934365129714994;14.05.2019 15:15:12;216
636934365130217120;14.05.2019 15:15:13;215
636934365130701894;14.05.2019 15:15:13;217
636934365131295523;14.05.2019 15:15:13;217
636934365131706140;14.05.2019 15:15:13;216
636934365132219318;14.05.2019 15:15:13;217
636934365132802073;14.05.2019 15:15:13;217
636934365133298749;14.05.2019 15:15:13;218
636934365133705758;14.05.2019 15:15:13;218
636934365134224269;14.05.2019 15:15:13;218
636934365134804689;14.05.2019 15:15:13;219
636934365135291031;14.05.2019 15:15:13;219
636934365135803989;14.05.2019 15:15:13;220
636934365136295277;14.05.2019 15:15:13;221
636934365136802248;14.05.2019 15:15:13;221
636934365137292563;14.05.2019 15:15:13;221
636934365137802898;14.05.2019 15:15:13;222
636934365138291725;14.05.2019 15:15:13;223
636934365138802080;14.05.2019 15:15:13;223
636934365139296132;14.05.2019 15:15:13;224
636934365139801821;14.05.2019 15:15:13;224
636934365140298514;14.05.2019 15:15:14;225
636934365140801787;14.05.2019 15:15:14;226
636934365141297842;14.05.2019 15:15:14;226
636934365141801816;14.05.2019 15:15:14;226
636934365142295957;14.05.2019 15:15:14;228
636934365142803508;14.05.2019 15:15:14;227
636934365143298505;14.05.2019 15:15:14;228
636934365143803371;14.05.2019 15:15:14;229
636934365144297271;14.05.2019 15:15:14;229
636934365144803905;14.05.2019 15:15:14;229
636934365145293419;14.05.2019 15:15:14;230
636934365145804510;14.05.2019 15:15:14;230
636934365146301427;14.05.2019 15:15:14;230
636934365146904892;14.05.2019 15:15:14;231
636934365147294758;14.05.2019 15:15:14;231
636934365147803145;14.05.2019 15:15:14;232
636934365148298076;14.05.2019 15:15:14;233
636934365148904571;14.05.2019 15:15:14;233
636934365149403400;14.05.2019 15:15:14;233
636934365149805498;14.05.2019 15:15:14;233
636934365150406430;14.05.2019 15:15:15;234
636934365150901951;14.05.2019 15:15:15;235
636934365151403728;14.05.2019 15:15:15;236
636934365151901806;14.05.2019 15:15:15;234
636934365152403092;14.05.2019 15:15:15;235
636934365152906149;14.05.2019 15:15:15;236
636934365153404562;14.05.2019 15:15:15;236
636934365153903180;14.05.2019 15:15:15;237
636934365154401048;14.05.2019 15:15:15;236
636934365154902841;14.05.2019 15:15:15;236
636934365155403133;14.05.2019 15:15:15;237
636934365155903464;14.05.2019 15:15:15;237
636934365156403863;14.05.2019 15:15:15;238
636934365156902792;14.05.2019 15:15:15;238
636934365157404090;14.05.2019 15:15:15;238
636934365157902758;14.05.2019 15:15:15;239
636934365158404986;14.05.2019 15:15:15;239
636934365158904502;14.05.2019 15:15:15;240
636934365159404234;14.05.2019 15:15:15;240
636934365159906003;14.05.2019 15:15:15;240
636934365160402878;14.05.2019 15:15:16;241
636934365160902541;14.05.2019 15:15:16;241
636934365161404581;14.05.2019 15:15:16;241
636934365161900409;14.05.2019 15:15:16;241
636934365162401992;14.05.2019 15:15:16;242
636934365163001670;14.05.2019 15:15:16;241
636934365163403133;14.05.2019 15:15:16;242
636934365163901128;14.05.2019 15:15:16;243
636934365164509360;14.05.2019 15:15:16;242
636934365165003321;14.05.2019 15:15:16;242
636934365165397465;14.05.2019 15:15:16;242
636934365165947300;14.05.2019 15:15:16;242
636934365166502216;14.05.2019 15:15:16;242
636934365167014892;14.05.2019 15:15:16;242
636934365167501494;14.05.2019 15:15:16;240
636934365168022573;14.05.2019 15:15:16;240
636934365168506361;14.05.2019 15:15:16;240
636934365169001062;14.05.2019 15:15:16;239
636934365169500533;14.05.2019 15:15:16;239
636934365170001482;14.05.2019 15:15:17;238
636934365170504716;14.05.2019 15:15:17;238
636934365171011264;14.05.2019 15:15:17;238
636934365171501808;14.05.2019 15:15:17;238
636934365172005383;14.05.2019 15:15:17;238
636934365172505121;14.05.2019 15:15:17;237
636934365173013339;14.05.2019 15:15:17;237
636934365173505278;14.05.2019 15:15:17;238
636934365174008503;14.05.2019 15:15:17;237
636934365174504997;14.05.2019 15:15:17;237
636934365175005577;14.05.2019 15:15:17;238
636934365175501604;14.05.2019 15:15:17;237
636934365176001935;14.05.2019 15:15:17;237
636934365176501545;14.05.2019 15:15:17;238
636934365177004369;14.05.2019 15:15:17;237
636934365177483123;14.05.2019 15:15:17;238
636934365177977810;14.05.2019 15:15:17;239
636934365178582396;14.05.2019 15:15:17;238
636934365179081228;14.05.2019 15:15:17;238
636934365179578431;14.05.2019 15:15:17;239
636934365180081726;14.05.2019 15:15:18;239
636934365180581765;14.05.2019 15:15:18;240
636934365181081647;14.05.2019 15:15:18;240
636934365181581639;14.05.2019 15:15:18;241
636934365182082845;14.05.2019 15:15:18;242
636934365182581073;14.05.2019 15:15:18;242
636934365183081697;14.05.2019 15:15:18;243
636934365183579590;14.05.2019 15:15:18;244
636934365184082489;14.05.2019 15:15:18;244
636934365184583517;14.05.2019 15:15:18;244
636934365185082629;14.05.2019 15:15:18;246
636934365185579413;14.05.2019 15:15:18;246
636934365186079453;14.05.2019 15:15:18;247
636934365186579703;14.05.2019 15:15:18;248
636934365187080277;14.05.2019 15:15:18;248
636934365187578721;14.05.2019 15:15:18;249
636934365188079705;14.05.2019 15:15:18;250
636934365188581997;14.05.2019 15:15:18;249
636934365189078987;14.05.2019 15:15:18;251
636934365189578284;14.05.2019 15:15:18;251
636934365190080088;14.05.2019 15:15:19;251
636934365190578097;14.05.2019 15:15:19;252
636934365191176943;14.05.2019 15:15:19;253
636934365191577860;14.05.2019 15:15:19;254
636934365192077911;14.05.2019 15:15:19;255
636934365192578377;14.05.2019 15:15:19;256
636934365193177523;14.05.2019 15:15:19;257
636934365193576919;14.05.2019 15:15:19;258
636934365194078358;14.05.2019 15:15:19;258
636934365194703879;14.05.2019 15:15:19;258
636934365195178191;14.05.2019 15:15:19;259
636934365195679380;14.05.2019 15:15:19;259
636934365196089180;14.05.2019 15:15:19;259
636934365196709900;14.05.2019 15:15:19;261
636934365197179649;14.05.2019 15:15:19;260
636934365197679816;14.05.2019 15:15:19;261
636934365198181116;14.05.2019 15:15:19;261
636934365198678310;14.05.2019 15:15:19;262
636934365199180547;14.05.2019 15:15:19;263
636934365199677714;14.05.2019 15:15:19;263
636934365200178670;14.05.2019 15:15:20;263
636934365200679879;14.05.2019 15:15:20;264
636934365201179096;14.05.2019 15:15:20;264
636934365201680524;14.05.2019 15:15:20;264
636934365202180524;14.05.2019 15:15:20;265
636934365202686651;14.05.2019 15:15:20;265
636934365203177609;14.05.2019 15:15:20;265
636934365203676825;14.05.2019 15:15:20;266
636934365204177192;14.05.2019 15:15:20;266
636934365204678747;14.05.2019 15:15:20;267
636934365205178720;14.05.2019 15:15:20;267
636934365205678261;14.05.2019 15:15:20;267
636934365206178960;14.05.2019 15:15:20;268
636934365206676822;14.05.2019 15:15:20;268
636934365207278857;14.05.2019 15:15:20;268
636934365207678982;14.05.2019 15:15:20;269
636934365208178628;14.05.2019 15:15:20;269
636934365208786360;14.05.2019 15:15:20;268
636934365209279412;14.05.2019 15:15:20;270
636934365209776639;14.05.2019 15:15:20;269
636934365210179299;14.05.2019 15:15:21;270
636934365210790976;14.05.2019 15:15:21;271
636934365211279437;14.05.2019 15:15:21;271
636934365211780438;14.05.2019 15:15:21;271
636934365212279173;14.05.2019 15:15:21;273
636934365212791777;14.05.2019 15:15:21;272
636934365213279106;14.05.2019 15:15:21;272
636934365213778477;14.05.2019 15:15:21;273
636934365214278570;14.05.2019 15:15:21;273
636934365214796878;14.05.2019 15:15:21;273
636934365215278549;14.05.2019 15:15:21;274
636934365215798772;14.05.2019 15:15:21;274
636934365216277952;14.05.2019 15:15:21;274
636934365216800716;14.05.2019 15:15:21;274
636934365217281245;14.05.2019 15:15:21;274
636934365217801712;14.05.2019 15:15:21;275
636934365218278269;14.05.2019 15:15:21;275
636934365218806072;14.05.2019 15:15:21;276
636934365219279526;14.05.2019 15:15:21;276
636934365219808437;14.05.2019 15:15:21;276
636934365220277981;14.05.2019 15:15:22;276
636934365220809627;14.05.2019 15:15:22;277
636934365221278515;14.05.2019 15:15:22;277
636934365221810095;14.05.2019 15:15:22;277
636934365222281478;14.05.2019 15:15:22;277
636934365222870946;14.05.2019 15:15:22;277
636934365223281616;14.05.2019 15:15:22;278
636934365223810331;14.05.2019 15:15:22;278
636934365224280706;14.05.2019 15:15:22;277
636934365224810368;14.05.2019 15:15:22;279
636934365225300193;14.05.2019 15:15:22;279
636934365225793145;14.05.2019 15:15:22;279
636934365226396965;14.05.2019 15:15:22;280
636934365226896004;14.05.2019 15:15:22;279
636934365227296209;14.05.2019 15:15:22;280
636934365227795071;14.05.2019 15:15:22;279
636934365228399401;14.05.2019 15:15:22;280
636934365228893511;14.05.2019 15:15:22;280
636934365229394038;14.05.2019 15:15:22;281
636934365229892175;14.05.2019 15:15:22;281
636934365230401823;14.05.2019 15:15:23;281
636934365230892880;14.05.2019 15:15:23;282
636934365231402728;14.05.2019 15:15:23;281
636934365231895148;14.05.2019 15:15:23;282
636934365232404655;14.05.2019 15:15:23;283
636934365232894706;14.05.2019 15:15:23;282
636934365233404141;14.05.2019 15:15:23;282
636934365233895099;14.05.2019 15:15:23;283
636934365234405345;14.05.2019 15:15:23;282
636934365234906698;14.05.2019 15:15:23;283
636934365235405217;14.05.2019 15:15:23;283
636934365235907384;14.05.2019 15:15:23;283
636934365236403473;14.05.2019 15:15:23;283
636934365236892333;14.05.2019 15:15:23;284
636934365237403208;14.05.2019 15:15:23;284
636934365237892072;14.05.2019 15:15:23;284
636934365238405058;14.05.2019 15:15:23;284
636934365238892849;14.05.2019 15:15:23;284
636934365239406841;14.05.2019 15:15:23;284
636934365239903257;14.05.2019 15:15:23;285
636934365240486510;14.05.2019 15:15:24;285
636934365240892392;14.05.2019 15:15:24;285
636934365241412616;14.05.2019 15:15:24;285
636934365241893103;14.05.2019 15:15:24;286
636934365242479338;14.05.2019 15:15:24;286
636934365242993859;14.05.2019 15:15:24;287
636934365243412356;14.05.2019 15:15:24;287
636934365243997413;14.05.2019 15:15:24;287
636934365244486476;14.05.2019 15:15:24;288
636934365244996176;14.05.2019 15:15:24;289
636934365245481526;14.05.2019 15:15:24;288
636934365245997217;14.05.2019 15:15:24;288
636934365246485060;14.05.2019 15:15:24;290
636934365246993121;14.05.2019 15:15:24;289
636934365247489575;14.05.2019 15:15:24;290
636934365247993762;14.05.2019 15:15:24;290
636934365248481800;14.05.2019 15:15:24;290
636934365248994019;14.05.2019 15:15:24;290
636934365249486013;14.05.2019 15:15:24;291
636934365250032587;14.05.2019 15:15:25;290
636934365250487957;14.05.2019 15:15:25;291
636934365250995768;14.05.2019 15:15:25;291
636934365251480023;14.05.2019 15:15:25;291
636934365251994462;14.05.2019 15:15:25;291
636934365252487755;14.05.2019 15:15:25;291
636934365252992178;14.05.2019 15:15:25;291
636934365253486382;14.05.2019 15:15:25;291
636934365253992143;14.05.2019 15:15:25;292
636934365254488736;14.05.2019 15:15:25;292
636934365254996013;14.05.2019 15:15:25;292
636934365255484518;14.05.2019 15:15:25;292
636934365255995892;14.05.2019 15:15:25;292
636934365256592245;14.05.2019 15:15:25;293
636934365256996182;14.05.2019 15:15:25;293
636934365257485467;14.05.2019 15:15:25;293
636934365258093420;14.05.2019 15:15:25;293
636934365258595798;14.05.2019 15:15:25;293
636934365258994113;14.05.2019 15:15:25;293
636934365259481397;14.05.2019 15:15:25;294
636934365260092650;14.05.2019 15:15:26;294
636934365260591684;14.05.2019 15:15:26;294
636934365261093078;14.05.2019 15:15:26;294
636934365261592611;14.05.2019 15:15:26;294
636934365262048538;14.05.2019 15:15:26;294
636934365262461942;14.05.2019 15:15:26;294
636934365263087657;14.05.2019 15:15:26;294
636934365263556372;14.05.2019 15:15:26;294
636934365264025396;14.05.2019 15:15:26;295
636934365264494987;14.05.2019 15:15:26;295
636934365265119835;14.05.2019 15:15:26;296
636934365265588520;14.05.2019 15:15:26;295
636934365266058216;14.05.2019 15:15:26;295
636934365266527774;14.05.2019 15:15:26;296
636934365267152592;14.05.2019 15:15:26;295
636934365267620892;14.05.2019 15:15:26;295
636934365268141528;14.05.2019 15:15:26;296
636934365268655725;14.05.2019 15:15:26;295
636934365269124352;14.05.2019 15:15:26;295
636934365269592112;14.05.2019 15:15:26;296
636934365270060758;14.05.2019 15:15:27;295
636934365270530310;14.05.2019 15:15:27;295
636934365271155427;14.05.2019 15:15:27;296
636934365271624093;14.05.2019 15:15:27;295
636934365272093634;14.05.2019 15:15:27;296
636934365272562272;14.05.2019 15:15:27;296
636934365273030899;14.05.2019 15:15:27;296
636934365273655766;14.05.2019 15:15:27;297
636934365274124391;14.05.2019 15:15:27;297
636934365274593469;14.05.2019 15:15:27;297
636934365275063013;14.05.2019 15:15:27;297
636934365275531942;14.05.2019 15:15:27;297
636934365276157707;14.05.2019 15:15:27;298
636934365276625464;14.05.2019 15:15:27;298
636934365277094992;14.05.2019 15:15:27;298
636934365277721510;14.05.2019 15:15:27;299
636934365278191376;14.05.2019 15:15:27;299
636934365278660942;14.05.2019 15:15:27;299
636934365279129555;14.05.2019 15:15:27;300
636934365279598235;14.05.2019 15:15:27;300
636934365280222168;14.05.2019 15:15:28;300
636934365280691770;14.05.2019 15:15:28;301
636934365281160411;14.05.2019 15:15:28;300
636934365281629047;14.05.2019 15:15:28;300
636934365282097690;14.05.2019 15:15:28;302
636934365282722541;14.05.2019 15:15:28;301
636934365283191536;14.05.2019 15:15:28;301
636934365283660202;14.05.2019 15:15:28;303
636934365284130320;14.05.2019 15:15:28;302
636934365284755193;14.05.2019 15:15:28;302
636934365285223836;14.05.2019 15:15:28;303
636934365285693757;14.05.2019 15:15:28;302
636934365286163309;14.05.2019 15:15:28;303
636934365286631945;14.05.2019 15:15:28;303
636934365287255911;14.05.2019 15:15:28;303
636934365287726198;14.05.2019 15:15:28;303
636934365288195775;14.05.2019 15:15:28;303
636934365288664621;14.05.2019 15:15:28;303
636934365289134473;14.05.2019 15:15:28;303
636934365289759695;14.05.2019 15:15:28;303
636934365290228873;14.05.2019 15:15:29;304
636934365290697514;14.05.2019 15:15:29;304
636934365291168011;14.05.2019 15:15:29;303
636934365291792934;14.05.2019 15:15:29;304
636934365292261522;14.05.2019 15:15:29;304
636934365292731049;14.05.2019 15:15:29;304
636934365293200230;14.05.2019 15:15:29;304
636934365293669747;14.05.2019 15:15:29;305
636934365294294639;14.05.2019 15:15:29;304
636934365294762382;14.05.2019 15:15:29;304
636934365295232464;14.05.2019 15:15:29;305
636934365295701639;14.05.2019 15:15:29;305
636934365296171197;14.05.2019 15:15:29;306
636934365296797342;14.05.2019 15:15:29;306
636934365297265991;14.05.2019 15:15:29;306
636934365297735997;14.05.2019 15:15:29;306
636934365298205547;14.05.2019 15:15:29;307
636934365298831592;14.05.2019 15:15:29;307
636934365299300629;14.05.2019 15:15:29;308
636934365299769289;14.05.2019 15:15:29;307
636934365300240049;14.05.2019 15:15:30;307
636934365300865255;14.05.2019 15:15:30;307
636934365301334854;14.05.2019 15:15:30;308
636934365301802536;14.05.2019 15:15:30;307
636934365302271368;14.05.2019 15:15:30;309
636934365302740921;14.05.2019 15:15:30;307
636934365303366450;14.05.2019 15:15:30;307
636934365303835803;14.05.2019 15:15:30;308
636934365304303413;14.05.2019 15:15:30;307
636934365304772060;14.05.2019 15:15:30;306
636934365305241961;14.05.2019 15:15:30;306
636934365305866834;14.05.2019 15:15:30;306
636934365306337653;14.05.2019 15:15:30;305
636934365306805969;14.05.2019 15:15:30;305
636934365307273964;14.05.2019 15:15:30;305
636934365307900932;14.05.2019 15:15:30;304
636934365308370789;14.05.2019 15:15:30;304
636934365308839433;14.05.2019 15:15:30;303
636934365309308104;14.05.2019 15:15:30;303
636934365309775819;14.05.2019 15:15:30;303
636934365310401515;14.05.2019 15:15:31;302
636934365310870200;14.05.2019 15:15:31;302
636934365311338658;14.05.2019 15:15:31;302
636934365311807474;14.05.2019 15:15:31;301
636934365312275873;14.05.2019 15:15:31;301
636934365312901001;14.05.2019 15:15:31;301
636934365313369612;14.05.2019 15:15:31;301
636934365313838280;14.05.2019 15:15:31;301
636934365314306001;14.05.2019 15:15:31;301
636934365314931749;14.05.2019 15:15:31;301
636934365315400617;14.05.2019 15:15:31;301
636934365315870422;14.05.2019 15:15:31;301
636934365316339991;14.05.2019 15:15:31;300
636934365316964711;14.05.2019 15:15:31;302
636934365317434618;14.05.2019 15:15:31;301
636934365317903284;14.05.2019 15:15:31;302
636934365318374438;14.05.2019 15:15:31;301
636934365318843996;14.05.2019 15:15:31;302
636934365319313041;14.05.2019 15:15:31;302
636934365319938878;14.05.2019 15:15:31;301
636934365320407436;14.05.2019 15:15:32;302
636934365320876077;14.05.2019 15:15:32;303
636934365321344751;14.05.2019 15:15:32;302
636934365321969546;14.05.2019 15:15:32;303
636934365322439691;14.05.2019 15:15:32;303
636934365322909559;14.05.2019 15:15:32;303
636934365323379447;14.05.2019 15:15:32;303
636934365324004320;14.05.2019 15:15:32;304
636934365324473858;14.05.2019 15:15:32;304
636934365324941602;14.05.2019 15:15:32;304
636934365325411123;14.05.2019 15:15:32;304
636934365325880077;14.05.2019 15:15:32;304
636934365326505901;14.05.2019 15:15:32;305
636934365326975655;14.05.2019 15:15:32;306
636934365327444653;14.05.2019 15:15:32;306
636934365327914558;14.05.2019 15:15:32;306
636934365328383221;14.05.2019 15:15:32;305
636934365329008068;14.05.2019 15:15:32;306
636934365329477607;14.05.2019 15:15:32;307
636934365329946242;14.05.2019 15:15:32;306
636934365330414889;14.05.2019 15:15:33;307
636934365331039739;14.05.2019 15:15:33;306
636934365331507488;14.05.2019 15:15:33;307
636934365331976993;14.05.2019 15:15:33;306
636934365332445659;14.05.2019 15:15:33;307
636934365332914621;14.05.2019 15:15:33;307
636934365333540386;14.05.2019 15:15:33;308
636934365334009415;14.05.2019 15:15:33;308
636934365334478965;14.05.2019 15:15:33;308
636934365334948855;14.05.2019 15:15:33;308
636934365335417498;14.05.2019 15:15:33;309
636934365336043685;14.05.2019 15:15:33;309
636934365336512373;14.05.2019 15:15:33;310
636934365336982665;14.05.2019 15:15:33;309
636934365337607997;14.05.2019 15:15:33;310
636934365338078292;14.05.2019 15:15:33;310
636934365338548130;14.05.2019 15:15:33;310
636934365339016776;14.05.2019 15:15:33;311
636934365339485417;14.05.2019 15:15:33;310
636934365339954050;14.05.2019 15:15:33;310
636934365340578895;14.05.2019 15:15:34;310
636934365341047530;14.05.2019 15:15:34;310
636934365341515528;14.05.2019 15:15:34;310
636934365341983928;14.05.2019 15:15:34;310
636934365342453455;14.05.2019 15:15:34;311
636934365343078345;14.05.2019 15:15:34;310
636934365343546944;14.05.2019 15:15:34;311
636934365344015588;14.05.2019 15:15:34;311
636934365344484229;14.05.2019 15:15:34;311
636934365345108198;14.05.2019 15:15:34;311
636934365345577956;14.05.2019 15:15:34;312
636934365346047525;14.05.2019 15:15:34;312
636934365346516146;14.05.2019 15:15:34;312
636934365347140113;14.05.2019 15:15:34;312
636934365347611300;14.05.2019 15:15:34;312
636934365348080855;14.05.2019 15:15:34;313
636934365348549537;14.05.2019 15:15:34;312
636934365349018353;14.05.2019 15:15:34;312
636934365349643234;14.05.2019 15:15:34;313
636934365350114028;14.05.2019 15:15:35;313
636934365350582627;14.05.2019 15:15:35;314
636934365351051326;14.05.2019 15:15:35;313
636934365351519914;14.05.2019 15:15:35;313
636934365352143864;14.05.2019 15:15:35;314
636934365352613417;14.05.2019 15:15:35;313
636934365353082354;14.05.2019 15:15:35;314
636934365353551904;14.05.2019 15:15:35;314
636934365354178447;14.05.2019 15:15:35;314
636934365354647116;14.05.2019 15:15:35;316
636934365355116637;14.05.2019 15:15:35;314
636934365355585273;14.05.2019 15:15:35;315
636934365356053925;14.05.2019 15:15:35;315
636934365356678781;14.05.2019 15:15:35;315
636934365357147280;14.05.2019 15:15:35;315
636934365357617620;14.05.2019 15:15:35;315
636934365358087175;14.05.2019 15:15:35;316
636934365358556309;14.05.2019 15:15:35;316
636934365359181738;14.05.2019 15:15:35;316
636934365359650363;14.05.2019 15:15:35;316
636934365360119663;14.05.2019 15:15:36;316
636934365360744508;14.05.2019 15:15:36;316
636934365361213149;14.05.2019 15:15:36;317
636934365361680956;14.05.2019 15:15:36;315
636934365362150428;14.05.2019 15:15:36;316
636934365362618675;14.05.2019 15:15:36;316
636934365363244304;14.05.2019 15:15:36;316
636934365363714735;14.05.2019 15:15:36;318
636934365364184609;14.05.2019 15:15:36;317
636934365364653258;14.05.2019 15:15:36;318
636934365365121904;14.05.2019 15:15:36;318
636934365365590891;14.05.2019 15:15:36;318
636934365366216656;14.05.2019 15:15:36;317
636934365366685635;14.05.2019 15:15:36;317
636934365367155193;14.05.2019 15:15:36;317
636934365367781679;14.05.2019 15:15:36;316
636934365368250339;14.05.2019 15:15:36;317
636934365368719830;14.05.2019 15:15:36;317
636934365369187623;14.05.2019 15:15:36;316
636934365369657151;14.05.2019 15:15:36;317
636934365370281993;14.05.2019 15:15:37;318
636934365370750653;14.05.2019 15:15:37;317
636934365371218984;14.05.2019 15:15:37;317
636934365371688603;14.05.2019 15:15:37;318
636934365372157609;14.05.2019 15:15:37;317
636934365372782482;14.05.2019 15:15:37;318
636934365373252023;14.05.2019 15:15:37;318
636934365373720670;14.05.2019 15:15:37;318
636934365374189288;14.05.2019 15:15:37;318
636934365374814214;14.05.2019 15:15:37;318
636934365375282888;14.05.2019 15:15:37;318
636934365375751451;14.05.2019 15:15:37;318
636934365376219178;14.05.2019 15:15:37;318
636934365376846092;14.05.2019 15:15:37;319
636934365377315179;14.05.2019 15:15:37;318
636934365377784737;14.05.2019 15:15:37;319
636934365378253378;14.05.2019 15:15:37;318
636934365378722002;14.05.2019 15:15:37;319
636934365379189809;14.05.2019 15:15:37;320
636934365379815505;14.05.2019 15:15:37;320
636934365380284154;14.05.2019 15:15:38;320
636934365380753335;14.05.2019 15:15:38;320
636934365381222893;14.05.2019 15:15:38;321
636934365381846849;14.05.2019 15:15:38;321
636934365382316376;14.05.2019 15:15:38;321
636934365382784133;14.05.2019 15:15:38;321
636934365383255223;14.05.2019 15:15:38;321
636934365383880589;14.05.2019 15:15:38;321
636934365384350790;14.05.2019 15:15:38;320
636934365384820730;14.05.2019 15:15:38;321
636934365385290277;14.05.2019 15:15:38;321
636934365385758915;14.05.2019 15:15:38;322
636934365386385278;14.05.2019 15:15:38;321
636934365386853933;14.05.2019 15:15:38;322
636934365387322915;14.05.2019 15:15:38;322
636934365387793708;14.05.2019 15:15:38;322
636934365388262360;14.05.2019 15:15:38;322
636934365388887180;14.05.2019 15:15:38;322
636934365389356112;14.05.2019 15:15:38;322
636934365389824745;14.05.2019 15:15:38;321
636934365390294280;14.05.2019 15:15:39;321
636934365390921772;14.05.2019 15:15:39;321
636934365391389781;14.05.2019 15:15:39;321
636934365391859045;14.05.2019 15:15:39;321
636934365392328013;14.05.2019 15:15:39;321
636934365392797562;14.05.2019 15:15:39;321
636934365393421526;14.05.2019 15:15:39;321
636934365393890608;14.05.2019 15:15:39;322
636934365394361371;14.05.2019 15:15:39;322
636934365394830333;14.05.2019 15:15:39;322
636934365395300345;14.05.2019 15:15:39;324
636934365395926578;14.05.2019 15:15:39;323
636934365396396131;14.05.2019 15:15:39;323
636934365396863882;14.05.2019 15:15:39;323
636934365397333759;14.05.2019 15:15:39;324
636934365397959840;14.05.2019 15:15:39;323
636934365398430630;14.05.2019 15:15:39;323
636934365398899260;14.05.2019 15:15:39;322
636934365399367020;14.05.2019 15:15:39;323
636934365399836556;14.05.2019 15:15:39;323
636934365400460511;14.05.2019 15:15:40;322
636934365400929596;14.05.2019 15:15:40;322
636934365401398674;14.05.2019 15:15:40;322
636934365401867323;14.05.2019 15:15:40;322
636934365402335964;14.05.2019 15:15:40;322
636934365402960848;14.05.2019 15:15:40;322
636934365403429461;14.05.2019 15:15:40;321
636934365403898088;14.05.2019 15:15:40;321
636934365404365845;14.05.2019 15:15:40;321
636934365404990699;14.05.2019 15:15:40;321
636934365405460193;14.05.2019 15:15:40;322
636934365405928870;14.05.2019 15:15:40;321
636934365406397483;14.05.2019 15:15:40;320
636934365407022367;14.05.2019 15:15:40;321
636934365407490999;14.05.2019 15:15:40;319
636934365407961350;14.05.2019 15:15:40;320
636934365408430894;14.05.2019 15:15:40;319
636934365408899836;14.05.2019 15:15:40;320
636934365409524989;14.05.2019 15:15:40;320
636934365409994256;14.05.2019 15:15:40;320
636934365410461988;14.05.2019 15:15:41;320
636934365410931543;14.05.2019 15:15:41;320
636934365411400129;14.05.2019 15:15:41;320
636934365412025018;14.05.2019 15:15:41;320
636934365412493665;14.05.2019 15:15:41;320
636934365412962303;14.05.2019 15:15:41;320
636934365413431370;14.05.2019 15:15:41;320
636934365414057119;14.05.2019 15:15:41;321
636934365414525782;14.05.2019 15:15:41;320
636934365414995650;14.05.2019 15:15:41;321
636934365415464695;14.05.2019 15:15:41;320
636934365415934605;14.05.2019 15:15:41;322
636934365416560375;14.05.2019 15:15:41;321
636934365417028121;14.05.2019 15:15:41;321
636934365417497643;14.05.2019 15:15:41;321
636934365417966248;14.05.2019 15:15:41;321
636934365418434495;14.05.2019 15:15:41;322
636934365419059806;14.05.2019 15:15:41;322
636934365419528414;14.05.2019 15:15:41;321
636934365419997060;14.05.2019 15:15:41;322
636934365420465709;14.05.2019 15:15:42;322
636934365421090538;14.05.2019 15:15:42;322
636934365421559190;14.05.2019 15:15:42;322
636934365422027825;14.05.2019 15:15:42;322
636934365422498197;14.05.2019 15:15:42;322
636934365423124231;14.05.2019 15:15:42;322
636934365423593770;14.05.2019 15:15:42;322
636934365424061532;14.05.2019 15:15:42;322
636934365424531046;14.05.2019 15:15:42;323
636934365424999700;14.05.2019 15:15:42;324
636934365425626177;14.05.2019 15:15:42;323
636934365426095234;14.05.2019 15:15:42;323
636934365426565066;14.05.2019 15:15:42;324
636934365427034690;14.05.2019 15:15:42;323
636934365427502558;14.05.2019 15:15:42;325
636934365428128645;14.05.2019 15:15:42;324
636934365428598551;14.05.2019 15:15:42;324
636934365429068431;14.05.2019 15:15:42;324
636934365429537983;14.05.2019 15:15:42;324
636934365430161997;14.05.2019 15:15:43;324
636934365430630585;14.05.2019 15:15:43;324
636934365431099226;14.05.2019 15:15:43;324
636934365431568792;14.05.2019 15:15:43;325
636934365432037386;14.05.2019 15:15:43;325
636934365432662251;14.05.2019 15:15:43;325
636934365433132584;14.05.2019 15:15:43;325
636934365433602134;14.05.2019 15:15:43;325
636934365434069932;14.05.2019 15:15:43;325
636934365434538742;14.05.2019 15:15:43;326
636934365435164311;14.05.2019 15:15:43;327
636934365435633242;14.05.2019 15:15:43;326
636934365436102864;14.05.2019 15:15:43;326
636934365436571466;14.05.2019 15:15:43;327
636934365437196397;14.05.2019 15:15:43;326
636934365437664046;14.05.2019 15:15:43;326
636934365438133656;14.05.2019 15:15:43;327
636934365438602502;14.05.2019 15:15:43;327
636934365439072423;14.05.2019 15:15:43;327
636934365439698194;14.05.2019 15:15:43;326
636934365440167114;14.05.2019 15:15:44;327
636934365440636664;14.05.2019 15:15:44;326
636934365441105305;14.05.2019 15:15:44;327
636934365441573946;14.05.2019 15:15:44;328
636934365442200029;14.05.2019 15:15:44;327
636934365442668728;14.05.2019 15:15:44;327
636934365443139162;14.05.2019 15:15:44;327
636934365443609944;14.05.2019 15:15:44;328
636934365444235091;14.05.2019 15:15:44;328
636934365444703729;14.05.2019 15:15:44;329
636934365445173537;14.05.2019 15:15:44;327
636934365445643061;14.05.2019 15:15:44;329
636934365446267347;14.05.2019 15:15:44;328
636934365446738046;14.05.2019 15:15:44;328
636934365447207086;14.05.2019 15:15:44;329
636934365447678201;14.05.2019 15:15:44;328
636934365448146858;14.05.2019 15:15:44;328
636934365448616073;14.05.2019 15:15:44;328
636934365449241838;14.05.2019 15:15:44;328
636934365449711720;14.05.2019 15:15:44;329
636934365450180358;14.05.2019 15:15:45;328
636934365450648960;14.05.2019 15:15:45;329
636934365451272960;14.05.2019 15:15:45;328
636934365451741598;14.05.2019 15:15:45;329
636934365452211461;14.05.2019 15:15:45;329
636934365452681074;14.05.2019 15:15:45;329
636934365453307437;14.05.2019 15:15:45;329
636934365453777336;14.05.2019 15:15:45;329
636934365454246304;14.05.2019 15:15:45;330
636934365454715839;14.05.2019 15:15:45;329
636934365455184804;14.05.2019 15:15:45;330
636934365455810633;14.05.2019 15:15:45;329
636934365456279277;14.05.2019 15:15:45;330
636934365456747918;14.05.2019 15:15:45;331
636934365457216556;14.05.2019 15:15:45;330
636934365457685579;14.05.2019 15:15:45;330
636934365458311349;14.05.2019 15:15:45;331
636934365458779095;14.05.2019 15:15:45;330
636934365459248016;14.05.2019 15:15:45;330
636934365459717275;14.05.2019 15:15:45;331
636934365460342178;14.05.2019 15:15:46;330
636934365460810810;14.05.2019 15:15:46;331
636934365461279000;14.05.2019 15:15:46;331
636934365461747139;14.05.2019 15:15:46;331
636934365462216669;14.05.2019 15:15:46;331
636934365462841595;14.05.2019 15:15:46;331
636934365463309582;14.05.2019 15:15:46;331
636934365463778832;14.05.2019 15:15:46;331
636934365464246561;14.05.2019 15:15:46;332
636934365464716094;14.05.2019 15:15:46;331
636934365465340053;14.05.2019 15:15:46;332
636934365465809589;14.05.2019 15:15:46;331
636934365466278736;14.05.2019 15:15:46;332
636934365466904493;14.05.2019 15:15:46;332
636934365467373475;14.05.2019 15:15:46;332
636934365467843033;14.05.2019 15:15:46;332
636934365468311660;14.05.2019 15:15:46;332
636934365468779417;14.05.2019 15:15:46;332
636934365469405556;14.05.2019 15:15:46;333
636934365469875183;14.05.2019 15:15:46;333
636934365470344148;14.05.2019 15:15:47;333
636934365470813686;14.05.2019 15:15:47;333
636934365471282626;14.05.2019 15:15:47;333
636934365471908394;14.05.2019 15:15:47;333
636934365472377487;14.05.2019 15:15:47;334
636934365472847050;14.05.2019 15:15:47;333
636934365473315671;14.05.2019 15:15:47;333
636934365473783478;14.05.2019 15:15:47;334
636934365474409166;14.05.2019 15:15:47;333
636934365474877829;14.05.2019 15:15:47;333
636934365475345561;14.05.2019 15:15:47;334
636934365475815850;14.05.2019 15:15:47;333
636934365476441684;14.05.2019 15:15:47;334
636934365476909369;14.05.2019 15:15:47;334
636934365477379282;14.05.2019 15:15:47;333
636934365477849181;14.05.2019 15:15:47;334
636934365478318738;14.05.2019 15:15:47;333
636934365478942694;14.05.2019 15:15:47;334
636934365479412241;14.05.2019 15:15:47;334
636934365479880896;14.05.2019 15:15:47;335
636934365480349501;14.05.2019 15:15:48;334
636934365480817476;14.05.2019 15:15:48;334
636934365481442989;14.05.2019 15:15:48;334
636934365481911636;14.05.2019 15:15:48;334
636934365482379384;14.05.2019 15:15:48;334
636934365483005124;14.05.2019 15:15:48;334
636934365483475189;14.05.2019 15:15:48;334
636934365483943791;14.05.2019 15:15:48;335
636934365484412726;14.05.2019 15:15:48;334
636934365484882619;14.05.2019 15:15:48;335
636934365485508656;14.05.2019 15:15:48;334
636934365485977928;14.05.2019 15:15:48;335
636934365486447472;14.05.2019 15:15:48;335
636934365486916110;14.05.2019 15:15:48;335
636934365487384757;14.05.2019 15:15:48;335
636934365488008721;14.05.2019 15:15:48;336
636934365488477362;14.05.2019 15:15:48;335
636934365488946858;14.05.2019 15:15:48;336
636934365489415524;14.05.2019 15:15:48;335
636934365489928846;14.05.2019 15:15:48;336
636934365490398371;14.05.2019 15:15:49;336
636934365491023274;14.05.2019 15:15:49;337
636934365491490967;14.05.2019 15:15:49;336
636934365491960497;14.05.2019 15:15:49;336
636934365492428476;14.05.2019 15:15:49;337
636934365492897776;14.05.2019 15:15:49;336
636934365493522644;14.05.2019 15:15:49;336
636934365493991282;14.05.2019 15:15:49;337
636934365494459022;14.05.2019 15:15:49;336
636934365494928577;14.05.2019 15:15:49;337
636934365495553766;14.05.2019 15:15:49;338
636934365496024532;14.05.2019 15:15:49;336
636934365496493145;14.05.2019 15:15:49;337
636934365496961800;14.05.2019 15:15:49;337
636934365497586102;14.05.2019 15:15:49;337
636934365498056144;14.05.2019 15:15:49;337
636934365498525688;14.05.2019 15:15:49;337
636934365498994623;14.05.2019 15:15:49;337
636934365499464197;14.05.2019 15:15:49;338
636934365500090589;14.05.2019 15:15:50;337
636934365500560130;14.05.2019 15:15:50;338
636934365501030053;14.05.2019 15:15:50;338
636934365501498694;14.05.2019 15:15:50;338
636934365501967360;14.05.2019 15:15:50;338
636934365502591299;14.05.2019 15:15:50;338
636934365503061223;14.05.2019 15:15:50;338
636934365503530839;14.05.2019 15:15:50;339
636934365503999568;14.05.2019 15:15:50;338
636934365504623372;14.05.2019 15:15:50;339
636934365505092010;14.05.2019 15:15:50;339
636934365505561540;14.05.2019 15:15:50;339
636934365506030178;14.05.2019 15:15:50;338
636934365506497943;14.05.2019 15:15:50;340
636934365507124894;14.05.2019 15:15:50;339
636934365507595092;14.05.2019 15:15:50;339
636934365508065409;14.05.2019 15:15:50;340
636934365508534950;14.05.2019 15:15:50;339
636934365509003594;14.05.2019 15:15:50;339
636934365509628464;14.05.2019 15:15:50;339
636934365510097088;14.05.2019 15:15:51;339
636934365510565735;14.05.2019 15:15:51;339
636934365511190344;14.05.2019 15:15:51;339
636934365511658337;14.05.2019 15:15:51;339
636934365512127025;14.05.2019 15:15:51;339
636934365512597757;14.05.2019 15:15:51;339
636934365513066670;14.05.2019 15:15:51;340
636934365513536596;14.05.2019 15:15:51;339
636934365514163738;14.05.2019 15:15:51;340
636934365514632371;14.05.2019 15:15:51;340
636934365515100108;14.05.2019 15:15:51;340
636934365515570021;14.05.2019 15:15:51;339
636934365516039532;14.05.2019 15:15:51;340
636934365516663692;14.05.2019 15:15:51;340
636934365517133059;14.05.2019 15:15:51;340
636934365517602096;14.05.2019 15:15:51;340
636934365518227856;14.05.2019 15:15:51;340
636934365518696557;14.05.2019 15:15:51;340
636934365519164531;14.05.2019 15:15:51;341
636934365519633803;14.05.2019 15:15:51;341
636934365520102424;14.05.2019 15:15:52;341
636934365520727256;14.05.2019 15:15:52;340
636934365521195946;14.05.2019 15:15:52;341
636934365521663665;14.05.2019 15:15:52;341
636934365522132306;14.05.2019 15:15:52;341
636934365522601827;14.05.2019 15:15:52;341
636934365523226695;14.05.2019 15:15:52;342
636934365523695327;14.05.2019 15:15:52;342
636934365524163971;14.05.2019 15:15:52;342
636934365524631720;14.05.2019 15:15:52;342
636934365525257424;14.05.2019 15:15:52;343
636934365525727320;14.05.2019 15:15:52;342
636934365526195958;14.05.2019 15:15:52;342
636934365526664587;14.05.2019 15:15:52;343
636934365527132702;14.05.2019 15:15:52;342
636934365527760110;14.05.2019 15:15:52;342
636934365528229108;14.05.2019 15:15:52;342
636934365528698264;14.05.2019 15:15:52;342
636934365529166096;14.05.2019 15:15:52;342
636934365529634692;14.05.2019 15:15:52;342
636934365530260480;14.05.2019 15:15:53;342
636934365530729406;14.05.2019 15:15:53;343
636934365531198961;14.05.2019 15:15:53;342
636934365531666710;14.05.2019 15:15:53;343
636934365532292450;14.05.2019 15:15:53;343
636934365532761088;14.05.2019 15:15:53;343
636934365533231441;14.05.2019 15:15:53;343
636934365533700101;14.05.2019 15:15:53;343
636934365534327556;14.05.2019 15:15:53;343
636934365534797086;14.05.2019 15:15:53;344
636934365535266386;14.05.2019 15:15:53;343
636934365535735953;14.05.2019 15:15:53;344
636934365536204834;14.05.2019 15:15:53;344
636934365536830583;14.05.2019 15:15:53;344
636934365537299232;14.05.2019 15:15:53;343
636934365537767873;14.05.2019 15:15:53;345
636934365538236514;14.05.2019 15:15:53;344
636934365538705154;14.05.2019 15:15:53;344
636934365539329451;14.05.2019 15:15:53;345
636934365539798649;14.05.2019 15:15:53;344
636934365540267686;14.05.2019 15:15:54;344
636934365540737252;14.05.2019 15:15:54;345
636934365541362385;14.05.2019 15:15:54;345
636934365541832298;14.05.2019 15:15:54;344
636934365542300939;14.05.2019 15:15:54;344
636934365542770472;14.05.2019 15:15:54;344
636934365543239110;14.05.2019 15:15:54;344
636934365543863938;14.05.2019 15:15:54;344
636934365544331712;14.05.2019 15:15:54;344
636934365544801281;14.05.2019 15:15:54;344
636934365545270301;14.05.2019 15:15:54;344
636934365545739299;14.05.2019 15:15:54;344
636934365546366779;14.05.2019 15:15:54;344
636934365546836321;14.05.2019 15:15:54;344
636934365547304964;14.05.2019 15:15:54;344
636934365547773602;14.05.2019 15:15:54;344
636934365548398514;14.05.2019 15:15:54;344
636934365548866210;14.05.2019 15:15:54;345
636934365549335740;14.05.2019 15:15:54;345
636934365549804384;14.05.2019 15:15:54;345
636934365550428611;14.05.2019 15:15:55;346
636934365550897875;14.05.2019 15:15:55;345
636934365551365630;14.05.2019 15:15:55;345
636934365551835154;14.05.2019 15:15:55;346
636934365552302909;14.05.2019 15:15:55;346
636934365552927759;14.05.2019 15:15:55;345
636934365553397356;14.05.2019 15:15:55;347
636934365553865044;14.05.2019 15:15:55;345
636934365554334571;14.05.2019 15:15:55;346
636934365554803209;14.05.2019 15:15:55;347
636934365555427171;14.05.2019 15:15:55;346
636934365555897028;14.05.2019 15:15:55;346
636934365556366574;14.05.2019 15:15:55;347
636934365556835235;14.05.2019 15:15:55;346
636934365557460069;14.05.2019 15:15:55;346
636934365557928039;14.05.2019 15:15:55;346
636934365558397699;14.05.2019 15:15:55;346
636934365558866919;14.05.2019 15:15:55;346
636934365559336497;14.05.2019 15:15:55;346
636934365559961649;14.05.2019 15:15:55;346
636934365560432648;14.05.2019 15:15:56;346
636934365560901275;14.05.2019 15:15:56;346
636934365561369303;14.05.2019 15:15:56;346
636934365561837955;14.05.2019 15:15:56;347
636934365562463429;14.05.2019 15:15:56;346
636934365562932109;14.05.2019 15:15:56;346
636934365563400996;14.05.2019 15:15:56;346
636934365563870546;14.05.2019 15:15:56;347
636934365564494505;14.05.2019 15:15:56;347
636934365564965686;14.05.2019 15:15:56;347
636934365565435593;14.05.2019 15:15:56;347
636934365565905999;14.05.2019 15:15:56;348
636934365566374662;14.05.2019 15:15:56;347
636934365566999997;14.05.2019 15:15:56;348
636934365567468358;14.05.2019 15:15:56;349
636934365567939385;14.05.2019 15:15:56;348
636934365568408937;14.05.2019 15:15:56;348
636934365568877201;14.05.2019 15:15:56;349
636934365569502071;14.05.2019 15:15:56;348
636934365569972036;14.05.2019 15:15:56;348
636934365570441591;14.05.2019 15:15:57;349
636934365570910631;14.05.2019 15:15:57;348
636934365571536393;14.05.2019 15:15:57;348
636934365572004142;14.05.2019 15:15:57;349
636934365572473694;14.05.2019 15:15:57;348
636934365572941424;14.05.2019 15:15:57;348
636934365573568535;14.05.2019 15:15:57;348
636934365574037187;14.05.2019 15:15:57;348
636934365574504867;14.05.2019 15:15:57;348
636934365574974455;14.05.2019 15:15:57;348
636934365575443104;14.05.2019 15:15:57;348
636934365576068913;14.05.2019 15:15:57;348
636934365576536870;14.05.2019 15:15:57;348
636934365577005505;14.05.2019 15:15:57;348
636934365577475102;14.05.2019 15:15:57;348
636934365577944114;14.05.2019 15:15:57;348
636934365578608584;14.05.2019 15:15:57;348
636934365578963260;14.05.2019 15:15:57;349
636934365579588141;14.05.2019 15:15:57;349
636934365580055896;14.05.2019 15:15:58;349
636934365580525445;14.05.2019 15:15:58;349
636934365580994094;14.05.2019 15:15:58;349
636934365581461815;14.05.2019 15:15:58;350
636934365582087536;14.05.2019 15:15:58;349
636934365582555825;14.05.2019 15:15:58;349
636934365583024832;14.05.2019 15:15:58;349
636934365583493500;14.05.2019 15:15:58;349
636934365584118323;14.05.2019 15:15:58;348
636934365584586972;14.05.2019 15:15:58;350
636934365585055607;14.05.2019 15:15:58;348
636934365585524633;14.05.2019 15:15:58;349
636934365585994249;14.05.2019 15:15:58;349
636934365586618795;14.05.2019 15:15:58;349
636934365587086788;14.05.2019 15:15:58;349
636934365587555418;14.05.2019 15:15:58;350
636934365588024075;14.05.2019 15:15:58;349
636934365588493619;14.05.2019 15:15:58;349
636934365589118442;14.05.2019 15:15:58;349
636934365589586202;14.05.2019 15:15:58;349
636934365590055724;14.05.2019 15:15:59;349
636934365590679691;14.05.2019 15:15:59;349
636934365591150473;14.05.2019 15:15:59;349
636934365591619264;14.05.2019 15:15:59;349
636934365592088808;14.05.2019 15:15:59;349
636934365592557449;14.05.2019 15:15:59;349
636934365593181418;14.05.2019 15:15:59;349
636934365593650937;14.05.2019 15:15:59;349
636934365594119581;14.05.2019 15:15:59;350
636934365594588219;14.05.2019 15:15:59;349
636934365595057356;14.05.2019 15:15:59;348
636934365595682226;14.05.2019 15:15:59;349
636934365596153352;14.05.2019 15:15:59;348
636934365596623131;14.05.2019 15:15:59;348
636934365597092684;14.05.2019 15:15:59;349
636934365597717773;14.05.2019 15:15:59;348
636934365598186436;14.05.2019 15:15:59;348
636934365598655974;14.05.2019 15:15:59;349
636934365599124834;14.05.2019 15:15:59;348
636934365599594611;14.05.2019 15:15:59;348
636934365600219486;14.05.2019 15:16:00;349
636934365600688390;14.05.2019 15:16:00;348
636934365601157646;14.05.2019 15:16:00;349
636934365601626326;14.05.2019 15:16:00;349
636934365602094967;14.05.2019 15:16:00;349
636934365602719817;14.05.2019 15:16:00;349
636934365603188619;14.05.2019 15:16:00;349
636934365603657102;14.05.2019 15:16:00;349
636934365604126064;14.05.2019 15:16:00;349
636934365604751943;14.05.2019 15:16:00;349
636934365605220581;14.05.2019 15:16:00;349
636934365605689219;14.05.2019 15:16:00;349
636934365606157873;14.05.2019 15:16:00;349
636934365606782666;14.05.2019 15:16:00;349
636934365607251312;14.05.2019 15:16:00;349
636934365607719945;14.05.2019 15:16:00;349
636934365608188605;14.05.2019 15:16:00;349
636934365608657282;14.05.2019 15:16:00;349
636934365609282484;14.05.2019 15:16:00;349
636934365609752065;14.05.2019 15:16:00;350
636934365610220708;14.05.2019 15:16:01;349
636934365610689346;14.05.2019 15:16:01;350
636934365611157984;14.05.2019 15:16:01;350
636934365611782879;14.05.2019 15:16:01;350
636934365612251479;14.05.2019 15:16:01;350
636934365612720081;14.05.2019 15:16:01;350
636934365613188719;14.05.2019 15:16:01;350
636934365613813597;14.05.2019 15:16:01;350
636934365614282213;14.05.2019 15:16:01;350
636934365614750857;14.05.2019 15:16:01;350
636934365615219495;14.05.2019 15:16:01;350
636934365615688213;14.05.2019 15:16:01;351
636934365616313050;14.05.2019 15:16:01;350
636934365616781804;14.05.2019 15:16:01;351
636934365617250628;14.05.2019 15:16:01;351
636934365617719560;14.05.2019 15:16:01;351
636934365618188865;14.05.2019 15:16:01;351
636934365618813677;14.05.2019 15:16:01;352
636934365619283651;14.05.2019 15:16:01;351
636934365619752247;14.05.2019 15:16:01;351
636934365620220243;14.05.2019 15:16:02;351
636934365620846005;14.05.2019 15:16:02;351
636934365621314640;14.05.2019 15:16:02;351
636934365621784990;14.05.2019 15:16:02;351
636934365622254878;14.05.2019 15:16:02;352
636934365622880707;14.05.2019 15:16:02;352
636934365623349663;14.05.2019 15:16:02;352
636934365623819293;14.05.2019 15:16:02;352
636934365624287884;14.05.2019 15:16:02;352
636934365624756522;14.05.2019 15:16:02;352
636934365625380456;14.05.2019 15:16:02;352
636934365625850305;14.05.2019 15:16:02;352
636934365626319893;14.05.2019 15:16:02;352
636934365626788819;14.05.2019 15:16:02;353
636934365627258427;14.05.2019 15:16:02;353
636934365627882339;14.05.2019 15:16:02;353
636934365628352182;14.05.2019 15:16:02;354
636934365628821845;14.05.2019 15:16:02;353
636934365629290491;14.05.2019 15:16:02;353
636934365629916927;14.05.2019 15:16:02;354
636934365630385889;14.05.2019 15:16:03;353
636934365630855428;14.05.2019 15:16:03;353
636934365631324068;14.05.2019 15:16:03;355
636934365631792756;14.05.2019 15:16:03;353
636934365632417995;14.05.2019 15:16:03;353
636934365632886652;14.05.2019 15:16:03;354
636934365633356546;14.05.2019 15:16:03;354
636934365633826211;14.05.2019 15:16:03;353
636934365634295060;14.05.2019 15:16:03;354
636934365634920903;14.05.2019 15:16:03;353
636934365635388574;14.05.2019 15:16:03;353
636934365635858367;14.05.2019 15:16:03;353
636934365636327906;14.05.2019 15:16:03;353
636934365636953125;14.05.2019 15:16:03;353
636934365637422708;14.05.2019 15:16:03;353
636934365637890426;14.05.2019 15:16:03;353
636934365638359989;14.05.2019 15:16:03;353
636934365638828638;14.05.2019 15:16:03;353
636934365639454794;14.05.2019 15:16:03;354
636934365639923216;14.05.2019 15:16:03;354
636934365640391145;14.05.2019 15:16:04;353
636934365640861118;14.05.2019 15:16:04;354
636934365641330662;14.05.2019 15:16:04;354
636934365641955510;14.05.2019 15:16:04;354
636934365642424151;14.05.2019 15:16:04;355
636934365642891911;14.05.2019 15:16:04;354
636934365643361433;14.05.2019 15:16:04;354
636934365643986328;14.05.2019 15:16:04;355
636934365644454927;14.05.2019 15:16:04;354
636934365644923585;14.05.2019 15:16:04;354
636934365645391580;14.05.2019 15:16:04;355
636934365646017076;14.05.2019 15:16:04;354
636934365646486077;14.05.2019 15:16:04;354
636934365646955677;14.05.2019 15:16:04;355
636934365647424298;14.05.2019 15:16:04;354
636934365647893000;14.05.2019 15:16:04;354
636934365648517823;14.05.2019 15:16:04;355
636934365648986483;14.05.2019 15:16:04;354
636934365649455085;14.05.2019 15:16:04;354
636934365649923737;14.05.2019 15:16:04;355
636934365650392369;14.05.2019 15:16:05;354
636934365651017229;14.05.2019 15:16:05;355
636934365651485814;14.05.2019 15:16:05;355
636934365651954458;14.05.2019 15:16:05;355
636934365652579411;14.05.2019 15:16:05;355
636934365653047952;14.05.2019 15:16:05;355
636934365653516626;14.05.2019 15:16:05;355
636934365653985311;14.05.2019 15:16:05;355
636934365654453894;14.05.2019 15:16:05;355
636934365655078179;14.05.2019 15:16:05;355
636934365655547779;14.05.2019 15:16:05;355
636934365656017353;14.05.2019 15:16:05;355
636934365656485936;14.05.2019 15:16:05;356
636934365656954599;14.05.2019 15:16:05;356
636934365657578677;14.05.2019 15:16:05;356
636934365658048221;14.05.2019 15:16:05;356
636934365658517144;14.05.2019 15:16:05;356
636934365658987007;14.05.2019 15:16:05;356
636934365659614323;14.05.2019 15:16:05;357
636934365660083942;14.05.2019 15:16:06;356
636934365660553012;14.05.2019 15:16:06;356
636934365661021673;14.05.2019 15:16:06;357
636934365661491560;14.05.2019 15:16:06;356
636934365662118971;14.05.2019 15:16:06;356
636934365662588617;14.05.2019 15:16:06;357
636934365663057549;14.05.2019 15:16:06;356
636934365663527171;14.05.2019 15:16:06;357
636934365663995809;14.05.2019 15:16:06;358
636934365664620582;14.05.2019 15:16:06;357
636934365665089225;14.05.2019 15:16:06;357
636934365665558293;14.05.2019 15:16:06;357
636934365666027884;14.05.2019 15:16:06;356
636934365666652699;14.05.2019 15:16:06;357
636934365667120448;14.05.2019 15:16:06;357
636934365667590008;14.05.2019 15:16:06;357
636934365668057954;14.05.2019 15:16:06;357
636934365668527290;14.05.2019 15:16:06;357
636934365669152498;14.05.2019 15:16:06;358
636934365669621155;14.05.2019 15:16:06;358
636934365670089796;14.05.2019 15:16:07;358
636934365670558448;14.05.2019 15:16:07;358
636934365671028036;14.05.2019 15:16:07;358
636934365671652812;14.05.2019 15:16:07;358
636934365672120769;14.05.2019 15:16:07;359
636934365672589595;14.05.2019 15:16:07;359
636934365673058782;14.05.2019 15:16:07;359
636934365673683660;14.05.2019 15:16:07;359
636934365674152274;14.05.2019 15:16:07;359
636934365674620909;14.05.2019 15:16:07;359
636934365675088619;14.05.2019 15:16:07;360
636934365675714359;14.05.2019 15:16:07;359
636934365676184330;14.05.2019 15:16:07;359
636934365676652959;14.05.2019 15:16:07;360
636934365677122855;14.05.2019 15:16:07;359
636934365677591064;14.05.2019 15:16:07;359
636934365678217242;14.05.2019 15:16:07;360
636934365678687270;14.05.2019 15:16:07;359
636934365679157305;14.05.2019 15:16:07;360
636934365679626843;14.05.2019 15:16:07;360
636934365680096387;14.05.2019 15:16:08;359
636934365680720357;14.05.2019 15:16:08;359
636934365681189898;14.05.2019 15:16:08;360
636934365681658567;14.05.2019 15:16:08;359
636934365682127216;14.05.2019 15:16:08;360
636934365682752064;14.05.2019 15:16:08;359
636934365683219771;14.05.2019 15:16:08;360
636934365683689432;14.05.2019 15:16:08;359
636934365684157986;14.05.2019 15:16:08;360
636934365684626622;14.05.2019 15:16:08;359
636934365685251539;14.05.2019 15:16:08;360
636934365685719448;14.05.2019 15:16:08;360
636934365686188754;14.05.2019 15:16:08;360
636934365686657392;14.05.2019 15:16:08;360
636934365687126044;14.05.2019 15:16:08;360
636934365687750889;14.05.2019 15:16:08;360
636934365688218596;14.05.2019 15:16:08;360
636934365688688171;14.05.2019 15:16:08;360
636934365689156809;14.05.2019 15:16:08;360
636934365689781668;14.05.2019 15:16:08;360
636934365690250334;14.05.2019 15:16:09;360
636934365690718944;14.05.2019 15:16:09;361
636934365691187582;14.05.2019 15:16:09;360
636934365691812749;14.05.2019 15:16:09;360
636934365692282337;14.05.2019 15:16:09;361
636934365692750978;14.05.2019 15:16:09;360
636934365693219616;14.05.2019 15:16:09;360
636934365693688257;14.05.2019 15:16:09;361
636934365694313113;14.05.2019 15:16:09;359
636934365694781798;14.05.2019 15:16:09;359
636934365695250395;14.05.2019 15:16:09;358
636934365695719036;14.05.2019 15:16:09;358
636934365696187671;14.05.2019 15:16:09;357
636934365696812527;14.05.2019 15:16:09;357
636934365697281171;14.05.2019 15:16:09;355
636934365697749812;14.05.2019 15:16:09;354
636934365698218450;14.05.2019 15:16:09;353
636934365698843298;14.05.2019 15:16:09;352
636934365699311936;14.05.2019 15:16:09;350
636934365699779651;14.05.2019 15:16:09;349
636934365700249220;14.05.2019 15:16:10;347
636934365700717861;14.05.2019 15:16:10;346
636934365701342792;14.05.2019 15:16:10;344
636934365701811430;14.05.2019 15:16:10;342
636934365702279245;14.05.2019 15:16:10;341
636934365702747905;14.05.2019 15:16:10;340
636934365703349187;14.05.2019 15:16:10;339
636934365703852415;14.05.2019 15:16:10;337
636934365704346548;14.05.2019 15:16:10;336
636934365704845394;14.05.2019 15:16:10;335
636934365705349368;14.05.2019 15:16:10;335
636934365705847706;14.05.2019 15:16:10;333
636934365706348533;14.05.2019 15:16:10;333
636934365706847065;14.05.2019 15:16:10;332
636934365707349723;14.05.2019 15:16:10;332
636934365707849175;14.05.2019 15:16:10;332
636934365708350201;14.05.2019 15:16:10;331
636934365708850310;14.05.2019 15:16:10;331
636934365709355699;14.05.2019 15:16:10;331
636934365709845028;14.05.2019 15:16:10;330
636934365710347267;14.05.2019 15:16:11;330
636934365710851083;14.05.2019 15:16:11;330
636934365711358072;14.05.2019 15:16:11;330
636934365711887471;14.05.2019 15:16:11;330
636934365712359797;14.05.2019 15:16:11;330
636934365712949029;14.05.2019 15:16:11;330
636934365713398251;14.05.2019 15:16:11;330
636934365713847761;14.05.2019 15:16:11;330
636934365714450547;14.05.2019 15:16:11;331
636934365714955839;14.05.2019 15:16:11;331
636934365715447274;14.05.2019 15:16:11;331
636934365715846997;14.05.2019 15:16:11;331
636934365716447555;14.05.2019 15:16:11;331
636934365716967025;14.05.2019 15:16:11;331
636934365717450333;14.05.2019 15:16:11;332
636934365717987229;14.05.2019 15:16:11;331
636934365718450825;14.05.2019 15:16:11;332
636934365718946576;14.05.2019 15:16:11;332
636934365719451062;14.05.2019 15:16:11;332
636934365719950659;14.05.2019 15:16:11;332
636934365720449332;14.05.2019 15:16:12;333
636934365720947097;14.05.2019 15:16:12;333
636934365721447702;14.05.2019 15:16:12;333
636934365721955654;14.05.2019 15:16:12;334
636934365722447673;14.05.2019 15:16:12;333
636934365722948846;14.05.2019 15:16:12;333
636934365723451490;14.05.2019 15:16:12;334
636934365723949247;14.05.2019 15:16:12;333
636934365724447023;14.05.2019 15:16:12;332
636934365725035429;14.05.2019 15:16:12;333
636934365725451100;14.05.2019 15:16:12;332
636934365725948602;14.05.2019 15:16:12;331
636934365726450567;14.05.2019 15:16:12;330
636934365726950476;14.05.2019 15:16:12;329
636934365727450161;14.05.2019 15:16:12;327
636934365727946264;14.05.2019 15:16:12;326
636934365728547806;14.05.2019 15:16:12;323
636934365729049857;14.05.2019 15:16:12;322
636934365729447075;14.05.2019 15:16:12;319
636934365729949899;14.05.2019 15:16:12;318
636934365730547518;14.05.2019 15:16:13;315
636934365731057385;14.05.2019 15:16:13;314
636934365731447938;14.05.2019 15:16:13;312
636934365732057162;14.05.2019 15:16:13;311
636934365732546923;14.05.2019 15:16:13;309
636934365733057097;14.05.2019 15:16:13;308
636934365733547238;14.05.2019 15:16:13;307
636934365734059044;14.05.2019 15:16:13;306
636934365734549168;14.05.2019 15:16:13;305
636934365735061237;14.05.2019 15:16:13;303
636934365735545789;14.05.2019 15:16:13;302
636934365736060521;14.05.2019 15:16:13;302
636934365736546714;14.05.2019 15:16:13;300
636934365737061116;14.05.2019 15:16:13;299
636934365737550514;14.05.2019 15:16:13;300
636934365738061816;14.05.2019 15:16:13;298
636934365738590528;14.05.2019 15:16:13;298
636934365739062937;14.05.2019 15:16:13;297
636934365739547785;14.05.2019 15:16:13;297
636934365740065709;14.05.2019 15:16:14;297
636934365740551192;14.05.2019 15:16:14;296
636934365741067171;14.05.2019 15:16:14;296
636934365741546888;14.05.2019 15:16:14;295
636934365742068918;14.05.2019 15:16:14;294
636934365742550292;14.05.2019 15:16:14;294
636934365743136859;14.05.2019 15:16:14;292
636934365743559747;14.05.2019 15:16:14;291
636934365744073326;14.05.2019 15:16:14;289
636934365744561743;14.05.2019 15:16:14;287
636934365745100089;14.05.2019 15:16:14;284
636934365745599885;14.05.2019 15:16:14;282
636934365746100800;14.05.2019 15:16:14;279
636934365746599978;14.05.2019 15:16:14;276
636934365747097313;14.05.2019 15:16:14;273
636934365747599556;14.05.2019 15:16:14;270
636934365748097431;14.05.2019 15:16:14;268
636934365748595260;14.05.2019 15:16:14;266
636934365749096028;14.05.2019 15:16:14;264
636934365749597439;14.05.2019 15:16:14;263
636934365750093742;14.05.2019 15:16:15;260
636934365750594640;14.05.2019 15:16:15;258
636934365751140737;14.05.2019 15:16:15;257
636934365751693944;14.05.2019 15:16:15;254
636934365752095798;14.05.2019 15:16:15;252
636934365752598807;14.05.2019 15:16:15;251
636934365753197064;14.05.2019 15:16:15;248
636934365753697239;14.05.2019 15:16:15;247
636934365754195112;14.05.2019 15:16:15;246
636934365754636202;14.05.2019 15:16:15;244
636934365755195773;14.05.2019 15:16:15;243
636934365755703299;14.05.2019 15:16:15;240
636934365756196260;14.05.2019 15:16:15;239
636934365756702583;14.05.2019 15:16:15;238
636934365757195256;14.05.2019 15:16:15;237
636934365757703186;14.05.2019 15:16:15;236
636934365758197310;14.05.2019 15:16:15;235
636934365758704021;14.05.2019 15:16:15;234
636934365759194901;14.05.2019 15:16:15;233
636934365759696102;14.05.2019 15:16:15;233
636934365760199125;14.05.2019 15:16:16;233
636934365760706626;14.05.2019 15:16:16;233
636934365761196534;14.05.2019 15:16:16;233
636934365761706617;14.05.2019 15:16:16;233
636934365762196491;14.05.2019 15:16:16;235
636934365762707278;14.05.2019 15:16:16;235
636934365763199208;14.05.2019 15:16:16;235
636934365763696574;14.05.2019 15:16:16;237
636934365764195059;14.05.2019 15:16:16;237
636934365764694991;14.05.2019 15:16:16;238
636934365765197106;14.05.2019 15:16:16;238
636934365765711151;14.05.2019 15:16:16;238
636934365766195899;14.05.2019 15:16:16;239
636934365766694687;14.05.2019 15:16:16;239
636934365767295747;14.05.2019 15:16:16;239
636934365767795576;14.05.2019 15:16:16;239
636934365768196933;14.05.2019 15:16:16;240
636934365768695632;14.05.2019 15:16:16;239
636934365769298587;14.05.2019 15:16:16;239
636934365769799463;14.05.2019 15:16:16;239
636934365770294740;14.05.2019 15:16:17;240
636934365770798839;14.05.2019 15:16:17;239
636934365771295859;14.05.2019 15:16:17;240
636934365771795948;14.05.2019 15:16:17;240
636934365772295929;14.05.2019 15:16:17;240
636934365772795155;14.05.2019 15:16:17;240
636934365773295571;14.05.2019 15:16:17;240
636934365773799287;14.05.2019 15:16:17;240
636934365774297171;14.05.2019 15:16:17;241
636934365774798441;14.05.2019 15:16:17;241
636934365775298533;14.05.2019 15:16:17;241
636934365775799362;14.05.2019 15:16:17;242
636934365776297163;14.05.2019 15:16:17;241
636934365776799913;14.05.2019 15:16:17;242
636934365777295774;14.05.2019 15:16:17;241
636934365777795742;14.05.2019 15:16:17;241
636934365778296532;14.05.2019 15:16:17;241
636934365778796361;14.05.2019 15:16:17;241
636934365779296484;14.05.2019 15:16:17;241
636934365779800411;14.05.2019 15:16:17;241
636934365780296591;14.05.2019 15:16:18;242
636934365780796392;14.05.2019 15:16:18;241
636934365781296742;14.05.2019 15:16:18;242
636934365781799755;14.05.2019 15:16:18;242
636934365782298611;14.05.2019 15:16:18;242
636934365782798091;14.05.2019 15:16:18;242
636934365783396882;14.05.2019 15:16:18;242
636934365783799819;14.05.2019 15:16:18;242
636934365784295808;14.05.2019 15:16:18;242
636934365784796205;14.05.2019 15:16:18;243
636934365785398321;14.05.2019 15:16:18;243
636934365785899208;14.05.2019 15:16:18;243
636934365786331147;14.05.2019 15:16:18;244
636934365786908220;14.05.2019 15:16:18;243
636934365787398257;14.05.2019 15:16:18;243
636934365787897302;14.05.2019 15:16:18;244
636934365788397968;14.05.2019 15:16:18;243
636934365788896337;14.05.2019 15:16:18;243
636934365789394789;14.05.2019 15:16:18;244
636934365789904340;14.05.2019 15:16:18;243
636934365790398839;14.05.2019 15:16:19;244
636934365790895412;14.05.2019 15:16:19;244
636934365791396743;14.05.2019 15:16:19;244
636934365791895683;14.05.2019 15:16:19;245
636934365792398939;14.05.2019 15:16:19;245
636934365792899416;14.05.2019 15:16:19;246
636934365793395538;14.05.2019 15:16:19;247
636934365793894869;14.05.2019 15:16:19;247
636934365794395299;14.05.2019 15:16:19;247
636934365794895610;14.05.2019 15:16:19;248
636934365795396451;14.05.2019 15:16:19;248
636934365795902646;14.05.2019 15:16:19;247
636934365796395535;14.05.2019 15:16:19;248
636934365796905058;14.05.2019 15:16:19;247
636934365797397183;14.05.2019 15:16:19;248
636934365797895269;14.05.2019 15:16:19;249
636934365798395979;14.05.2019 15:16:19;249
636934365798895500;14.05.2019 15:16:19;248
636934365799495183;14.05.2019 15:16:19;249
636934365799895926;14.05.2019 15:16:19;249
636934365800396489;14.05.2019 15:16:20;249
636934365800999378;14.05.2019 15:16:20;249
636934365801497184;14.05.2019 15:16:20;249
636934365801996789;14.05.2019 15:16:20;249
636934365802394733;14.05.2019 15:16:20;250
636934365802997201;14.05.2019 15:16:20;251
636934365803496598;14.05.2019 15:16:20;250
636934365803995055;14.05.2019 15:16:20;250
636934365804495272;14.05.2019 15:16:20;251
636934365804997786;14.05.2019 15:16:20;250
636934365805497499;14.05.2019 15:16:20;250
636934365805995405;14.05.2019 15:16:20;252
636934365806498966;14.05.2019 15:16:20;250
636934365806994500;14.05.2019 15:16:20;251
636934365807494061;14.05.2019 15:16:20;252
636934365807999409;14.05.2019 15:16:20;251
636934365808496002;14.05.2019 15:16:20;252
636934365808964687;14.05.2019 15:16:20;252
636934365809494217;14.05.2019 15:16:20;252
636934365810000484;14.05.2019 15:16:21;252
636934365810495606;14.05.2019 15:16:21;252
636934365810995408;14.05.2019 15:16:21;252
636934365811497259;14.05.2019 15:16:21;252
636934365811997360;14.05.2019 15:16:21;252
636934365812495369;14.05.2019 15:16:21;252
636934365812997176;14.05.2019 15:16:21;251
636934365813497168;14.05.2019 15:16:21;251
636934365813994412;14.05.2019 15:16:21;250
636934365814498561;14.05.2019 15:16:21;250
636934365815094972;14.05.2019 15:16:21;249
636934365815499053;14.05.2019 15:16:21;249
636934365815995543;14.05.2019 15:16:21;249
636934365816499021;14.05.2019 15:16:21;249
636934365817095560;14.05.2019 15:16:21;248
636934365817599844;14.05.2019 15:16:21;249
636934365818094245;14.05.2019 15:16:21;248
636934365818595665;14.05.2019 15:16:21;249
636934365819101899;14.05.2019 15:16:21;248
636934365819599093;14.05.2019 15:16:21;248
636934365820098947;14.05.2019 15:16:22;247
636934365820594025;14.05.2019 15:16:22;247
636934365821095178;14.05.2019 15:16:22;247
636934365821593212;14.05.2019 15:16:22;248
636934365822095493;14.05.2019 15:16:22;247
636934365822598949;14.05.2019 15:16:22;248
636934365823098046;14.05.2019 15:16:22;247
636934365823599150;14.05.2019 15:16:22;248
636934365824095568;14.05.2019 15:16:22;248
636934365824599515;14.05.2019 15:16:22;249
636934365825095686;14.05.2019 15:16:22;249
636934365825595765;14.05.2019 15:16:22;249
636934365826107895;14.05.2019 15:16:22;250
636934365826596974;14.05.2019 15:16:22;250
636934365827097089;14.05.2019 15:16:22;251
636934365827596741;14.05.2019 15:16:22;251
636934365828105981;14.05.2019 15:16:22;251
636934365828597997;14.05.2019 15:16:22;253
636934365829111117;14.05.2019 15:16:22;252
636934365829634307;14.05.2019 15:16:22;253
636934365830096443;14.05.2019 15:16:23;254
636934365830599331;14.05.2019 15:16:23;254
636934365831199631;14.05.2019 15:16:23;254
636934365831595453;14.05.2019 15:16:23;255
636934365832095673;14.05.2019 15:16:23;255
636934365832594918;14.05.2019 15:16:23;255
636934365833195662;14.05.2019 15:16:23;256
636934365833698871;14.05.2019 15:16:23;256
636934365834094834;14.05.2019 15:16:23;257
636934365834699235;14.05.2019 15:16:23;257
636934365835197848;14.05.2019 15:16:23;258
636934365835695599;14.05.2019 15:16:23;258
636934365836198193;14.05.2019 15:16:23;259
636934365836697083;14.05.2019 15:16:23;258
636934365837195995;14.05.2019 15:16:23;259
636934365837695209;14.05.2019 15:16:23;259
636934365838196870;14.05.2019 15:16:23;260
636934365838695779;14.05.2019 15:16:23;260
636934365839198672;14.05.2019 15:16:23;262
636934365839696628;14.05.2019 15:16:23;260
636934365840197455;14.05.2019 15:16:24;261
636934365840697237;14.05.2019 15:16:24;262
636934365841195115;14.05.2019 15:16:24;263
636934365841695964;14.05.2019 15:16:24;262
636934365842197791;14.05.2019 15:16:24;263
636934365842695126;14.05.2019 15:16:24;264
636934365843197798;14.05.2019 15:16:24;263
636934365843697779;14.05.2019 15:16:24;264
636934365844196741;14.05.2019 15:16:24;265
636934365844697332;14.05.2019 15:16:24;264
636934365845198832;14.05.2019 15:16:24;264
636934365845697785;14.05.2019 15:16:24;265
636934365846194046;14.05.2019 15:16:24;265
636934365846693609;14.05.2019 15:16:24;265
636934365847295237;14.05.2019 15:16:24;265
636934365847698639;14.05.2019 15:16:24;265
636934365848195299;14.05.2019 15:16:24;266
636934365848796777;14.05.2019 15:16:24;265
636934365849297060;14.05.2019 15:16:24;266
636934365849796252;14.05.2019 15:16:24;266
636934365850195261;14.05.2019 15:16:25;266
636934365850795254;14.05.2019 15:16:25;266
636934365851296166;14.05.2019 15:16:25;267
636934365851797627;14.05.2019 15:16:25;267
636934365852295772;14.05.2019 15:16:25;267
636934365852799355;14.05.2019 15:16:25;267
636934365853318043;14.05.2019 15:16:25;267
636934365853794416;14.05.2019 15:16:25;268
636934365854295828;14.05.2019 15:16:25;268
636934365854794942;14.05.2019 15:16:25;269
636934365855306324;14.05.2019 15:16:25;268
636934365855797797;14.05.2019 15:16:25;269
636934365856298743;14.05.2019 15:16:25;269
636934365856794665;14.05.2019 15:16:25;271
636934365857296727;14.05.2019 15:16:25;270
636934365857850704;14.05.2019 15:16:25;270
636934365858319068;14.05.2019 15:16:25;271
636934365858792588;14.05.2019 15:16:25;271
636934365859295387;14.05.2019 15:16:25;271
636934365859796737;14.05.2019 15:16:25;272
636934365860302900;14.05.2019 15:16:26;272
636934365860795752;14.05.2019 15:16:26;272
636934365861348294;14.05.2019 15:16:26;273
636934365861796206;14.05.2019 15:16:26;273
636934365862296248;14.05.2019 15:16:26;273
636934365862900134;14.05.2019 15:16:26;273
636934365863307407;14.05.2019 15:16:26;274
636934365863799445;14.05.2019 15:16:26;274
636934365864295398;14.05.2019 15:16:26;273
636934365864904166;14.05.2019 15:16:26;274
636934365865400773;14.05.2019 15:16:26;275
636934365865793256;14.05.2019 15:16:26;275
636934365866401636;14.05.2019 15:16:26;276
636934365866896517;14.05.2019 15:16:26;275
636934365867401563;14.05.2019 15:16:26;275
636934365867895912;14.05.2019 15:16:26;276
636934365868401138;14.05.2019 15:16:26;277
636934365868895110;14.05.2019 15:16:26;277
636934365869404423;14.05.2019 15:16:26;277
636934365869896727;14.05.2019 15:16:26;277
636934365870407813;14.05.2019 15:16:27;278
636934365870905910;14.05.2019 15:16:27;278
636934365871407872;14.05.2019 15:16:27;278
636934365871897173;14.05.2019 15:16:27;278
636934365872407966;14.05.2019 15:16:27;280
636934365872897061;14.05.2019 15:16:27;278
636934365873409103;14.05.2019 15:16:27;279
636934365873894841;14.05.2019 15:16:27;280
636934365874412369;14.05.2019 15:16:27;280
636934365874895796;14.05.2019 15:16:27;280
636934365875411988;14.05.2019 15:16:27;280
636934365875897000;14.05.2019 15:16:27;279
636934365876412693;14.05.2019 15:16:27;280
636934365876895819;14.05.2019 15:16:27;280
636934365877483832;14.05.2019 15:16:27;280
636934365877895804;14.05.2019 15:16:27;281
636934365878411746;14.05.2019 15:16:27;281
636934365878998477;14.05.2019 15:16:27;280
636934365879489739;14.05.2019 15:16:27;281
636934365879897140;14.05.2019 15:16:27;281
636934365880488522;14.05.2019 15:16:28;282
636934365880995449;14.05.2019 15:16:28;282
636934365881488252;14.05.2019 15:16:28;281
636934365881895118;14.05.2019 15:16:28;282
636934365882489284;14.05.2019 15:16:28;282
636934365882996824;14.05.2019 15:16:28;282
636934365883483163;14.05.2019 15:16:28;283
636934365883994595;14.05.2019 15:16:28;282
636934365884486606;14.05.2019 15:16:28;283
636934365884997171;14.05.2019 15:16:28;284
636934365885485635;14.05.2019 15:16:28;283
636934365885995075;14.05.2019 15:16:28;284
636934365886484221;14.05.2019 15:16:28;284
636934365886994046;14.05.2019 15:16:28;284
636934365887483264;14.05.2019 15:16:28;285
636934365887998758;14.05.2019 15:16:28;285
636934365888486964;14.05.2019 15:16:28;285
636934365888997551;14.05.2019 15:16:28;286
636934365889486675;14.05.2019 15:16:28;286
636934365889995181;14.05.2019 15:16:28;286
636934365890483529;14.05.2019 15:16:29;286
636934365890998029;14.05.2019 15:16:29;287
636934365891483301;14.05.2019 15:16:29;286
636934365892004084;14.05.2019 15:16:29;287
636934365892484796;14.05.2019 15:16:29;287
636934365893005751;14.05.2019 15:16:29;288
636934365893484277;14.05.2019 15:16:29;287
636934365894000086;14.05.2019 15:16:29;287
636934365894497078;14.05.2019 15:16:29;288
636934365895094539;14.05.2019 15:16:29;288
636934365895484962;14.05.2019 15:16:29;288
636934365896038254;14.05.2019 15:16:29;289
636934365896603236;14.05.2019 15:16:29;289
636934365897094396;14.05.2019 15:16:29;289
636934365897483907;14.05.2019 15:16:29;290
636934365897950096;14.05.2019 15:16:29;290
636934365898577814;14.05.2019 15:16:29;290
636934365899075418;14.05.2019 15:16:29;291
636934365899577597;14.05.2019 15:16:29;291
636934365900077836;14.05.2019 15:16:30;291
636934365900576690;14.05.2019 15:16:30;291
636934365901077311;14.05.2019 15:16:30;291
636934365901579127;14.05.2019 15:16:30;291
636934365902077011;14.05.2019 15:16:30;292
636934365902575310;14.05.2019 15:16:30;291
636934365903077442;14.05.2019 15:16:30;291
636934365903577346;14.05.2019 15:16:30;292
636934365904076936;14.05.2019 15:16:30;291
636934365904577852;14.05.2019 15:16:30;291
636934365905078886;14.05.2019 15:16:30;292
636934365905579103;14.05.2019 15:16:30;292
636934365906080877;14.05.2019 15:16:30;291
636934365906580562;14.05.2019 15:16:30;292
636934365907178990;14.05.2019 15:16:30;291
636934365907572858;14.05.2019 15:16:30;291
636934365908078206;14.05.2019 15:16:30;291
636934365908571267;14.05.2019 15:16:30;291
636934365909177674;14.05.2019 15:16:30;291
636934365909677680;14.05.2019 15:16:30;291
636934365910079287;14.05.2019 15:16:31;292
636934365910677527;14.05.2019 15:16:31;291
636934365911180548;14.05.2019 15:16:31;291
636934365911677052;14.05.2019 15:16:31;291
636934365912077285;14.05.2019 15:16:31;291
636934365912676896;14.05.2019 15:16:31;291
636934365913180252;14.05.2019 15:16:31;292
636934365913680150;14.05.2019 15:16:31;292
636934365914177602;14.05.2019 15:16:31;292
636934365914677002;14.05.2019 15:16:31;293
636934365915177424;14.05.2019 15:16:31;292
636934365915678012;14.05.2019 15:16:31;292
636934365916177018;14.05.2019 15:16:31;293
636934365916679208;14.05.2019 15:16:31;293
636934365917185982;14.05.2019 15:16:31;293
636934365917676965;14.05.2019 15:16:31;294
636934365918176221;14.05.2019 15:16:31;294
636934365918680441;14.05.2019 15:16:31;294
636934365919219770;14.05.2019 15:16:31;294
636934365919679362;14.05.2019 15:16:31;294
636934365920188074;14.05.2019 15:16:32;294
636934365920677333;14.05.2019 15:16:32;294
636934365921177406;14.05.2019 15:16:32;294
636934365921677282;14.05.2019 15:16:32;293
636934365922177039;14.05.2019 15:16:32;293
636934365922676674;14.05.2019 15:16:32;293
636934365923177188;14.05.2019 15:16:32;293
636934365923677745;14.05.2019 15:16:32;291
636934365924178896;14.05.2019 15:16:32;291
636934365924778349;14.05.2019 15:16:32;290
636934365925279533;14.05.2019 15:16:32;289
636934365925775580;14.05.2019 15:16:32;288
636934365926177060;14.05.2019 15:16:32;286
636934365926779388;14.05.2019 15:16:32;285
636934365927277904;14.05.2019 15:16:32;284
636934365927778271;14.05.2019 15:16:32;282
636934365928276723;14.05.2019 15:16:32;280
636934365928778367;14.05.2019 15:16:32;279
636934365929278201;14.05.2019 15:16:32;276
636934365929778609;14.05.2019 15:16:32;274
636934365930279547;14.05.2019 15:16:33;273
636934365930779500;14.05.2019 15:16:33;271
636934365931280158;14.05.2019 15:16:33;269
636934365931776701;14.05.2019 15:16:33;268
636934365932236811;14.05.2019 15:16:33;266
636934365932796185;14.05.2019 15:16:33;264
636934365933264823;14.05.2019 15:16:33;262
636934365933733453;14.05.2019 15:16:33;260
636934365934202091;14.05.2019 15:16:33;259
636934365934826022;14.05.2019 15:16:33;257
636934365935295549;14.05.2019 15:16:33;256
636934365935764512;14.05.2019 15:16:33;255
636934365936234061;14.05.2019 15:16:33;253
636934365936701813;14.05.2019 15:16:33;254
636934365937326661;14.05.2019 15:16:33;253
636934365937796490;14.05.2019 15:16:33;253
636934365938266042;14.05.2019 15:16:33;252
636934365938734680;14.05.2019 15:16:33;253
636934365939359692;14.05.2019 15:16:33;252
636934365939828698;14.05.2019 15:16:33;253
636934365940298301;14.05.2019 15:16:34;253
636934365940767839;14.05.2019 15:16:34;253
636934365941236837;14.05.2019 15:16:34;254
636934365941861760;14.05.2019 15:16:34;253
636934365942331720;14.05.2019 15:16:34;254
636934365942801266;14.05.2019 15:16:34;255
636934365943270193;14.05.2019 15:16:34;254
636934365943739138;14.05.2019 15:16:34;254
636934365944364590;14.05.2019 15:16:34;256
636934365944834910;14.05.2019 15:16:34;256
636934365945304465;14.05.2019 15:16:34;256
636934365945773455;14.05.2019 15:16:34;257
636934365946399214;14.05.2019 15:16:34;257
636934365946866969;14.05.2019 15:16:34;258
636934365947336510;14.05.2019 15:16:34;259
636934365947805494;14.05.2019 15:16:34;258
636934365948274750;14.05.2019 15:16:34;259
636934365948900141;14.05.2019 15:16:34;260
636934365949369721;14.05.2019 15:16:34;260
636934365949838002;14.05.2019 15:16:34;261
636934365950307200;14.05.2019 15:16:35;261
636934365950777065;14.05.2019 15:16:35;262
636934365951404013;14.05.2019 15:16:35;263
636934365951872925;14.05.2019 15:16:35;263
636934365952342827;14.05.2019 15:16:35;264
636934365952968874;14.05.2019 15:16:35;264
636934365953438784;14.05.2019 15:16:35;265
636934365953908334;14.05.2019 15:16:35;266
636934365954377393;14.05.2019 15:16:35;266
636934365954848563;14.05.2019 15:16:35;266
636934365955318127;14.05.2019 15:16:35;267
636934365955942966;14.05.2019 15:16:35;267
636934365956411604;14.05.2019 15:16:35;267
636934365956881719;14.05.2019 15:16:35;269
636934365957350429;14.05.2019 15:16:35;268
636934365957819023;14.05.2019 15:16:35;268
636934365958444769;14.05.2019 15:16:35;269
636934365958913423;14.05.2019 15:16:35;268
636934365959382050;14.05.2019 15:16:35;269
636934365960006012;14.05.2019 15:16:36;270
636934365960476703;14.05.2019 15:16:36;269
636934365960945765;14.05.2019 15:16:36;270
636934365961415647;14.05.2019 15:16:36;270
636934365961884318;14.05.2019 15:16:36;270
636934365962509163;14.05.2019 15:16:36;270
636934365962979103;14.05.2019 15:16:36;271
636934365963449077;14.05.2019 15:16:36;270
636934365963918629;14.05.2019 15:16:36;271
636934365964387541;14.05.2019 15:16:36;271
636934365965012417;14.05.2019 15:16:36;271
636934365965481936;14.05.2019 15:16:36;271
636934365965950577;14.05.2019 15:16:36;271
636934365966419218;14.05.2019 15:16:36;272
636934365967044440;14.05.2019 15:16:36;272
636934365967513915;14.05.2019 15:16:36;272
636934365967983135;14.05.2019 15:16:36;273
636934365968452662;14.05.2019 15:16:36;273
636934365968921644;14.05.2019 15:16:36;274
636934365969548747;14.05.2019 15:16:36;274
636934365970017313;14.05.2019 15:16:37;274
636934365970485959;14.05.2019 15:16:37;274
636934365970955880;14.05.2019 15:16:37;275
636934365971423626;14.05.2019 15:16:37;274
636934365972050710;14.05.2019 15:16:37;275
636934365972519370;14.05.2019 15:16:37;276
636934365972987980;14.05.2019 15:16:37;275
636934365973456893;14.05.2019 15:16:37;276
636934365974082669;14.05.2019 15:16:37;277
636934365974550791;14.05.2019 15:16:37;276
636934365975019421;14.05.2019 15:16:37;276
636934365975488973;14.05.2019 15:16:37;277
636934365975957609;14.05.2019 15:16:37;277
636934365976584111;14.05.2019 15:16:37;277
636934365977053735;14.05.2019 15:16:37;277
636934365977522672;14.05.2019 15:16:37;278
636934365977992230;14.05.2019 15:16:37;278
636934365978461256;14.05.2019 15:16:37;278
636934365979088287;14.05.2019 15:16:37;278
636934365979558150;14.05.2019 15:16:37;279
636934365980027364;14.05.2019 15:16:38;279
636934365980496914;14.05.2019 15:16:38;278
636934365980965546;14.05.2019 15:16:38;279
636934365981590688;14.05.2019 15:16:38;279
636934365982060243;14.05.2019 15:16:38;279
636934365982528876;14.05.2019 15:16:38;280
636934365983155425;14.05.2019 15:16:38;280
636934365983624963;14.05.2019 15:16:38;281
636934365984093629;14.05.2019 15:16:38;280
636934365984562286;14.05.2019 15:16:38;281
636934365985030049;14.05.2019 15:16:38;282
636934365985655102;14.05.2019 15:16:38;281
636934365986124380;14.05.2019 15:16:38;281
636934365986593018;14.05.2019 15:16:38;283
636934365987061664;14.05.2019 15:16:38;282
636934365987530314;14.05.2019 15:16:38;282
636934365988154269;14.05.2019 15:16:38;283
636934365988623802;14.05.2019 15:16:38;282
636934365989092440;14.05.2019 15:16:38;283
636934365989561123;14.05.2019 15:16:38;283
636934365990185045;14.05.2019 15:16:39;282
636934365990653686;14.05.2019 15:16:39;283
636934365991123216;14.05.2019 15:16:39;283
636934365991592112;14.05.2019 15:16:39;284
636934365992060772;14.05.2019 15:16:39;283
636934365992685618;14.05.2019 15:16:39;284
636934365993155882;14.05.2019 15:16:39;284
636934365993625520;14.05.2019 15:16:39;284
636934365994094083;14.05.2019 15:16:39;284
636934365994562669;14.05.2019 15:16:39;284
636934365995186907;14.05.2019 15:16:39;285
636934365995656241;14.05.2019 15:16:39;285
636934365996124834;14.05.2019 15:16:39;285
636934365996593481;14.05.2019 15:16:39;285
636934365997218329;14.05.2019 15:16:39;286
636934365997686981;14.05.2019 15:16:39;286
636934365998155613;14.05.2019 15:16:39;286
636934365998624248;14.05.2019 15:16:39;286
636934365999249814;14.05.2019 15:16:39;286
636934365999719325;14.05.2019 15:16:39;286
636934366000189185;14.05.2019 15:16:40;287
636934366000659045;14.05.2019 15:16:40;287
636934366001128586;14.05.2019 15:16:40;287
636934366001752555;14.05.2019 15:16:40;287
636934366002221199;14.05.2019 15:16:40;288
636934366002690724;14.05.2019 15:16:40;287
636934366003159365;14.05.2019 15:16:40;287
636934366003628307;14.05.2019 15:16:40;288
636934366004253180;14.05.2019 15:16:40;288
636934366004723206;14.05.2019 15:16:40;287
636934366005192795;14.05.2019 15:16:40;288
636934366005660917;14.05.2019 15:16:40;288
636934366006286718;14.05.2019 15:16:40;288
636934366006757083;14.05.2019 15:16:40;288
636934366007226976;14.05.2019 15:16:40;288
636934366007696520;14.05.2019 15:16:40;288
636934366008165490;14.05.2019 15:16:40;288
636934366008791289;14.05.2019 15:16:40;288
636934366009259010;14.05.2019 15:16:40;288
636934366009728534;14.05.2019 15:16:40;288
636934366010197485;14.05.2019 15:16:41;289
636934366010667096;14.05.2019 15:16:41;289
636934366011292257;14.05.2019 15:16:41;289
636934366011761834;14.05.2019 15:16:41;289
636934366012230544;14.05.2019 15:16:41;289
636934366012699182;14.05.2019 15:16:41;290
636934366013324870;14.05.2019 15:16:41;291
636934366013793948;14.05.2019 15:16:41;290
636934366014262816;14.05.2019 15:16:41;290
636934366014732083;14.05.2019 15:16:41;291
636934366015200724;14.05.2019 15:16:41;290
636934366015826218;14.05.2019 15:16:41;290
636934366016294878;14.05.2019 15:16:41;291
636934366016765156;14.05.2019 15:16:41;290
636934366017235021;14.05.2019 15:16:41;291
636934366017704153;14.05.2019 15:16:41;291
636934366018329419;14.05.2019 15:16:41;291
636934366018798110;14.05.2019 15:16:41;291
636934366019266759;14.05.2019 15:16:41;292
636934366019735347;14.05.2019 15:16:41;292
636934366020361796;14.05.2019 15:16:42;292
636934366020831346;14.05.2019 15:16:42;292
636934366021300502;14.05.2019 15:16:42;293
636934366021770043;14.05.2019 15:16:42;293
636934366022395207;14.05.2019 15:16:42;293
636934366022864757;14.05.2019 15:16:42;293
636934366023333386;14.05.2019 15:16:42;293
636934366023802077;14.05.2019 15:16:42;293
636934366024270679;14.05.2019 15:16:42;294
636934366024739594;14.05.2019 15:16:42;294
636934366025365359;14.05.2019 15:16:42;294
636934366025835416;14.05.2019 15:16:42;295
636934366026303974;14.05.2019 15:16:42;295
636934366026773058;14.05.2019 15:16:42;295
636934366027397928;14.05.2019 15:16:42;295
636934366027869087;14.05.2019 15:16:42;295
636934366028339889;14.05.2019 15:16:42;295
636934366028808524;14.05.2019 15:16:42;296
636934366029432480;14.05.2019 15:16:42;296
636934366029901173;14.05.2019 15:16:42;296
636934366030372294;14.05.2019 15:16:43;297
636934366030842170;14.05.2019 15:16:43;296
636934366031312127;14.05.2019 15:16:43;296
636934366031937003;14.05.2019 15:16:43;296
636934366032406566;14.05.2019 15:16:43;297
636934366032875177;14.05.2019 15:16:43;297
636934366033342920;14.05.2019 15:16:43;297
636934366033813702;14.05.2019 15:16:43;297
636934366034437639;14.05.2019 15:16:43;297
636934366034907161;14.05.2019 15:16:43;297
636934366035374968;14.05.2019 15:16:43;298
636934366035845944;14.05.2019 15:16:43;297
636934366036471958;14.05.2019 15:16:43;298
636934366036941018;14.05.2019 15:16:43;298
636934366037412011;14.05.2019 15:16:43;298
636934366037881906;14.05.2019 15:16:43;298
636934366038351456;14.05.2019 15:16:43;300
636934366038976797;14.05.2019 15:16:43;299
636934366039446338;14.05.2019 15:16:43;299
636934366039915578;14.05.2019 15:16:43;300
636934366040383933;14.05.2019 15:16:44;300
636934366040853785;14.05.2019 15:16:44;300
636934366041479613;14.05.2019 15:16:44;301
636934366041948249;14.05.2019 15:16:44;300
636934366042416906;14.05.2019 15:16:44;300
636934366042885863;14.05.2019 15:16:44;301
636934366043513152;14.05.2019 15:16:44;300
636934366043981812;14.05.2019 15:16:44;301
636934366044451458;14.05.2019 15:16:44;301
636934366044920094;14.05.2019 15:16:44;301
636934366045388734;14.05.2019 15:16:44;301
636934366046013546;14.05.2019 15:16:44;301
636934366046482567;14.05.2019 15:16:44;301
636934366046952715;14.05.2019 15:16:44;301
636934366047421131;14.05.2019 15:16:44;301
636934366047891030;14.05.2019 15:16:44;302
636934366048515908;14.05.2019 15:16:44;302
636934366048984887;14.05.2019 15:16:44;301
636934366049453617;14.05.2019 15:16:44;302
636934366050079700;14.05.2019 15:16:45;302
636934366050549186;14.05.2019 15:16:45;302
636934366051018209;14.05.2019 15:16:45;303
636934366051486897;14.05.2019 15:16:45;303
636934366051955815;14.05.2019 15:16:45;303
636934366052581564;14.05.2019 15:16:45;303
636934366053050293;14.05.2019 15:16:45;303
636934366053518892;14.05.2019 15:16:45;303
636934366053987536;14.05.2019 15:16:45;304
636934366054456179;14.05.2019 15:16:45;303
636934366055080318;14.05.2019 15:16:45;303
636934366055549641;14.05.2019 15:16:45;304
636934366056018633;14.05.2019 15:16:45;304
636934366056488565;14.05.2019 15:16:45;303
636934366057115585;14.05.2019 15:16:45;304
636934366057584498;14.05.2019 15:16:45;303
636934366058054030;14.05.2019 15:16:45;303
636934366058523214;14.05.2019 15:16:45;305
636934366058992841;14.05.2019 15:16:45;304
636934366059617590;14.05.2019 15:16:45;303
636934366060087469;14.05.2019 15:16:46;303
636934366060556417;14.05.2019 15:16:46;304
636934366061025078;14.05.2019 15:16:46;304
636934366061494852;14.05.2019 15:16:46;303
636934366062120727;14.05.2019 15:16:46;304
636934366062588698;14.05.2019 15:16:46;304
636934366063058583;14.05.2019 15:16:46;304
636934366063528091;14.05.2019 15:16:46;304
636934366063996773;14.05.2019 15:16:46;304
636934366064620737;14.05.2019 15:16:46;304
636934366065089375;14.05.2019 15:16:46;305
636934366065558900;14.05.2019 15:16:46;305
636934366066027840;14.05.2019 15:16:46;305
636934366066652768;14.05.2019 15:16:46;306
636934366067122054;14.05.2019 15:16:46;305
636934366067590900;14.05.2019 15:16:46;305
636934366068059527;14.05.2019 15:16:46;306
636934366068529052;14.05.2019 15:16:46;305
636934366069153016;14.05.2019 15:16:46;306
636934366069622579;14.05.2019 15:16:46;306
636934366070090298;14.05.2019 15:16:47;306
636934366070559828;14.05.2019 15:16:47;306
636934366071028460;14.05.2019 15:16:47;306
636934366071653633;14.05.2019 15:16:47;306
636934366072122295;14.05.2019 15:16:47;307
636934366072590928;14.05.2019 15:16:47;306
636934366073219353;14.05.2019 15:16:47;307
636934366073689578;14.05.2019 15:16:47;307
636934366074159596;14.05.2019 15:16:47;307
636934366074629148;14.05.2019 15:16:47;307
636934366075097119;14.05.2019 15:16:47;308
636934366075722671;14.05.2019 15:16:47;307
636934366076191311;14.05.2019 15:16:47;308
636934366076659913;14.05.2019 15:16:47;308
636934366077129757;14.05.2019 15:16:47;308
636934366077598447;14.05.2019 15:16:47;308
636934366078222661;14.05.2019 15:16:47;309
636934366078693576;14.05.2019 15:16:47;308
636934366079162494;14.05.2019 15:16:47;309
636934366079632049;14.05.2019 15:16:47;310
636934366080257343;14.05.2019 15:16:48;309
636934366080726239;14.05.2019 15:16:48;309
636934366081195777;14.05.2019 15:16:48;310
636934366081663537;14.05.2019 15:16:48;309
636934366082133511;14.05.2019 15:16:48;311
636934366082759514;14.05.2019 15:16:48;310
636934366083229343;14.05.2019 15:16:48;310
636934366083698901;14.05.2019 15:16:48;310
636934366084167537;14.05.2019 15:16:48;310
636934366084636222;14.05.2019 15:16:48;311
636934366085261072;14.05.2019 15:16:48;310
636934366085729949;14.05.2019 15:16:48;311
636934366086200809;14.05.2019 15:16:48;311
636934366086668796;14.05.2019 15:16:48;311
636934366087294874;14.05.2019 15:16:48;311
636934366087763928;14.05.2019 15:16:48;311
636934366088233751;14.05.2019 15:16:48;311
636934366088702414;14.05.2019 15:16:48;312
636934366089172587;14.05.2019 15:16:48;312
636934366089798009;14.05.2019 15:16:48;312
636934366090265799;14.05.2019 15:16:49;312
636934366090735332;14.05.2019 15:16:49;312
636934366091203998;14.05.2019 15:16:49;312
636934366091672899;14.05.2019 15:16:49;312
636934366092298215;14.05.2019 15:16:49;313
636934366092768039;14.05.2019 15:16:49;314
636934366093237918;14.05.2019 15:16:49;313
636934366093708692;14.05.2019 15:16:49;313
636934366094333876;14.05.2019 15:16:49;313
636934366094803417;14.05.2019 15:16:49;313
636934366095271412;14.05.2019 15:16:49;313
636934366095740737;14.05.2019 15:16:49;314
636934366096365588;14.05.2019 15:16:49;313
636934366096834193;14.05.2019 15:16:49;314
636934366097302803;14.05.2019 15:16:49;314
636934366097771796;14.05.2019 15:16:49;313
636934366098241395;14.05.2019 15:16:49;314
636934366098865415;14.05.2019 15:16:49;314
636934366099335084;14.05.2019 15:16:49;314
636934366099805060;14.05.2019 15:16:49;314
636934366100274612;14.05.2019 15:16:50;314
636934366100743605;14.05.2019 15:16:50;315
636934366101368478;14.05.2019 15:16:50;315
636934366101837426;14.05.2019 15:16:50;315
636934366102306075;14.05.2019 15:16:50;316
636934366102774760;14.05.2019 15:16:50;315
636934366103400210;14.05.2019 15:16:50;315
636934366103867892;14.05.2019 15:16:50;316
636934366104337671;14.05.2019 15:16:50;316
636934366104807287;14.05.2019 15:16:50;316
636934366105276125;14.05.2019 15:16:50;317
636934366105902214;14.05.2019 15:16:50;316
636934366106371766;14.05.2019 15:16:50;317
636934366106841579;14.05.2019 15:16:50;317
636934366107309381;14.05.2019 15:16:50;316
636934366107778861;14.05.2019 15:16:50;317
636934366108403789;14.05.2019 15:16:50;317
636934366108872364;14.05.2019 15:16:50;317
636934366109340112;14.05.2019 15:16:50;317
636934366109808797;14.05.2019 15:16:50;317
636934366110434482;14.05.2019 15:16:51;317
636934366110904442;14.05.2019 15:16:51;317
636934366111373077;14.05.2019 15:16:51;318
636934366111842144;14.05.2019 15:16:51;317
636934366112311661;14.05.2019 15:16:51;317
636934366112936794;14.05.2019 15:16:51;318
636934366113405452;14.05.2019 15:16:51;318
636934366113874984;14.05.2019 15:16:51;318
636934366114343894;14.05.2019 15:16:51;318
636934366114813463;14.05.2019 15:16:51;319
636934366115439513;14.05.2019 15:16:51;319
636934366115908157;14.05.2019 15:16:51;318
636934366116376792;14.05.2019 15:16:51;320
636934366116845428;14.05.2019 15:16:51;319
636934366117469394;14.05.2019 15:16:51;319
636934366117938969;14.05.2019 15:16:51;319
636934366118407599;14.05.2019 15:16:51;319
636934366118876492;14.05.2019 15:16:51;319
636934366119501365;14.05.2019 15:16:51;319
636934366119971332;14.05.2019 15:16:51;319
636934366120440910;14.05.2019 15:16:52;319
636934366120909811;14.05.2019 15:16:52;319
636934366121379358;14.05.2019 15:16:52;319
636934366122004217;14.05.2019 15:16:52;320
636934366122471963;14.05.2019 15:16:52;320
636934366122941080;14.05.2019 15:16:52;319
636934366123410879;14.05.2019 15:16:52;320
636934366123880426;14.05.2019 15:16:52;321
636934366124504781;14.05.2019 15:16:52;320
636934366124973319;14.05.2019 15:16:52;321
636934366125442877;14.05.2019 15:16:52;320
636934366125911509;14.05.2019 15:16:52;321
636934366126536363;14.05.2019 15:16:52;320
636934366127004114;14.05.2019 15:16:52;321
636934366127473140;14.05.2019 15:16:52;320
636934366127942670;14.05.2019 15:16:52;321
636934366128411314;14.05.2019 15:16:52;320
636934366129036154;14.05.2019 15:16:52;320
636934366129503911;14.05.2019 15:16:52;320
636934366129972554;14.05.2019 15:16:52;321
636934366130443295;14.05.2019 15:16:53;321
636934366130911900;14.05.2019 15:16:53;322
636934366131535945;14.05.2019 15:16:53;321
636934366132004535;14.05.2019 15:16:53;322
636934366132473179;14.05.2019 15:16:53;322
636934366132943233;14.05.2019 15:16:53;323
636934366133569015;14.05.2019 15:16:53;322
636934366134037639;14.05.2019 15:16:53;323
636934366134506252;14.05.2019 15:16:53;322
636934366134974181;14.05.2019 15:16:53;323
636934366135599788;14.05.2019 15:16:53;322
636934366136070102;14.05.2019 15:16:53;323
636934366136538768;14.05.2019 15:16:53;323
636934366137007771;14.05.2019 15:16:53;323
636934366137476033;14.05.2019 15:16:53;323
636934366138101817;14.05.2019 15:16:53;323
636934366138570430;14.05.2019 15:16:53;323
636934366139039354;14.05.2019 15:16:53;323
636934366139508898;14.05.2019 15:16:53;324
636934366139976699;14.05.2019 15:16:53;324
636934366140601846;14.05.2019 15:16:54;325
636934366141072302;14.05.2019 15:16:54;324
636934366141542159;14.05.2019 15:16:54;324
636934366142011110;14.05.2019 15:16:54;324
636934366142637280;14.05.2019 15:16:54;324
636934366143107458;14.05.2019 15:16:54;324
636934366143577307;14.05.2019 15:16:54;324
636934366144046845;14.05.2019 15:16:54;324
636934366144515497;14.05.2019 15:16:54;325
636934366145140317;14.05.2019 15:16:54;324
636934366145609011;14.05.2019 15:16:54;325
636934366146077630;14.05.2019 15:16:54;324
636934366146546312;14.05.2019 15:16:54;325
636934366147014964;14.05.2019 15:16:54;325
636934366147639795;14.05.2019 15:16:54;325
636934366148109195;14.05.2019 15:16:54;325
636934366148578745;14.05.2019 15:16:54;325
636934366149047610;14.05.2019 15:16:54;325
636934366149673414;14.05.2019 15:16:54;326
636934366150142384;14.05.2019 15:16:55;326
636934366150612380;14.05.2019 15:16:55;326
636934366151081932;14.05.2019 15:16:55;328
636934366151550487;14.05.2019 15:16:55;327
636934366152174584;14.05.2019 15:16:55;328
636934366152644464;14.05.2019 15:16:55;328
636934366153115299;14.05.2019 15:16:55;329
636934366153583338;14.05.2019 15:16:55;329
636934366154052245;14.05.2019 15:16:55;330
636934366154677129;14.05.2019 15:16:55;329
636934366155146363;14.05.2019 15:16:55;330
636934366155614987;14.05.2019 15:16:55;330
636934366156241198;14.05.2019 15:16:55;329
636934366156708908;14.05.2019 15:16:55;330
636934366157178447;14.05.2019 15:16:55;330
636934366157647090;14.05.2019 15:16:55;330
636934366158116933;14.05.2019 15:16:55;330
636934366158741781;14.05.2019 15:16:55;330
636934366159209524;14.05.2019 15:16:55;330
636934366159679057;14.05.2019 15:16:55;331
636934366160148028;14.05.2019 15:16:56;330
636934366160617583;14.05.2019 15:16:56;331
636934366161241605;14.05.2019 15:16:56;331
636934366161711075;14.05.2019 15:16:56;331
636934366162180250;14.05.2019 15:16:56;331
636934366162649805;14.05.2019 15:16:56;332
636934366163274944;14.05.2019 15:16:56;331
636934366163743607;14.05.2019 15:16:56;331
636934366164213135;14.05.2019 15:16:56;332
636934366164682238;14.05.2019 15:16:56;331
636934366165151790;14.05.2019 15:16:56;331
636934366165777090;14.05.2019 15:16:56;332
636934366166246953;14.05.2019 15:16:56;332
636934366166716729;14.05.2019 15:16:56;331
636934366167185705;14.05.2019 15:16:56;332
636934366167655632;14.05.2019 15:16:56;332
636934366168282923;14.05.2019 15:16:56;332
636934366168752478;14.05.2019 15:16:56;332
636934366169221166;14.05.2019 15:16:56;332
636934366169689719;14.05.2019 15:16:56;332
636934366170158783;14.05.2019 15:16:57;332
636934366170784659;14.05.2019 15:16:57;332
636934366171253178;14.05.2019 15:16:57;333
636934366171721822;14.05.2019 15:16:57;333
636934366172190831;14.05.2019 15:16:57;333
636934366172817735;14.05.2019 15:16:57;333
636934366173286367;14.05.2019 15:16:57;333
636934366173754975;14.05.2019 15:16:57;334
636934366174222765;14.05.2019 15:16:57;333
636934366174691406;14.05.2019 15:16:57;334
636934366175317215;14.05.2019 15:16:57;334
636934366175785778;14.05.2019 15:16:57;333
636934366176254472;14.05.2019 15:16:57;333
636934366176722229;14.05.2019 15:16:57;335
636934366177190820;14.05.2019 15:16:57;333
636934366177816887;14.05.2019 15:16:57;334
636934366178286428;14.05.2019 15:16:57;334
636934366178756294;14.05.2019 15:16:57;334
636934366179382834;14.05.2019 15:16:57;334
636934366179850583;14.05.2019 15:16:57;334
636934366180321726;14.05.2019 15:16:58;334
636934366180791342;14.05.2019 15:16:58;334
636934366181260149;14.05.2019 15:16:58;333
636934366181885911;14.05.2019 15:16:58;334
636934366182353928;14.05.2019 15:16:58;334
636934366182823503;14.05.2019 15:16:58;334
636934366183293410;14.05.2019 15:16:58;334
636934366183762957;14.05.2019 15:16:58;334
636934366184388132;14.05.2019 15:16:58;334
636934366184856764;14.05.2019 15:16:58;335
636934366185327838;14.05.2019 15:16:58;334
636934366185797761;14.05.2019 15:16:58;335
636934366186423559;14.05.2019 15:16:58;336
636934366186893929;14.05.2019 15:16:58;335
636934366187363833;14.05.2019 15:16:58;335
636934366187835070;14.05.2019 15:16:58;336
636934366188303736;14.05.2019 15:16:58;335
636934366188929878;14.05.2019 15:16:58;335
636934366189399718;14.05.2019 15:16:58;336
636934366189869315;14.05.2019 15:16:58;335
636934366190337914;14.05.2019 15:16:59;335
636934366190806840;14.05.2019 15:16:59;335
636934366191276387;14.05.2019 15:16:59;336
636934366191900354;14.05.2019 15:16:59;335
636934366192370391;14.05.2019 15:16:59;337
636934366192841550;14.05.2019 15:16:59;336
636934366193468773;14.05.2019 15:16:59;336
636934366193938646;14.05.2019 15:16:59;335
636934366194407307;14.05.2019 15:16:59;336
636934366194876446;14.05.2019 15:16:59;336
636934366195344838;14.05.2019 15:16:59;336
636934366195970558;14.05.2019 15:16:59;336
636934366196439241;14.05.2019 15:16:59;336
636934366196907369;14.05.2019 15:16:59;336
636934366197378027;14.05.2019 15:16:59;337
636934366197848022;14.05.2019 15:16:59;337
636934366198473815;14.05.2019 15:16:59;337
636934366198941536;14.05.2019 15:16:59;338
636934366199411385;14.05.2019 15:16:59;337
636934366199984224;14.05.2019 15:16:59;337
636934366200467504;14.05.2019 15:17:00;338
636934366200936156;14.05.2019 15:17:00;337
636934366201404789;14.05.2019 15:17:00;337
636934366201872543;14.05.2019 15:17:00;338
636934366202498280;14.05.2019 15:17:00;337
636934366202967220;14.05.2019 15:17:00;338
636934366203436800;14.05.2019 15:17:00;338
636934366203904521;14.05.2019 15:17:00;338
636934366204530408;14.05.2019 15:17:00;338
636934366204998900;14.05.2019 15:17:00;338
636934366205467538;14.05.2019 15:17:00;338
636934366205936231;14.05.2019 15:17:00;338
636934366206404817;14.05.2019 15:17:00;337
636934366207029700;14.05.2019 15:17:00;338
636934366207498311;14.05.2019 15:17:00;338
636934366207966957;14.05.2019 15:17:00;338
636934366208436063;14.05.2019 15:17:00;338
636934366208905610;14.05.2019 15:17:00;339
636934366209530882;14.05.2019 15:17:00;338
636934366210000423;14.05.2019 15:17:01;339
636934366210470311;14.05.2019 15:17:01;339
636934366210938810;14.05.2019 15:17:01;339
636934366211565360;14.05.2019 15:17:01;338
636934366212034020;14.05.2019 15:17:01;339
636934366212504758;14.05.2019 15:17:01;339
636934366212973812;14.05.2019 15:17:01;340
636934366213443644;14.05.2019 15:17:01;339
636934366214069725;14.05.2019 15:17:01;339
636934366214538850;14.05.2019 15:17:01;340
636934366215008369;14.05.2019 15:17:01;339
636934366215477924;14.05.2019 15:17:01;339
636934366215946831;14.05.2019 15:17:01;340
636934366216571757;14.05.2019 15:17:01;339
636934366217040891;14.05.2019 15:17:01;339
636934366217511485;14.05.2019 15:17:01;340
636934366218136366;14.05.2019 15:17:01;340
636934366218605882;14.05.2019 15:17:01;340
636934366219074520;14.05.2019 15:17:01;340
636934366219542965;14.05.2019 15:17:01;340
636934366220011833;14.05.2019 15:17:02;339
636934366220635775;14.05.2019 15:17:02;339
636934366221104413;14.05.2019 15:17:02;340
636934366221573101;14.05.2019 15:17:02;340
636934366222042592;14.05.2019 15:17:02;340
636934366222512524;14.05.2019 15:17:02;340
636934366222981123;14.05.2019 15:17:02;340
636934366223606669;14.05.2019 15:17:02;341
636934366224076690;14.05.2019 15:17:02;341
636934366224545353;14.05.2019 15:17:02;341
636934366225171528;14.05.2019 15:17:02;341
636934366225641069;14.05.2019 15:17:02;342
636934366226109710;14.05.2019 15:17:02;341
636934366226578345;14.05.2019 15:17:02;341
636934366227046989;14.05.2019 15:17:02;342
636934366227672178;14.05.2019 15:17:02;341
636934366228142076;14.05.2019 15:17:02;341
636934366228611656;14.05.2019 15:17:02;342
636934366229080580;14.05.2019 15:17:02;341
636934366229550132;14.05.2019 15:17:02;341
636934366230176531;14.05.2019 15:17:03;341
636934366230646430;14.05.2019 15:17:03;341
636934366231116343;14.05.2019 15:17:03;341
636934366231586444;14.05.2019 15:17:03;341
636934366232212247;14.05.2019 15:17:03;341
636934366232680196;14.05.2019 15:17:03;341
636934366233149767;14.05.2019 15:17:03;341
636934366233620940;14.05.2019 15:17:03;340
636934366234091709;14.05.2019 15:17:03;340
636934366234716840;14.05.2019 15:17:03;340
636934366235186386;14.05.2019 15:17:03;340
636934366235655033;14.05.2019 15:17:03;340
636934366236124039;14.05.2019 15:17:03;340
636934366236593592;14.05.2019 15:17:03;340
636934366237218731;14.05.2019 15:17:03;340
636934366237688768;14.05.2019 15:17:03;340
636934366238159811;14.05.2019 15:17:03;341
636934366238629385;14.05.2019 15:17:03;340
636934366239255447;14.05.2019 15:17:03;340
636934366239723195;14.05.2019 15:17:03;341
636934366240192731;14.05.2019 15:17:04;340
636934366240661327;14.05.2019 15:17:04;339
636934366241131451;14.05.2019 15:17:04;341
636934366241756376;14.05.2019 15:17:04;339
636934366242224964;14.05.2019 15:17:04;339
636934366242694506;14.05.2019 15:17:04;340
636934366243163656;14.05.2019 15:17:04;339
636934366243633264;14.05.2019 15:17:04;339
636934366244257428;14.05.2019 15:17:04;340
636934366244726694;14.05.2019 15:17:04;340
636934366245195344;14.05.2019 15:17:04;340
636934366245664023;14.05.2019 15:17:04;340
636934366246288943;14.05.2019 15:17:04;340
636934366246757479;14.05.2019 15:17:04;340
636934366247226114;14.05.2019 15:17:04;340
636934366247696323;14.05.2019 15:17:04;340
636934366248167585;14.05.2019 15:17:04;340
636934366248793311;14.05.2019 15:17:04;340
636934366249261101;14.05.2019 15:17:04;341
636934366249730870;14.05.2019 15:17:04;340
636934366250201001;14.05.2019 15:17:05;340
636934366250670548;14.05.2019 15:17:05;341
636934366251295446;14.05.2019 15:17:05;341
636934366251764062;14.05.2019 15:17:05;341
636934366252233010;14.05.2019 15:17:05;342
636934366252701670;14.05.2019 15:17:05;341
636934366253171225;14.05.2019 15:17:05;341
636934366253796046;14.05.2019 15:17:05;341
636934366254264689;14.05.2019 15:17:05;341
636934366254733654;14.05.2019 15:17:05;342
636934366255359419;14.05.2019 15:17:05;342
636934366255828071;14.05.2019 15:17:05;342
636934366256296983;14.05.2019 15:17:05;342
636934366256765912;14.05.2019 15:17:05;343
636934366257235179;14.05.2019 15:17:05;342
636934366257860257;14.05.2019 15:17:05;342
636934366258329771;14.05.2019 15:17:05;342
636934366258798423;14.05.2019 15:17:05;342
636934366259267402;14.05.2019 15:17:05;343
636934366259737378;14.05.2019 15:17:05;342
636934366260364514;14.05.2019 15:17:06;342
636934366260833560;14.05.2019 15:17:06;343
636934366261303109;14.05.2019 15:17:06;343
636934366261771789;14.05.2019 15:17:06;343
636934366262397906;14.05.2019 15:17:06;343
636934366262865654;14.05.2019 15:17:06;343
636934366263335184;14.05.2019 15:17:06;343
636934366263803811;14.05.2019 15:17:06;343
636934366264272425;14.05.2019 15:17:06;343
636934366264897763;14.05.2019 15:17:06;343
636934366265367662;14.05.2019 15:17:06;343
636934366265837186;14.05.2019 15:17:06;344
636934366266306428;14.05.2019 15:17:06;345
636934366266775086;14.05.2019 15:17:06;343
636934366267401180;14.05.2019 15:17:06;344
636934366267872193;14.05.2019 15:17:06;344
636934366268342089;14.05.2019 15:17:06;344
636934366268811655;14.05.2019 15:17:06;344
636934366269435605;14.05.2019 15:17:06;344
636934366269906377;14.05.2019 15:17:06;344
636934366270375322;14.05.2019 15:17:07;344
636934366270844927;14.05.2019 15:17:07;344
636934366271313532;14.05.2019 15:17:07;344
636934366271938361;14.05.2019 15:17:07;344
636934366272406530;14.05.2019 15:17:07;345
636934366272875637;14.05.2019 15:17:07;344
636934366273344283;14.05.2019 15:17:07;345
636934366273812929;14.05.2019 15:17:07;344
636934366274437780;14.05.2019 15:17:07;345
636934366274906709;14.05.2019 15:17:07;345
636934366275376264;14.05.2019 15:17:07;345
636934366275844872;14.05.2019 15:17:07;345
636934366276469894;14.05.2019 15:17:07;345
636934366276938538;14.05.2019 15:17:07;345
636934366277408389;14.05.2019 15:17:07;346
636934366277877928;14.05.2019 15:17:07;346
636934366278502801;14.05.2019 15:17:07;346
636934366278970544;14.05.2019 15:17:07;347
636934366279439185;14.05.2019 15:17:07;346
636934366279908707;14.05.2019 15:17:07;346
636934366280377644;14.05.2019 15:17:08;347
636934366281004894;14.05.2019 15:17:08;345
636934366281473554;14.05.2019 15:17:08;345
636934366281942198;14.05.2019 15:17:08;345
636934366282411725;14.05.2019 15:17:08;345
636934366282880654;14.05.2019 15:17:08;346
636934366283506331;14.05.2019 15:17:08;345
636934366283974484;14.05.2019 15:17:08;347
636934366284443144;14.05.2019 15:17:08;346
636934366284912666;14.05.2019 15:17:08;346
636934366285537522;14.05.2019 15:17:08;346
636934366286005274;14.05.2019 15:17:08;346
636934366286473925;14.05.2019 15:17:08;346
636934366286942550;14.05.2019 15:17:08;347
636934366287412088;14.05.2019 15:17:08;347
636934366288036931;14.05.2019 15:17:08;346
636934366288505970;14.05.2019 15:17:08;347
636934366288974655;14.05.2019 15:17:08;347
636934366289444017;14.05.2019 15:17:08;347
636934366289912779;14.05.2019 15:17:08;348
636934366290537627;14.05.2019 15:17:09;347
636934366291006279;14.05.2019 15:17:09;347
636934366291475222;14.05.2019 15:17:09;348
636934366291943924;14.05.2019 15:17:09;347
636934366292570916;14.05.2019 15:17:09;347
636934366293041134;14.05.2019 15:17:09;348
636934366293510913;14.05.2019 15:17:09;347
636934366293979576;14.05.2019 15:17:09;347
636934366294605649;14.05.2019 15:17:09;348
636934366295075439;14.05.2019 15:17:09;347
636934366295545302;14.05.2019 15:17:09;347
636934366296015128;14.05.2019 15:17:09;348
636934366296484728;14.05.2019 15:17:09;348
636934366296952427;14.05.2019 15:17:09;347
636934366297578161;14.05.2019 15:17:09;347
636934366298046808;14.05.2019 15:17:09;348
636934366298515446;14.05.2019 15:17:09;348
636934366298984092;14.05.2019 15:17:09;348
636934366299608480;14.05.2019 15:17:09;348
636934366300078448;14.05.2019 15:17:10;348
636934366300549233;14.05.2019 15:17:10;348
636934366301017869;14.05.2019 15:17:10;349
636934366301643013;14.05.2019 15:17:10;348
636934366302112585;14.05.2019 15:17:10;348
636934366302582522;14.05.2019 15:17:10;350
636934366303051152;14.05.2019 15:17:10;348
636934366303520084;14.05.2019 15:17:10;348
636934366304144956;14.05.2019 15:17:10;349
636934366304614476;14.05.2019 15:17:10;349
636934366305083130;14.05.2019 15:17:10;349
636934366305552087;14.05.2019 15:17:10;349
636934366306021700;14.05.2019 15:17:10;348
636934366306646601;14.05.2019 15:17:10;349
636934366307115261;14.05.2019 15:17:10;350
636934366307583788;14.05.2019 15:17:10;349
636934366308052415;14.05.2019 15:17:10;349
636934366308677296;14.05.2019 15:17:10;349
636934366309145935;14.05.2019 15:17:10;349
636934366309614600;14.05.2019 15:17:10;349
636934366310083504;14.05.2019 15:17:11;349
636934366310553469;14.05.2019 15:17:11;349
636934366311179151;14.05.2019 15:17:11;349
636934366311650003;14.05.2019 15:17:11;349
636934366312118633;14.05.2019 15:17:11;349
636934366312587296;14.05.2019 15:17:11;349
636934366313055942;14.05.2019 15:17:11;349
636934366313681081;14.05.2019 15:17:11;350
636934366314150974;14.05.2019 15:17:11;349
636934366314619632;14.05.2019 15:17:11;350
636934366315245762;14.05.2019 15:17:11;351
636934366315715306;14.05.2019 15:17:11;350
636934366316183947;14.05.2019 15:17:11;350
636934366316652635;14.05.2019 15:17:11;351
636934366317121270;14.05.2019 15:17:11;350
636934366317746401;14.05.2019 15:17:11;350
636934366318216347;14.05.2019 15:17:11;351
636934366318685924;14.05.2019 15:17:11;350
636934366319154784;14.05.2019 15:17:11;350
636934366319624325;14.05.2019 15:17:11;350
636934366320093459;14.05.2019 15:17:12;350
636934366320719213;14.05.2019 15:17:12;350
636934366321188142;14.05.2019 15:17:12;349
636934366321657694;14.05.2019 15:17:12;350
636934366322282783;14.05.2019 15:17:12;350
636934366322752396;14.05.2019 15:17:12;351
636934366323221029;14.05.2019 15:17:12;350
636934366323690119;14.05.2019 15:17:12;350
636934366324160067;14.05.2019 15:17:12;350
636934366324785250;14.05.2019 15:17:12;350
636934366325255041;14.05.2019 15:17:12;350
636934366325725757;14.05.2019 15:17:12;350
636934366326194406;14.05.2019 15:17:12;350
636934366326662379;14.05.2019 15:17:12;350
636934366327287928;14.05.2019 15:17:12;350
636934366327756544;14.05.2019 15:17:12;351
636934366328225185;14.05.2019 15:17:12;350
636934366328693820;14.05.2019 15:17:12;350
636934366329318721;14.05.2019 15:17:12;351
636934366329787636;14.05.2019 15:17:12;350
636934366330257568;14.05.2019 15:17:13;350
636934366330727128;14.05.2019 15:17:13;351
636934366331197418;14.05.2019 15:17:13;350
636934366331822291;14.05.2019 15:17:13;350
636934366332290926;14.05.2019 15:17:13;350
636934366332759569;14.05.2019 15:17:13;350
636934366333230826;14.05.2019 15:17:13;350
636934366333700331;14.05.2019 15:17:13;349
636934366334325708;14.05.2019 15:17:13;350
636934366334795177;14.05.2019 15:17:13;350
636934366335262932;14.05.2019 15:17:13;349
636934366335732470;14.05.2019 15:17:13;350
636934366336201125;14.05.2019 15:17:13;349
636934366336825953;14.05.2019 15:17:13;349
636934366337294960;14.05.2019 15:17:13;350
636934366337766324;14.05.2019 15:17:13;350
636934366338236201;14.05.2019 15:17:13;349
636934366338861079;14.05.2019 15:17:13;350
636934366339329864;14.05.2019 15:17:13;349
636934366339800838;14.05.2019 15:17:13;350
636934366340270393;14.05.2019 15:17:14;350
636934366340739349;14.05.2019 15:17:14;349
636934366341366425;14.05.2019 15:17:14;349
636934366341835963;14.05.2019 15:17:14;349
636934366342303745;14.05.2019 15:17:14;348
636934366342773284;14.05.2019 15:17:14;348
636934366343241916;14.05.2019 15:17:14;349
636934366343865927;14.05.2019 15:17:14;348
636934366344334521;14.05.2019 15:17:14;348
636934366344804043;14.05.2019 15:17:14;349
636934366345430390;14.05.2019 15:17:14;348
636934366345899025;14.05.2019 15:17:14;349
636934366346367600;14.05.2019 15:17:14;348
636934366346836235;14.05.2019 15:17:14;348
636934366347305255;14.05.2019 15:17:14;349
636934366347932333;14.05.2019 15:17:14;348
636934366348400980;14.05.2019 15:17:14;348
636934366348869618;14.05.2019 15:17:14;348
636934366349337738;14.05.2019 15:17:14;348
636934366349807625;14.05.2019 15:17:14;349
636934366350432767;14.05.2019 15:17:15;348
636934366350902023;14.05.2019 15:17:15;348
636934366351370703;14.05.2019 15:17:15;349
636934366351839762;14.05.2019 15:17:15;348
636934366352464637;14.05.2019 15:17:15;348
636934366352933267;14.05.2019 15:17:15;348
636934366353402808;14.05.2019 15:17:15;347
636934366353871449;14.05.2019 15:17:15;346
636934366354340688;14.05.2019 15:17:15;347
636934366354965476;14.05.2019 15:17:15;346
636934366355433219;14.05.2019 15:17:15;346
636934366355901871;14.05.2019 15:17:15;346
636934366356371681;14.05.2019 15:17:15;345
636934366356841247;14.05.2019 15:17:15;345
636934366357466075;14.05.2019 15:17:15;346
636934366357934719;14.05.2019 15:17:15;344
636934366358403363;14.05.2019 15:17:15;344
636934366358872037;14.05.2019 15:17:15;344
636934366359495967;14.05.2019 15:17:15;344
636934366359965492;14.05.2019 15:17:15;344
636934366360434180;14.05.2019 15:17:16;343
636934366360902810;14.05.2019 15:17:16;343
636934366361528065;14.05.2019 15:17:16;344
636934366361996725;14.05.2019 15:17:16;343
636934366362466283;14.05.2019 15:17:16;344
636934366362935231;14.05.2019 15:17:16;344
636934366363404812;14.05.2019 15:17:16;344
636934366364029870;14.05.2019 15:17:16;344
636934366364498965;14.05.2019 15:17:16;344
636934366364968052;14.05.2019 15:17:16;344
636934366365436693;14.05.2019 15:17:16;345
636934366365905342;14.05.2019 15:17:16;344
636934366366529677;14.05.2019 15:17:16;344
636934366366998867;14.05.2019 15:17:16;345
636934366367467505;14.05.2019 15:17:16;344
636934366367936459;14.05.2019 15:17:16;344
636934366368562501;14.05.2019 15:17:16;344
636934366369031158;14.05.2019 15:17:16;344
636934366369499799;14.05.2019 15:17:16;344
636934366369969332;14.05.2019 15:17:16;344
636934366370437973;14.05.2019 15:17:17;344
636934366371062824;14.05.2019 15:17:17;344
636934366371530833;14.05.2019 15:17:17;344
636934366372000380;14.05.2019 15:17:17;344
636934366372469334;14.05.2019 15:17:17;344
636934366372939174;14.05.2019 15:17:17;344
636934366373566410;14.05.2019 15:17:17;344
636934366374036220;14.05.2019 15:17:17;345
636934366374505775;14.05.2019 15:17:17;345
636934366374975657;14.05.2019 15:17:17;345
636934366375600788;14.05.2019 15:17:17;345
636934366376070337;14.05.2019 15:17:17;345
636934366376538998;14.05.2019 15:17:17;345
636934366377007608;14.05.2019 15:17:17;345
636934366377476268;14.05.2019 15:17:17;345
636934366378102900;14.05.2019 15:17:17;347
636934366378571558;14.05.2019 15:17:17;345
636934366379043036;14.05.2019 15:17:17;346
636934366379511915;14.05.2019 15:17:17;347
636934366379980334;14.05.2019 15:17:17;346
636934366380606445;14.05.2019 15:17:18;347
636934366381076422;14.05.2019 15:17:18;346
636934366381545960;14.05.2019 15:17:18;346
636934366382013712;14.05.2019 15:17:18;346
636934366382640842;14.05.2019 15:17:18;346
636934366383109433;14.05.2019 15:17:18;346
636934366383578080;14.05.2019 15:17:18;347
636934366384047084;14.05.2019 15:17:18;346
636934366384671929;14.05.2019 15:17:18;347
636934366385139689;14.05.2019 15:17:18;346
636934366385609449;14.05.2019 15:17:18;346
636934366386079275;14.05.2019 15:17:18;347
636934366386548819;14.05.2019 15:17:18;347
636934366387172786;14.05.2019 15:17:18;347
636934366387642303;14.05.2019 15:17:18;347
636934366388110974;14.05.2019 15:17:18;347
636934366388579631;14.05.2019 15:17:18;347
636934366389048269;14.05.2019 15:17:18;347
636934366389672200;14.05.2019 15:17:18;348
636934366390141725;14.05.2019 15:17:19;348
636934366390610432;14.05.2019 15:17:19;348
636934366391079068;14.05.2019 15:17:19;348
636934366391703885;14.05.2019 15:17:19;349
636934366392171614;14.05.2019 15:17:19;348
636934366392641192;14.05.2019 15:17:19;348
636934366393110198;14.05.2019 15:17:19;349
636934366393579753;14.05.2019 15:17:19;348
636934366394204582;14.05.2019 15:17:19;348
636934366394673594;14.05.2019 15:17:19;348
636934366395143149;14.05.2019 15:17:19;348
636934366395612064;14.05.2019 15:17:19;348
636934366396081616;14.05.2019 15:17:19;348
636934366396705575;14.05.2019 15:17:19;349
636934366397175114;14.05.2019 15:17:19;348
636934366397644031;14.05.2019 15:17:19;348
636934366398271054;14.05.2019 15:17:19;348
636934366398739158;14.05.2019 15:17:19;348
636934366399208308;14.05.2019 15:17:19;348
636934366399677248;14.05.2019 15:17:19;349
636934366400145908;14.05.2019 15:17:20;349
636934366400770856;14.05.2019 15:17:20;349
636934366401240289;14.05.2019 15:17:20;350
636934366401708041;14.05.2019 15:17:20;349
636934366402177563;14.05.2019 15:17:20;349
636934366402646245;14.05.2019 15:17:20;349
636934366403115229;14.05.2019 15:17:20;349
636934366403740102;14.05.2019 15:17:20;349
636934366404208740;14.05.2019 15:17:20;350
636934366404678262;14.05.2019 15:17:20;349
636934366405303498;14.05.2019 15:17:20;349
636934366405772158;14.05.2019 15:17:20;350
636934366406242071;14.05.2019 15:17:20;349
636934366406710950;14.05.2019 15:17:20;349
636934366407180585;14.05.2019 15:17:20;349
636934366407806364;14.05.2019 15:17:20;350
636934366408274988;14.05.2019 15:17:20;350
636934366408742737;14.05.2019 15:17:20;349
636934366409211384;14.05.2019 15:17:20;350
636934366409680916;14.05.2019 15:17:20;350
636934366410305764;14.05.2019 15:17:21;350
636934366410774427;14.05.2019 15:17:21;350
636934366411243113;14.05.2019 15:17:21;350
636934366411711014;14.05.2019 15:17:21;350
636934366412179488;14.05.2019 15:17:21;351
636934366412805176;14.05.2019 15:17:21;350
636934366413272938;14.05.2019 15:17:21;350
636934366413742527;14.05.2019 15:17:21;351
636934366414367375;14.05.2019 15:17:21;350
636934366414836021;14.05.2019 15:17:21;350
636934366415304667;14.05.2019 15:17:21;351
636934366415773253;14.05.2019 15:17:21;350
636934366416241866;14.05.2019 15:17:21;351
636934366416866805;14.05.2019 15:17:21;352
636934366417335399;14.05.2019 15:17:21;351
636934366417804037;14.05.2019 15:17:21;351
636934366418272675;14.05.2019 15:17:21;352
636934366418741313;14.05.2019 15:17:21;350
636934366419366208;14.05.2019 15:17:21;351
636934366419834771;14.05.2019 15:17:21;351
636934366420303423;14.05.2019 15:17:22;351
636934366420772086;14.05.2019 15:17:22;351
636934366421396014;14.05.2019 15:17:22;351
636934366421864683;14.05.2019 15:17:22;351
636934366422334183;14.05.2019 15:17:22;351
636934366422802823;14.05.2019 15:17:22;351
636934366423271464;14.05.2019 15:17:22;351
636934366423896692;14.05.2019 15:17:22;351
636934366424366978;14.05.2019 15:17:22;351
636934366424836586;14.05.2019 15:17:22;352
636934366425306654;14.05.2019 15:17:22;351
636934366425776170;14.05.2019 15:17:22;351
636934366426401957;14.05.2019 15:17:22;352
636934366426871501;14.05.2019 15:17:22;352
636934366427340209;14.05.2019 15:17:22;351
636934366427808899;14.05.2019 15:17:22;353
636934366428435027;14.05.2019 15:17:22;352
636934366428903665;14.05.2019 15:17:22;352
636934366429372644;14.05.2019 15:17:22;353
636934366429842712;14.05.2019 15:17:22;352
636934366430312577;14.05.2019 15:17:23;352
636934366430938406;14.05.2019 15:17:23;352
636934366431407388;14.05.2019 15:17:23;352
636934366431877264;14.05.2019 15:17:23;352
636934366432346816;14.05.2019 15:17:23;352
636934366432815454;14.05.2019 15:17:23;352
636934366433440308;14.05.2019 15:17:23;352
636934366433908979;14.05.2019 15:17:23;353
636934366434377581;14.05.2019 15:17:23;352
636934366434846255;14.05.2019 15:17:23;352
636934366435471128;14.05.2019 15:17:23;352
636934366435939772;14.05.2019 15:17:23;352
636934366436408402;14.05.2019 15:17:23;352
636934366436876998;14.05.2019 15:17:23;352
636934366437502206;14.05.2019 15:17:23;352
636934366437971789;14.05.2019 15:17:23;353
636934366438440391;14.05.2019 15:17:23;353
636934366438909029;14.05.2019 15:17:23;354
636934366439377692;14.05.2019 15:17:23;353
636934366440002543;14.05.2019 15:17:24;353
636934366440471164;14.05.2019 15:17:24;354
636934366440939223;14.05.2019 15:17:24;353
636934366441407864;14.05.2019 15:17:24;353
636934366441877090;14.05.2019 15:17:24;354
636934366442502367;14.05.2019 15:17:24;353
636934366442971933;14.05.2019 15:17:24;353
636934366443440527;14.05.2019 15:17:24;354
636934366443908932;14.05.2019 15:17:24;353
636934366444534764;14.05.2019 15:17:24;353
636934366445003856;14.05.2019 15:17:24;353
636934366445473406;14.05.2019 15:17:24;353
636934366445942044;14.05.2019 15:17:24;353
636934366446410829;14.05.2019 15:17:24;353
636934366447035560;14.05.2019 15:17:24;353
636934366447504190;14.05.2019 15:17:24;354
636934366447973346;14.05.2019 15:17:24;353
636934366448442898;14.05.2019 15:17:24;354
636934366448911528;14.05.2019 15:17:24;354
636934366449536382;14.05.2019 15:17:24;353
636934366450005023;14.05.2019 15:17:25;354
636934366450473705;14.05.2019 15:17:25;354
636934366450942343;14.05.2019 15:17:25;354
636934366451567183;14.05.2019 15:17:25;355
636934366452035801;14.05.2019 15:17:25;354
636934366452504434;14.05.2019 15:17:25;354
636934366452973086;14.05.2019 15:17:25;355
636934366453597967;14.05.2019 15:17:25;354
636934366454066610;14.05.2019 15:17:25;354
636934366454535249;14.05.2019 15:17:25;355
636934366455003895;14.05.2019 15:17:25;354
636934366455472530;14.05.2019 15:17:25;354
636934366456096464;14.05.2019 15:17:25;355
636934366456566011;14.05.2019 15:17:25;354
636934366457034701;14.05.2019 15:17:25;355
636934366457502697;14.05.2019 15:17:25;355
636934366457971980;14.05.2019 15:17:25;355
636934366458596895;14.05.2019 15:17:25;355
636934366459065400;14.05.2019 15:17:25;355
636934366459535293;14.05.2019 15:17:25;355
636934366460160149;14.05.2019 15:17:26;355
636934366460628793;14.05.2019 15:17:26;355
636934366461097461;14.05.2019 15:17:26;355
636934366461566471;14.05.2019 15:17:26;355
636934366462036461;14.05.2019 15:17:26;356
636934366462506473;14.05.2019 15:17:26;355
636934366463132207;14.05.2019 15:17:26;355
636934366463600859;14.05.2019 15:17:26;356
636934366464069509;14.05.2019 15:17:26;355
636934366464538158;14.05.2019 15:17:26;355
636934366465006790;14.05.2019 15:17:26;356
636934366465631937;14.05.2019 15:17:26;355
636934366466101492;14.05.2019 15:17:26;355
636934366466570130;14.05.2019 15:17:26;356
636934366467194981;14.05.2019 15:17:26;355
636934366467663262;14.05.2019 15:17:26;356
636934366468134510;14.05.2019 15:17:26;356
636934366468604059;14.05.2019 15:17:26;356
636934366469072717;14.05.2019 15:17:26;356
636934366469698052;14.05.2019 15:17:26;356
636934366470169311;14.05.2019 15:17:27;356
636934366470638872;14.05.2019 15:17:27;356
636934366471107940;14.05.2019 15:17:27;356
636934366471577509;14.05.2019 15:17:27;356
636934366472202883;14.05.2019 15:17:27;356
636934366472672263;14.05.2019 15:17:27;356
636934366473140904;14.05.2019 15:17:27;356
636934366473609509;14.05.2019 15:17:27;357
636934366474236030;14.05.2019 15:17:27;357
636934366474704691;14.05.2019 15:17:27;358
636934366475174213;14.05.2019 15:17:27;357
636934366475642878;14.05.2019 15:17:27;357
636934366476111494;14.05.2019 15:17:27;358
636934366476736345;14.05.2019 15:17:27;357
636934366477204102;14.05.2019 15:17:27;357
636934366477674879;14.05.2019 15:17:27;358
636934366478142586;14.05.2019 15:17:27;357
636934366478612113;14.05.2019 15:17:27;357
636934366479236989;14.05.2019 15:17:27;357
636934366479705918;14.05.2019 15:17:27;357
636934366480175819;14.05.2019 15:17:28;357
636934366480645344;14.05.2019 15:17:28;358
636934366481269336;14.05.2019 15:17:28;357
636934366481738874;14.05.2019 15:17:28;357
636934366482207493;14.05.2019 15:17:28;357
636934366482676192;14.05.2019 15:17:28;358
636934366483300990;14.05.2019 15:17:28;357
636934366483768747;14.05.2019 15:17:28;357
636934366484239674;14.05.2019 15:17:28;358
636934366484709218;14.05.2019 15:17:28;358
636934366485178105;14.05.2019 15:17:28;358
636934366485647649;14.05.2019 15:17:28;358
636934366486271619;14.05.2019 15:17:28;358
636934366486741182;14.05.2019 15:17:28;358
636934366487209820;14.05.2019 15:17:28;359
636934366487678697;14.05.2019 15:17:28;358
636934366488303888;14.05.2019 15:17:28;358
636934366488772548;14.05.2019 15:17:28;358
636934366489241189;14.05.2019 15:17:28;358
636934366489711207;14.05.2019 15:17:28;358
636934366490336969;14.05.2019 15:17:29;358
636934366490805835;14.05.2019 15:17:29;358
636934366491274500;14.05.2019 15:17:29;358
636934366491744072;14.05.2019 15:17:29;359
636934366492213034;14.05.2019 15:17:29;358
636934366492840110;14.05.2019 15:17:29;358
636934366493308798;14.05.2019 15:17:29;358
636934366493776458;14.05.2019 15:17:29;358
636934366494247190;14.05.2019 15:17:29;358
636934366494715870;14.05.2019 15:17:29;359
636934366495341031;14.05.2019 15:17:29;358
636934366495810581;14.05.2019 15:17:29;359
636934366496278332;14.05.2019 15:17:29;358
636934366496747893;14.05.2019 15:17:29;358
636934366497372752;14.05.2019 15:17:29;359
636934366497841345;14.05.2019 15:17:29;359
636934366498310186;14.05.2019 15:17:29;360
636934366498779098;14.05.2019 15:17:29;359
636934366499248617;14.05.2019 15:17:29;359
636934366499874363;14.05.2019 15:17:29;359
636934366500342131;14.05.2019 15:17:30;359
636934366500811619;14.05.2019 15:17:30;359
636934366501280374;14.05.2019 15:17:30;359
636934366501749017;14.05.2019 15:17:30;359
636934366502373818;14.05.2019 15:17:30;359
636934366502842443;14.05.2019 15:17:30;360
636934366503310183;14.05.2019 15:17:30;359
636934366503779708;14.05.2019 15:17:30;360
636934366504404564;14.05.2019 15:17:30;360
636934366504873227;14.05.2019 15:17:30;359
636934366505341868;14.05.2019 15:17:30;360
636934366505810484;14.05.2019 15:17:30;360
636934366506435434;14.05.2019 15:17:30;359
636934366506904017;14.05.2019 15:17:30;360
636934366507373151;14.05.2019 15:17:30;360
636934366507842720;14.05.2019 15:17:30;360
636934366508310684;14.05.2019 15:17:30;360
636934366508936195;14.05.2019 15:17:30;360
636934366509405179;14.05.2019 15:17:30;360
636934366509874795;14.05.2019 15:17:30;360
636934366510343646;14.05.2019 15:17:31;360
636934366510812969;14.05.2019 15:17:31;360
636934366511353495;14.05.2019 15:17:31;360
636934366511823030;14.05.2019 15:17:31;360
636934366512447923;14.05.2019 15:17:31;361
636934366512916937;14.05.2019 15:17:31;360
636934366513386786;14.05.2019 15:17:31;360
636934366513856347;14.05.2019 15:17:31;361
636934366514325004;14.05.2019 15:17:31;360
636934366514950143;14.05.2019 15:17:31;360
636934366515419693;14.05.2019 15:17:31;361
636934366515888697;14.05.2019 15:17:31;360
636934366516358302;14.05.2019 15:17:31;361
636934366516983208;14.05.2019 15:17:31;361
636934366517451807;14.05.2019 15:17:31;360
636934366517922232;14.05.2019 15:17:31;361
636934366518392203;14.05.2019 15:17:31;361
636934366519017962;14.05.2019 15:17:31;361
636934366519486838;14.05.2019 15:17:31;361
636934366519956729;14.05.2019 15:17:31;360
636934366520427633;14.05.2019 15:17:32;361
636934366520896271;14.05.2019 15:17:32;361
636934366521365283;14.05.2019 15:17:32;361
636934366521990203;14.05.2019 15:17:32;361
636934366522460088;14.05.2019 15:17:32;361
636934366522929629;14.05.2019 15:17:32;361
636934366523398583;14.05.2019 15:17:32;362
636934366524024337;14.05.2019 15:17:32;361
636934366524492150;14.05.2019 15:17:32;362
636934366524961954;14.05.2019 15:17:32;363
636934366525431498;14.05.2019 15:17:32;361
636934366526057784;14.05.2019 15:17:32;361
636934366526527331;14.05.2019 15:17:32;363
636934366526995966;14.05.2019 15:17:32;362
636934366527464665;14.05.2019 15:17:32;362
636934366527933289;14.05.2019 15:17:32;362
636934366528558137;14.05.2019 15:17:32;362
636934366529026778;14.05.2019 15:17:32;362
636934366529495424;14.05.2019 15:17:32;363
636934366529964060;14.05.2019 15:17:32;363
636934366530432701;14.05.2019 15:17:33;362
636934366531057554;14.05.2019 15:17:33;362
636934366531526195;14.05.2019 15:17:33;362
636934366531994830;14.05.2019 15:17:33;362
636934366532463493;14.05.2019 15:17:33;362
636934366533088322;14.05.2019 15:17:33;362
636934366533558171;14.05.2019 15:17:33;362
636934366534027374;14.05.2019 15:17:33;363
636934366534496962;14.05.2019 15:17:33;363
636934366534965606;14.05.2019 15:17:33;363
636934366535590451;14.05.2019 15:17:33;363
636934366536059103;14.05.2019 15:17:33;364
636934366536527735;14.05.2019 15:17:33;363
636934366536995437;14.05.2019 15:17:33;363
636934366537465025;14.05.2019 15:17:33;364
636934366538089887;14.05.2019 15:17:33;363
636934366538558533;14.05.2019 15:17:33;363
636934366539027440;14.05.2019 15:17:33;364
636934366539653241;14.05.2019 15:17:33;363
636934366540122179;14.05.2019 15:17:34;363
636934366540591781;14.05.2019 15:17:34;364
636934366541060408;14.05.2019 15:17:34;364
636934366541529046;14.05.2019 15:17:34;364
636934366542153309;14.05.2019 15:17:34;363
636934366542622889;14.05.2019 15:17:34;364
636934366543091979;14.05.2019 15:17:34;364
636934366543561559;14.05.2019 15:17:34;364
636934366544030660;14.05.2019 15:17:34;364
636934366544656463;14.05.2019 15:17:34;364
636934366545125102;14.05.2019 15:17:34;364
636934366545593789;14.05.2019 15:17:34;364
636934366546062372;14.05.2019 15:17:34;364
636934366546687514;14.05.2019 15:17:34;364
636934366547156174;14.05.2019 15:17:34;365
636934366547625737;14.05.2019 15:17:34;364
636934366548094381;14.05.2019 15:17:34;364
636934366548562977;14.05.2019 15:17:34;364
636934366549187842;14.05.2019 15:17:34;364
636934366549655588;14.05.2019 15:17:34;364
636934366550125107;14.05.2019 15:17:35;365
636934366550593795;14.05.2019 15:17:35;365
636934366551062461;14.05.2019 15:17:35;365
636934366551687289;14.05.2019 15:17:35;365
636934366552155922;14.05.2019 15:17:35;364
636934366552624565;14.05.2019 15:17:35;365
636934366553093203;14.05.2019 15:17:35;365
636934366553718065;14.05.2019 15:17:35;365
636934366554186695;14.05.2019 15:17:35;365
636934366554655339;14.05.2019 15:17:35;365
636934366555123996;14.05.2019 15:17:35;365
636934366555748838;14.05.2019 15:17:35;365
636934366556217513;14.05.2019 15:17:35;364
636934366556686115;14.05.2019 15:17:35;365
636934366557154783;14.05.2019 15:17:35;365
636934366557623355;14.05.2019 15:17:35;365
636934366558248205;14.05.2019 15:17:35;366
636934366558718201;14.05.2019 15:17:35;365
636934366559185919;14.05.2019 15:17:35;365
636934366559655444;14.05.2019 15:17:35;367
636934366560124051;14.05.2019 15:17:36;365
636934366560749179;14.05.2019 15:17:36;365
636934366561218723;14.05.2019 15:17:36;367
636934366561689071;14.05.2019 15:17:36;366
636934366562159141;14.05.2019 15:17:36;366
636934366562786732;14.05.2019 15:17:36;367
636934366563255384;14.05.2019 15:17:36;366
636934366563724920;14.05.2019 15:17:36;366
636934366564193569;14.05.2019 15:17:36;367
636934366564662199;14.05.2019 15:17:36;366
636934366565288634;14.05.2019 15:17:36;366
636934366565757291;14.05.2019 15:17:36;366
636934366566225932;14.05.2019 15:17:36;366
636934366566695535;14.05.2019 15:17:36;366
636934366567164170;14.05.2019 15:17:36;366
636934366567789034;14.05.2019 15:17:36;366
636934366568257598;14.05.2019 15:17:36;366
636934366568726230;14.05.2019 15:17:36;366
636934366569193987;14.05.2019 15:17:36;367
636934366569820015;14.05.2019 15:17:36;367
636934366570289568;14.05.2019 15:17:37;367
636934366570758206;14.05.2019 15:17:37;368
636934366571226847;14.05.2019 15:17:37;367
636934366571850811;14.05.2019 15:17:37;367
636934366572320701;14.05.2019 15:17:37;368
636934366572790240;14.05.2019 15:17:37;367
636934366573258900;14.05.2019 15:17:37;368
636934366573727532;14.05.2019 15:17:37;368
636934366574352211;14.05.2019 15:17:37;368
636934366574821445;14.05.2019 15:17:37;368
636934366575290091;14.05.2019 15:17:37;368
636934366575759009;14.05.2019 15:17:37;368
636934366576228562;14.05.2019 15:17:37;368
636934366576852523;14.05.2019 15:17:37;367
636934366577322048;14.05.2019 15:17:37;368
636934366577791013;14.05.2019 15:17:37;368
636934366578260593;14.05.2019 15:17:37;368
636934366578885416;14.05.2019 15:17:37;368
636934366579353173;14.05.2019 15:17:37;368
636934366579822695;14.05.2019 15:17:37;368
636934366580291333;14.05.2019 15:17:38;368
636934366580760345;14.05.2019 15:17:38;368
636934366581386387;14.05.2019 15:17:38;368
636934366581855302;14.05.2019 15:17:38;369
636934366582324574;14.05.2019 15:17:38;368
636934366582793561;14.05.2019 15:17:38;368
636934366583262222;14.05.2019 15:17:38;368
636934366583888197;14.05.2019 15:17:38;368
636934366584356855;14.05.2019 15:17:38;369
636934366584826377;14.05.2019 15:17:38;370
636934366585295040;14.05.2019 15:17:38;369
636934366585919860;14.05.2019 15:17:38;369
636934366586387625;14.05.2019 15:17:38;370
636934366586856294;14.05.2019 15:17:38;368
636934366587325838;14.05.2019 15:17:38;369
636934366587951888;14.05.2019 15:17:38;369
636934366588423385;14.05.2019 15:17:38;369
636934366588893098;14.05.2019 15:17:38;369
636934366589361761;14.05.2019 15:17:38;369
636934366589831605;14.05.2019 15:17:38;369
636934366590300511;14.05.2019 15:17:39;369
636934366590926631;14.05.2019 15:17:39;369
636934366591397416;14.05.2019 15:17:39;369
636934366591865123;14.05.2019 15:17:39;369
636934366592334654;14.05.2019 15:17:39;369
636934366592960665;14.05.2019 15:17:39;370
636934366593430475;14.05.2019 15:17:39;370
636934366593898515;14.05.2019 15:17:39;370
636934366594366856;14.05.2019 15:17:39;370
636934366594993899;14.05.2019 15:17:39;370
636934366595462830;14.05.2019 15:17:39;369
636934366595933533;14.05.2019 15:17:39;371
636934366596402168;14.05.2019 15:17:39;370
636934366596870191;14.05.2019 15:17:39;370
636934366597495332;14.05.2019 15:17:39;371
636934366597966040;14.05.2019 15:17:39;370
636934366598434675;14.05.2019 15:17:39;370
636934366598903336;14.05.2019 15:17:39;371
636934366599371079;14.05.2019 15:17:39;370
636934366599997193;14.05.2019 15:17:39;371
636934366600468125;14.05.2019 15:17:40;371
636934366600936702;14.05.2019 15:17:40;370
636934366601405587;14.05.2019 15:17:40;371
636934366602031343;14.05.2019 15:17:40;371
636934366602499984;14.05.2019 15:17:40;371
636934366602968697;14.05.2019 15:17:40;371
636934366603437385;14.05.2019 15:17:40;371
636934366603905954;14.05.2019 15:17:40;371
636934366604530799;14.05.2019 15:17:40;371
636934366604999437;14.05.2019 15:17:40;371
636934366605468042;14.05.2019 15:17:40;372
636934366605936932;14.05.2019 15:17:40;371
636934366606406479;14.05.2019 15:17:40;371
636934366607031330;14.05.2019 15:17:40;373
636934366607499350;14.05.2019 15:17:40;372
636934366607969035;14.05.2019 15:17:40;372
636934366608595219;14.05.2019 15:17:40;373
636934366609065813;14.05.2019 15:17:40;372
636934366609534539;14.05.2019 15:17:40;372
636934366610003593;14.05.2019 15:17:41;372
636934366610473137;14.05.2019 15:17:41;372
636934366610940883;14.05.2019 15:17:41;372
636934366611566629;14.05.2019 15:17:41;372
636934366612035563;14.05.2019 15:17:41;372
636934366612505121;14.05.2019 15:17:41;372
636934366612973778;14.05.2019 15:17:41;372
636934366613442436;14.05.2019 15:17:41;372
636934366614067250;14.05.2019 15:17:41;372
636934366614535889;14.05.2019 15:17:41;372
636934366615004532;14.05.2019 15:17:41;372
636934366615630951;14.05.2019 15:17:41;372
636934366616100506;14.05.2019 15:17:41;372
636934366616569133;14.05.2019 15:17:41;372
636934366617037785;14.05.2019 15:17:41;372
636934366617506462;14.05.2019 15:17:41;372
636934366618132559;14.05.2019 15:17:41;372
636934366618602544;14.05.2019 15:17:41;373
636934366619072118;14.05.2019 15:17:41;373
636934366619540729;14.05.2019 15:17:41;374
636934366620009364;14.05.2019 15:17:42;373
636934366620634226;14.05.2019 15:17:42;373
636934366621103182;14.05.2019 15:17:42;374
636934366621572724;14.05.2019 15:17:42;373
636934366622041373;14.05.2019 15:17:42;373
636934366622666262;14.05.2019 15:17:42;373
636934366623134906;14.05.2019 15:17:42;373
636934366623602688;14.05.2019 15:17:42;373
636934366624072177;14.05.2019 15:17:42;373
636934366624540787;14.05.2019 15:17:42;373
636934366625165895;14.05.2019 15:17:42;373
636934366625634547;14.05.2019 15:17:42;373
636934366626104144;14.05.2019 15:17:42;374
636934366626571834;14.05.2019 15:17:42;373
636934366627041403;14.05.2019 15:17:42;373
636934366627666334;14.05.2019 15:17:42;373
636934366628134981;14.05.2019 15:17:42;373
636934366628603616;14.05.2019 15:17:42;373
636934366629072179;14.05.2019 15:17:42;374
636934366629697507;14.05.2019 15:17:42;373
636934366630167125;14.05.2019 15:17:43;373
636934366630635769;14.05.2019 15:17:43;374
636934366631104670;14.05.2019 15:17:43;373
636934366631729540;14.05.2019 15:17:43;373
636934366632199314;14.05.2019 15:17:43;375
636934366632668867;14.05.2019 15:17:43;373
636934366633137505;14.05.2019 15:17:43;374
636934366633606140;14.05.2019 15:17:43;374
636934366634230110;14.05.2019 15:17:43;373
636934366634698981;14.05.2019 15:17:43;374
636934366635169921;14.05.2019 15:17:43;374
636934366635640723;14.05.2019 15:17:43;374
636934366636109691;14.05.2019 15:17:43;374
636934366636734674;14.05.2019 15:17:43;373
636934366637204110;14.05.2019 15:17:43;374
636934366637674014;14.05.2019 15:17:43;374
636934366638143107;14.05.2019 15:17:43;373
636934366638768936;14.05.2019 15:17:43;374
636934366639236621;14.05.2019 15:17:43;374
636934366639706367;14.05.2019 15:17:43;374
636934366640176146;14.05.2019 15:17:44;374
636934366640645690;14.05.2019 15:17:44;374
636934366641270782;14.05.2019 15:17:44;374
636934366641739442;14.05.2019 15:17:44;375
636934366642208970;14.05.2019 15:17:44;374
636934366642677683;14.05.2019 15:17:44;374
636934366643146315;14.05.2019 15:17:44;376
636934366643772424;14.05.2019 15:17:44;375
636934366644241314;14.05.2019 15:17:44;375
636934366644710866;14.05.2019 15:17:44;376
636934366645179119;14.05.2019 15:17:44;375
636934366645804388;14.05.2019 15:17:44;375
636934366646273071;14.05.2019 15:17:44;375
636934366646740745;14.05.2019 15:17:44;375
636934366647210278;14.05.2019 15:17:44;375
636934366647834242;14.05.2019 15:17:44;375
636934366648302882;14.05.2019 15:17:44;375
636934366648771521;14.05.2019 15:17:44;375
636934366649240156;14.05.2019 15:17:44;376
636934366649709686;14.05.2019 15:17:44;375
636934366650178648;14.05.2019 15:17:45;375
636934366650805754;14.05.2019 15:17:45;375
636934366651274811;14.05.2019 15:17:45;376
636934366651743462;14.05.2019 15:17:45;376
636934366652212998;14.05.2019 15:17:45;376
636934366652839376;14.05.2019 15:17:45;376
636934366653308931;14.05.2019 15:17:45;376
636934366653777555;14.05.2019 15:17:45;376
636934366654245315;14.05.2019 15:17:45;377
636934366654871046;14.05.2019 15:17:45;376
636934366655339698;14.05.2019 15:17:45;376
636934366655808677;14.05.2019 15:17:45;377
636934366656279992;14.05.2019 15:17:45;376
636934366656748652;14.05.2019 15:17:45;376
636934366657374420;14.05.2019 15:17:45;377
636934366657843085;14.05.2019 15:17:45;376
636934366658312020;14.05.2019 15:17:45;377
636934366658781600;14.05.2019 15:17:45;377
636934366659249335;14.05.2019 15:17:45;376
636934366659874928;14.05.2019 15:17:45;377
636934366660344081;14.05.2019 15:17:46;377
636934366660813664;14.05.2019 15:17:46;376
636934366661282596;14.05.2019 15:17:46;377
636934366661908389;14.05.2019 15:17:46;377
636934366662376110;14.05.2019 15:17:46;377
636934366662846111;14.05.2019 15:17:46;377
636934366663315663;14.05.2019 15:17:46;377
636934366663784359;14.05.2019 15:17:46;378
636934366664409199;14.05.2019 15:17:46;377
636934366664876912;14.05.2019 15:17:46;377
636934366665346519;14.05.2019 15:17:46;378
636934366665815523;14.05.2019 15:17:46;377
636934366666285103;14.05.2019 15:17:46;378
636934366666909960;14.05.2019 15:17:46;379
636934366667378606;14.05.2019 15:17:46;378
636934366667847272;14.05.2019 15:17:46;378
636934366668316184;14.05.2019 15:17:46;379
636934366668942323;14.05.2019 15:17:46;378
636934366669411914;14.05.2019 15:17:46;378
636934366669880538;14.05.2019 15:17:46;378
636934366670349187;14.05.2019 15:17:47;378
636934366670974060;14.05.2019 15:17:47;378
636934366671442682;14.05.2019 15:17:47;378
636934366671911317;14.05.2019 15:17:47;378
636934366672380434;14.05.2019 15:17:47;378
636934366672850026;14.05.2019 15:17:47;378
636934366673474053;14.05.2019 15:17:47;378
636934366673943520;14.05.2019 15:17:47;378
636934366674412446;14.05.2019 15:17:47;378
636934366674882026;14.05.2019 15:17:47;378
636934366675350675;14.05.2019 15:17:47;379
636934366675974606;14.05.2019 15:17:47;379
636934366676444131;14.05.2019 15:17:47;379
636934366676913198;14.05.2019 15:17:47;379
636934366677382751;14.05.2019 15:17:47;379
636934366678009117;14.05.2019 15:17:47;380
636934366678479185;14.05.2019 15:17:47;379
636934366678948693;14.05.2019 15:17:47;379
636934366679417375;14.05.2019 15:17:47;380
636934366679886384;14.05.2019 15:17:47;379
636934366680512155;14.05.2019 15:17:48;379
636934366680982394;14.05.2019 15:17:48;380
636934366681453587;14.05.2019 15:17:48;379
636934366681923131;14.05.2019 15:17:48;379
636934366682391785;14.05.2019 15:17:48;379
636934366683016686;14.05.2019 15:17:48;380
636934366683485263;14.05.2019 15:17:48;379
636934366683953023;14.05.2019 15:17:48;380
636934366684422548;14.05.2019 15:17:48;380
636934366685047401;14.05.2019 15:17:48;380
636934366685516333;14.05.2019 15:17:48;380
636934366685987268;14.05.2019 15:17:48;380
636934366686455861;14.05.2019 15:17:48;380
636934366686924502;14.05.2019 15:17:48;380
636934366687549608;14.05.2019 15:17:48;380
636934366688020737;14.05.2019 15:17:48;380
636934366688491835;14.05.2019 15:17:48;380
636934366688961745;14.05.2019 15:17:48;381
636934366689431289;14.05.2019 15:17:48;380
636934366690056139;14.05.2019 15:17:49;381
636934366690524822;14.05.2019 15:17:49;382
636934366690993465;14.05.2019 15:17:49;380
636934366691618410;14.05.2019 15:17:49;381
636934366692087248;14.05.2019 15:17:49;381
636934366692556797;14.05.2019 15:17:49;381
636934366693025430;14.05.2019 15:17:49;381
636934366693494096;14.05.2019 15:17:49;381
636934366694118040;14.05.2019 15:17:49;380
636934366694587576;14.05.2019 15:17:49;381
636934366695056206;14.05.2019 15:17:49;381
636934366695524883;14.05.2019 15:17:49;380
636934366695993529;14.05.2019 15:17:49;380
636934366696462167;14.05.2019 15:17:49;381
636934366697087015;14.05.2019 15:17:49;380
636934366697555994;14.05.2019 15:17:49;381
636934366698025638;14.05.2019 15:17:49;380
636934366698651724;14.05.2019 15:17:49;381
636934366699119434;14.05.2019 15:17:49;381
636934366699588956;14.05.2019 15:17:49;381
636934366700057594;14.05.2019 15:17:50;382
636934366700526276;14.05.2019 15:17:50;381
636934366701151130;14.05.2019 15:17:50;381
636934366701618845;14.05.2019 15:17:50;383
636934366702088445;14.05.2019 15:17:50;381
636934366702557011;14.05.2019 15:17:50;382
636934366703025654;14.05.2019 15:17:50;383
636934366703650577;14.05.2019 15:17:50;382
636934366704119185;14.05.2019 15:17:50;382
636934366704587828;14.05.2019 15:17:50;382
636934366705056464;14.05.2019 15:17:50;382
636934366705681248;14.05.2019 15:17:50;382
636934366706151631;14.05.2019 15:17:50;382
636934366706620292;14.05.2019 15:17:50;382
636934366707089813;14.05.2019 15:17:50;382
636934366707715033;14.05.2019 15:17:50;382
636934366708184854;14.05.2019 15:17:50;382
636934366708654858;14.05.2019 15:17:50;382
636934366709123540;14.05.2019 15:17:50;382
636934366709593414;14.05.2019 15:17:50;382
636934366710061154;14.05.2019 15:17:51;382
636934366710686855;14.05.2019 15:17:51;382
636934366711155541;14.05.2019 15:17:51;383
636934366711624550;14.05.2019 15:17:51;382
636934366712094108;14.05.2019 15:17:51;382
636934366712720568;14.05.2019 15:17:51;383
636934366713190173;14.05.2019 15:17:51;383
636934366713658759;14.05.2019 15:17:51;382
636934366714127555;14.05.2019 15:17:51;384
636934366714753655;14.05.2019 15:17:51;383
636934366715223515;14.05.2019 15:17:51;383
636934366715693059;14.05.2019 15:17:51;383
636934366716163237;14.05.2019 15:17:51;383
636934366716631895;14.05.2019 15:17:51;383
636934366717257654;14.05.2019 15:17:51;383
636934366717726281;14.05.2019 15:17:51;383
636934366718196116;14.05.2019 15:17:51;384
636934366718664707;14.05.2019 15:17:51;383
636934366719132713;14.05.2019 15:17:51;384
636934366719757489;14.05.2019 15:17:51;383
636934366720226252;14.05.2019 15:17:52;383
636934366720695810;14.05.2019 15:17:52;383
636934366721164445;14.05.2019 15:17:52;384
636934366721790908;14.05.2019 15:17:52;383
636934366722259560;14.05.2019 15:17:52;384
636934366722730573;14.05.2019 15:17:52;384
636934366723199136;14.05.2019 15:17:52;384
636934366723667228;14.05.2019 15:17:52;384
636934366724292736;14.05.2019 15:17:52;384
636934366724761739;14.05.2019 15:17:52;384
636934366725231389;14.05.2019 15:17:52;384
636934366725699329;14.05.2019 15:17:52;384
636934366726168645;14.05.2019 15:17:52;384
636934366726793491;14.05.2019 15:17:52;384
636934366727261164;14.05.2019 15:17:52;384
636934366727730769;14.05.2019 15:17:52;384
636934366728199424;14.05.2019 15:17:52;385
636934366728824275;14.05.2019 15:17:52;384
636934366729292913;14.05.2019 15:17:52;384
636934366729761471;14.05.2019 15:17:52;384
636934366730230081;14.05.2019 15:17:53;384
636934366730854973;14.05.2019 15:17:53;384
636934366731323642;14.05.2019 15:17:53;384
636934366731792532;14.05.2019 15:17:53;384
636934366732262317;14.05.2019 15:17:53;384
636934366732732243;14.05.2019 15:17:53;384
636934366733201774;14.05.2019 15:17:53;384
636934366733826624;14.05.2019 15:17:53;385
636934366734295279;14.05.2019 15:17:53;384
636934366734764197;14.05.2019 15:17:53;385
636934366735233755;14.05.2019 15:17:53;385
636934366735857711;14.05.2019 15:17:53;385
636934366736327232;14.05.2019 15:17:53;385
636934366736795923;14.05.2019 15:17:53;385
636934366737264597;14.05.2019 15:17:53;385
636934366737891166;14.05.2019 15:17:53;385
636934366738361070;14.05.2019 15:17:53;385
636934366738830705;14.05.2019 15:17:53;385
636934366739299318;14.05.2019 15:17:53;386
636934366739767943;14.05.2019 15:17:53;384
636934366740394226;14.05.2019 15:17:54;385
636934366740862731;14.05.2019 15:17:54;385
636934366741331374;14.05.2019 15:17:54;385
636934366741800004;14.05.2019 15:17:54;385
636934366742268653;14.05.2019 15:17:54;384
636934366742893557;14.05.2019 15:17:54;384
636934366743362137;14.05.2019 15:17:54;385
636934366743829896;14.05.2019 15:17:54;384
636934366744299185;14.05.2019 15:17:54;384
636934366744925579;14.05.2019 15:17:54;385
636934366745394511;14.05.2019 15:17:54;385
636934366745864554;14.05.2019 15:17:54;384
636934366746333214;14.05.2019 15:17:54;385
636934366746803124;14.05.2019 15:17:54;385
636934366747428878;14.05.2019 15:17:54;385
636934366747896626;14.05.2019 15:17:54;385
636934366748367326;14.05.2019 15:17:54;385
636934366748835075;14.05.2019 15:17:54;386
636934366749304627;14.05.2019 15:17:54;385
636934366749930650;14.05.2019 15:17:54;385
636934366750400515;14.05.2019 15:17:55;386
636934366750869159;14.05.2019 15:17:55;385
636934366751336918;14.05.2019 15:17:55;385
636934366751962653;14.05.2019 15:17:55;386
636934366752431285;14.05.2019 15:17:55;385
636934366752900261;14.05.2019 15:17:55;385
636934366753369792;14.05.2019 15:17:55;385
636934366753994665;14.05.2019 15:17:55;385
636934366754463300;14.05.2019 15:17:55;385
636934366754931966;14.05.2019 15:17:55;385
636934366755400587;14.05.2019 15:17:55;386
636934366755869255;14.05.2019 15:17:55;385
636934366756494115;14.05.2019 15:17:55;385
636934366756963165;14.05.2019 15:17:55;386
636934366757432779;14.05.2019 15:17:55;386
636934366757901666;14.05.2019 15:17:55;386
636934366758371498;14.05.2019 15:17:55;386
636934366758996363;14.05.2019 15:17:55;386
636934366759465935;14.05.2019 15:17:55;386
636934366759934581;14.05.2019 15:17:55;387
636934366760404574;14.05.2019 15:17:56;386
636934366761029305;14.05.2019 15:17:56;387
636934366761497087;14.05.2019 15:17:56;388
636934366761966626;14.05.2019 15:17:56;387
636934366762436663;14.05.2019 15:17:56;387
636934366762905617;14.05.2019 15:17:56;388
636934366763533183;14.05.2019 15:17:56;386
636934366764002738;14.05.2019 15:17:56;387
636934366764471359;14.05.2019 15:17:56;387
636934366764940008;14.05.2019 15:17:56;386
636934366765409087;14.05.2019 15:17:56;387
636934366766034858;14.05.2019 15:17:56;387
636934366766503487;14.05.2019 15:17:56;388
636934366766973278;14.05.2019 15:17:56;387
636934366767441913;14.05.2019 15:17:56;387
636934366768066770;14.05.2019 15:17:56;387
636934366768535751;14.05.2019 15:17:56;387
636934366769005306;14.05.2019 15:17:56;387
636934366769474183;14.05.2019 15:17:56;387
636934366769943812;14.05.2019 15:17:56;387
636934366770568824;14.05.2019 15:17:57;387
636934366771039745;14.05.2019 15:17:57;387
636934366771509283;14.05.2019 15:17:57;387
636934366771977924;14.05.2019 15:17:57;387
636934366772446565;14.05.2019 15:17:57;389
636934366773072657;14.05.2019 15:17:57;388
636934366773540458;14.05.2019 15:17:57;388
636934366774010279;14.05.2019 15:17:57;389
636934366774636039;14.05.2019 15:17:57;388
636934366775103793;14.05.2019 15:17:57;388
636934366775574947;14.05.2019 15:17:57;388
636934366776044541;14.05.2019 15:17:57;388
636934366776513143;14.05.2019 15:17:57;388
636934366777139334;14.05.2019 15:17:57;388
636934366777607975;14.05.2019 15:17:57;388
636934366778076611;14.05.2019 15:17:57;388
636934366778546642;14.05.2019 15:17:57;388
636934366779015169;14.05.2019 15:17:57;388
636934366779639142;14.05.2019 15:17:57;388
636934366780108722;14.05.2019 15:17:58;388
636934366780577582;14.05.2019 15:17:58;389
636934366781047176;14.05.2019 15:17:58;388
636934366781673279;14.05.2019 15:17:58;388
636934366782140991;14.05.2019 15:17:58;389
636934366782610516;14.05.2019 15:17:58;389
636934366783079159;14.05.2019 15:17:58;388
636934366783547138;14.05.2019 15:17:58;390
636934366784172665;14.05.2019 15:17:58;389
636934366784641876;14.05.2019 15:17:58;389
636934366785111418;14.05.2019 15:17:58;390
636934366785579194;14.05.2019 15:17:58;389
636934366786047816;14.05.2019 15:17:58;389
636934366786673567;14.05.2019 15:17:58;390
636934366787142202;14.05.2019 15:17:58;389
636934366787611206;14.05.2019 15:17:58;389
636934366788080844;14.05.2019 15:17:58;389
636934366788705157;14.05.2019 15:17:58;389
636934366789174693;14.05.2019 15:17:58;389
636934366789644497;14.05.2019 15:17:58;389
636934366790113149;14.05.2019 15:17:59;389
636934366790738205;14.05.2019 15:17:59;389
636934366791207755;14.05.2019 15:17:59;390
636934366791676393;14.05.2019 15:17:59;390
636934366792145081;14.05.2019 15:17:59;389
636934366792613666;14.05.2019 15:17:59;390
636934366793237641;14.05.2019 15:17:59;390
636934366793707133;14.05.2019 15:17:59;390
636934366794177114;14.05.2019 15:17:59;391
636934366794645739;14.05.2019 15:17:59;390
636934366795114402;14.05.2019 15:17:59;390
636934366795738615;14.05.2019 15:17:59;391
636934366796208126;14.05.2019 15:17:59;390
636934366796677678;14.05.2019 15:17:59;390
636934366797146325;14.05.2019 15:17:59;391
636934366797771164;14.05.2019 15:17:59;390
636934366798241390;14.05.2019 15:17:59;390
636934366798710047;14.05.2019 15:17:59;391
636934366799178791;14.05.2019 15:17:59;390
636934366799648213;14.05.2019 15:17:59;390
636934366800273604;14.05.2019 15:18:00;390
636934366800743525;14.05.2019 15:18:00;390
636934366801212559;14.05.2019 15:18:00;390
636934366801682142;14.05.2019 15:18:00;390
636934366802150746;14.05.2019 15:18:00;390
636934366802775636;14.05.2019 15:18:00;390
636934366803244246;14.05.2019 15:18:00;390
636934366803712455;14.05.2019 15:18:00;391
636934366804181561;14.05.2019 15:18:00;391
636934366804808058;14.05.2019 15:18:00;391
636934366805277616;14.05.2019 15:18:00;392
636934366805747877;14.05.2019 15:18:00;391
636934366806216820;14.05.2019 15:18:00;391
636934366806686641;14.05.2019 15:18:00;392
636934366807312403;14.05.2019 15:18:00;391
636934366807780642;14.05.2019 15:18:00;391
636934366808249954;14.05.2019 15:18:00;392
636934366808718545;14.05.2019 15:18:00;391
636934366809187224;14.05.2019 15:18:00;391
636934366809812075;14.05.2019 15:18:00;392
636934366810281117;14.05.2019 15:18:01;391
636934366810750659;14.05.2019 15:18:01;391
636934366811218765;14.05.2019 15:18:01;391
636934366811844195;14.05.2019 15:18:01;391
636934366812313110;14.05.2019 15:18:01;392
636934366812782945;14.05.2019 15:18:01;391
636934366813252505;14.05.2019 15:18:01;392
636934366813877334;14.05.2019 15:18:01;392
636934366814345994;14.05.2019 15:18:01;392
636934366814814613;14.05.2019 15:18:01;392
636934366815283254;14.05.2019 15:18:01;392
636934366815751953;14.05.2019 15:18:01;392
636934366816376767;14.05.2019 15:18:01;393
636934366816845721;14.05.2019 15:18:01;392
636934366817315265;14.05.2019 15:18:01;392
636934366817783970;14.05.2019 15:18:01;392
636934366818252586;14.05.2019 15:18:01;392
636934366818876597;14.05.2019 15:18:01;392
636934366819346086;14.05.2019 15:18:01;393
636934366819814754;14.05.2019 15:18:01;393
636934366820283686;14.05.2019 15:18:02;393
636934366820910202;14.05.2019 15:18:02;393
636934366821379241;14.05.2019 15:18:02;392
636934366821849148;14.05.2019 15:18:02;393
636934366822319078;14.05.2019 15:18:02;393
636934366822846091;14.05.2019 15:18:02;393
636934366823316201;14.05.2019 15:18:02;392
636934366823785750;14.05.2019 15:18:02;393
636934366824409703;14.05.2019 15:18:02;393
636934366824879236;14.05.2019 15:18:02;393
636934366825347871;14.05.2019 15:18:02;393
636934366825816554;14.05.2019 15:18:02;393
636934366826443061;14.05.2019 15:18:02;393
636934366826912611;14.05.2019 15:18:02;394
636934366827381282;14.05.2019 15:18:02;393
636934366827850264;14.05.2019 15:18:02;393
636934366828319808;14.05.2019 15:18:02;393
636934366828944659;14.05.2019 15:18:02;393
636934366829413299;14.05.2019 15:18:02;394
636934366829881960;14.05.2019 15:18:02;393
636934366830350578;14.05.2019 15:18:03;393
636934366830819582;14.05.2019 15:18:03;393
636934366831445414;14.05.2019 15:18:03;394
636934366831915340;14.05.2019 15:18:03;393
636934366832383934;14.05.2019 15:18:03;394
636934366833007837;14.05.2019 15:18:03;394
636934366833477409;14.05.2019 15:18:03;394
636934366833946346;14.05.2019 15:18:03;393
636934366834416225;14.05.2019 15:18:03;394
636934366834885766;14.05.2019 15:18:03;394
636934366835354407;14.05.2019 15:18:03;394
636934366835979269;14.05.2019 15:18:03;394
636934366836447929;14.05.2019 15:18:03;394
636934366836916531;14.05.2019 15:18:03;393
636934366837385178;14.05.2019 15:18:03;395
636934366837853885;14.05.2019 15:18:03;394
636934366838478672;14.05.2019 15:18:03;394
636934366838947329;14.05.2019 15:18:03;395
636934366839415075;14.05.2019 15:18:03;394
636934366840041134;14.05.2019 15:18:04;394
636934366840510681;14.05.2019 15:18:04;394
636934366840979341;14.05.2019 15:18:04;394
636934366841448248;14.05.2019 15:18:04;395
636934366841917180;14.05.2019 15:18:04;396
636934366842541762;14.05.2019 15:18:04;395
636934366843011777;14.05.2019 15:18:04;395
636934366843482656;14.05.2019 15:18:04;395
636934366843951280;14.05.2019 15:18:04;395
636934366844419924;14.05.2019 15:18:04;395
636934366845046118;14.05.2019 15:18:04;395
636934366845514737;14.05.2019 15:18:04;394
636934366845983746;14.05.2019 15:18:04;395
636934366846453365;14.05.2019 15:18:04;395
636934366847077260;14.05.2019 15:18:04;395
636934366847546857;14.05.2019 15:18:04;395
636934366848015824;14.05.2019 15:18:04;395
636934366848486845;14.05.2019 15:18:04;395
636934366848956428;14.05.2019 15:18:04;395
636934366849580359;14.05.2019 15:18:04;395
636934366850049296;14.05.2019 15:18:05;396
636934366850518599;14.05.2019 15:18:05;395
636934366850987234;14.05.2019 15:18:05;396
636934366851455853;14.05.2019 15:18:05;397
636934366852079773;14.05.2019 15:18:05;396
636934366852549616;14.05.2019 15:18:05;396
636934366853019318;14.05.2019 15:18:05;397
636934366853489003;14.05.2019 15:18:05;396
636934366854114015;14.05.2019 15:18:05;396
636934366854582672;14.05.2019 15:18:05;396
636934366855053596;14.05.2019 15:18:05;396
636934366855522209;14.05.2019 15:18:05;396
636934366856148315;14.05.2019 15:18:05;397
636934366856617867;14.05.2019 15:18:05;396
636934366857085616;14.05.2019 15:18:05;396
636934366857555146;14.05.2019 15:18:05;396
636934366858023795;14.05.2019 15:18:05;396
636934366858492661;14.05.2019 15:18:05;396
636934366859117583;14.05.2019 15:18:05;396
636934366859586390;14.05.2019 15:18:05;396
636934366860055699;14.05.2019 15:18:06;396
636934366860524351;14.05.2019 15:18:06;397
636934366861148307;14.05.2019 15:18:06;396
636934366861618114;14.05.2019 15:18:06;396
636934366862086996;14.05.2019 15:18:06;397
636934366862556296;14.05.2019 15:18:06;396
636934366863180266;14.05.2019 15:18:06;396
636934366863649222;14.05.2019 15:18:06;397
636934366864118265;14.05.2019 15:18:06;396
636934366864587875;14.05.2019 15:18:06;397
636934366865056414;14.05.2019 15:18:06;397
636934366865681306;14.05.2019 15:18:06;397
636934366866149983;14.05.2019 15:18:06;397
636934366866618621;14.05.2019 15:18:06;397
636934366867087303;14.05.2019 15:18:06;397
636934366867555858;14.05.2019 15:18:06;397
636934366868180717;14.05.2019 15:18:06;397
636934366868649400;14.05.2019 15:18:06;397
636934366869117159;14.05.2019 15:18:06;397
636934366869585750;14.05.2019 15:18:06;397
636934366870211496;14.05.2019 15:18:07;397
636934366870680173;14.05.2019 15:18:07;398
636934366871150501;14.05.2019 15:18:07;398
636934366871621328;14.05.2019 15:18:07;398
636934366872245286;14.05.2019 15:18:07;398
636934366872714844;14.05.2019 15:18:07;399
636934366873182571;14.05.2019 15:18:07;398
636934366873652106;14.05.2019 15:18:07;398
636934366874120526;14.05.2019 15:18:07;399
636934366874744692;14.05.2019 15:18:07;398
636934366875214242;14.05.2019 15:18:07;398
636934366875683215;14.05.2019 15:18:07;398
636934366876153936;14.05.2019 15:18:07;398
636934366876622212;14.05.2019 15:18:07;398
636934366877246746;14.05.2019 15:18:07;398
636934366877716130;14.05.2019 15:18:07;398
636934366878185081;14.05.2019 15:18:07;398
636934366878654611;14.05.2019 15:18:07;398
636934366879278863;14.05.2019 15:18:07;398
636934366879747233;14.05.2019 15:18:07;398
636934366880216768;14.05.2019 15:18:08;398
636934366880685426;14.05.2019 15:18:08;398
636934366881154646;14.05.2019 15:18:08;399
636934366881780688;14.05.2019 15:18:08;399
636934366882250224;14.05.2019 15:18:08;399
636934366882718850;14.05.2019 15:18:08;399
636934366883187552;14.05.2019 15:18:08;400
636934366883656168;14.05.2019 15:18:08;399
636934366884280750;14.05.2019 15:18:08;399
636934366884750025;14.05.2019 15:18:08;400
636934366885218650;14.05.2019 15:18:08;399
636934366885843636;14.05.2019 15:18:08;399
636934366886313227;14.05.2019 15:18:08;400
636934366886780937;14.05.2019 15:18:08;399
636934366887250495;14.05.2019 15:18:08;399
636934366887719108;14.05.2019 15:18:08;399
636934366888343072;14.05.2019 15:18:08;399
636934366888812602;14.05.2019 15:18:08;399
636934366889280357;14.05.2019 15:18:08;399
636934366889750405;14.05.2019 15:18:08;399
636934366890219952;14.05.2019 15:18:09;399
636934366890688604;14.05.2019 15:18:09;398
636934366891314687;14.05.2019 15:18:09;398
636934366891782428;14.05.2019 15:18:09;399
636934366892252426;14.05.2019 15:18:09;398
636934366892878163;14.05.2019 15:18:09;398
636934366893346225;14.05.2019 15:18:09;399
636934366893815789;14.05.2019 15:18:09;399
636934366894283518;14.05.2019 15:18:09;398
636934366894753054;14.05.2019 15:18:09;399
636934366895379229;14.05.2019 15:18:09;399
636934366895848257;14.05.2019 15:18:09;399
636934366896317813;14.05.2019 15:18:09;399
636934366896785556;14.05.2019 15:18:09;399
636934366897255086;14.05.2019 15:18:09;399
636934366897879945;14.05.2019 15:18:09;399
636934366898348868;14.05.2019 15:18:09;399
636934366898818421;14.05.2019 15:18:09;399
636934366899286491;14.05.2019 15:18:09;399
636934366899756467;14.05.2019 15:18:09;399
636934366900382301;14.05.2019 15:18:10;399
636934366900850953;14.05.2019 15:18:10;399
636934366901319644;14.05.2019 15:18:10;399
636934366901787556;14.05.2019 15:18:10;400
636934366902412966;14.05.2019 15:18:10;400
636934366902881627;14.05.2019 15:18:10;400
636934366903350276;14.05.2019 15:18:10;401
636934366903818922;14.05.2019 15:18:10;400
636934366904287560;14.05.2019 15:18:10;400
636934366904912411;14.05.2019 15:18:10;401
636934366905381054;14.05.2019 15:18:10;400
636934366905848809;14.05.2019 15:18:10;400
636934366906317497;14.05.2019 15:18:10;400
636934366906786980;14.05.2019 15:18:10;400
636934366907411822;14.05.2019 15:18:10;400
636934366907880776;14.05.2019 15:18:10;400
636934366908349517;14.05.2019 15:18:10;400
636934366908975185;14.05.2019 15:18:10;400
636934366909443809;14.05.2019 15:18:10;400
636934366909913691;14.05.2019 15:18:10;400
636934366910381431;14.05.2019 15:18:11;400
636934366910851031;14.05.2019 15:18:11;401
636934366911474926;14.05.2019 15:18:11;401
636934366911944752;14.05.2019 15:18:11;401
636934366912414335;14.05.2019 15:18:11;401
636934366912883422;14.05.2019 15:18:11;401
636934366913352611;14.05.2019 15:18:11;401
636934366913977817;14.05.2019 15:18:11;400
636934366914447771;14.05.2019 15:18:11;401
636934366914916409;14.05.2019 15:18:11;401
636934366915385044;14.05.2019 15:18:11;401
636934366916009377;14.05.2019 15:18:11;401
636934366916478361;14.05.2019 15:18:11;401
636934366916947913;14.05.2019 15:18:11;401
636934366917416554;14.05.2019 15:18:11;401
636934366917885223;14.05.2019 15:18:11;401
636934366918510420;14.05.2019 15:18:11;402
636934366918979252;14.05.2019 15:18:11;401
636934366919448533;14.05.2019 15:18:11;401
636934366919917185;14.05.2019 15:18:11;401
636934366920384931;14.05.2019 15:18:12;401
636934366921010662;14.05.2019 15:18:12;401
636934366921478414;14.05.2019 15:18:12;401
636934366921947944;14.05.2019 15:18:12;401
636934366922416582;14.05.2019 15:18:12;401
636934366923041433;14.05.2019 15:18:12;401
636934366923509193;14.05.2019 15:18:12;402
636934366923977833;14.05.2019 15:18:12;400
636934366924447358;14.05.2019 15:18:12;401
636934366925072211;14.05.2019 15:18:12;402
636934366925540855;14.05.2019 15:18:12;401
636934366926008839;14.05.2019 15:18:12;401
636934366926477466;14.05.2019 15:18:12;401
636934366926946772;14.05.2019 15:18:12;401
636934366927571628;14.05.2019 15:18:12;401
636934366928040676;14.05.2019 15:18:12;401
636934366928510254;14.05.2019 15:18:12;401
636934366928977975;14.05.2019 15:18:12;402
636934366929447496;14.05.2019 15:18:12;402
636934366930072361;14.05.2019 15:18:13;402
636934366930540999;14.05.2019 15:18:13;402
636934366931009632;14.05.2019 15:18:13;403
636934366931478223;14.05.2019 15:18:13;402
636934366932104276;14.05.2019 15:18:13;402
636934366932572911;14.05.2019 15:18:13;402
636934366933041555;14.05.2019 15:18:13;402
636934366933510525;14.05.2019 15:18:13;402
636934366934135409;14.05.2019 15:18:13;402
636934366934604937;14.05.2019 15:18:13;401
636934366935073575;14.05.2019 15:18:13;402
636934366935542215;14.05.2019 15:18:13;402
636934366936010856;14.05.2019 15:18:13;401
636934366936479494;14.05.2019 15:18:13;402
636934366937104345;14.05.2019 15:18:13;401
636934366937573030;14.05.2019 15:18:13;401
636934366938040735;14.05.2019 15:18:13;401
636934366938510298;14.05.2019 15:18:13;401
636934366939134232;14.05.2019 15:18:13;400
636934366939604086;14.05.2019 15:18:13;401
636934366940073624;14.05.2019 15:18:14;400
636934366940542033;14.05.2019 15:18:14;399
636934366941167119;14.05.2019 15:18:14;399
636934366941635194;14.05.2019 15:18:14;398
636934366942104744;14.05.2019 15:18:14;397
636934366942573376;14.05.2019 15:18:14;397
636934366943042020;14.05.2019 15:18:14;396
636934366943668323;14.05.2019 15:18:14;395
636934366944137872;14.05.2019 15:18:14;395
636934366944606502;14.05.2019 15:18:14;393
636934366945075165;14.05.2019 15:18:14;392
636934366945544343;14.05.2019 15:18:14;392
636934366946169363;14.05.2019 15:18:14;390
636934366946639303;14.05.2019 15:18:14;388
636934366947108853;14.05.2019 15:18:14;388
636934366947577560;14.05.2019 15:18:14;386
636934366948202161;14.05.2019 15:18:14;385
636934366948670334;14.05.2019 15:18:14;385
636934366949140133;14.05.2019 15:18:14;382
636934366949609674;14.05.2019 15:18:14;382
636934366950078318;14.05.2019 15:18:15;381
636934366950703169;14.05.2019 15:18:15;380
636934366951170926;14.05.2019 15:18:15;379
636934366951640802;14.05.2019 15:18:15;379
636934366952110421;14.05.2019 15:18:15;376
636934366952579486;14.05.2019 15:18:15;375
636934366953205245;14.05.2019 15:18:15;373
636934366953673448;14.05.2019 15:18:15;372
636934366954143419;14.05.2019 15:18:15;371
636934366954613348;14.05.2019 15:18:15;371
636934366955239105;14.05.2019 15:18:15;370
636934366955708599;14.05.2019 15:18:15;369
636934366956176929;14.05.2019 15:18:15;369
636934366956646950;14.05.2019 15:18:15;369
636934366957272715;14.05.2019 15:18:15;368
636934366957741345;14.05.2019 15:18:15;367
636934366958210675;14.05.2019 15:18:15;368
636934366958680289;14.05.2019 15:18:15;367
636934366959149248;14.05.2019 15:18:15;366
636934366959775343;14.05.2019 15:18:15;367
636934366960244939;14.05.2019 15:18:16;366
636934366960712951;14.05.2019 15:18:16;365
636934366961182229;14.05.2019 15:18:16;365
636934366961650862;14.05.2019 15:18:16;365
636934366962274754;14.05.2019 15:18:16;365
636934366962744356;14.05.2019 15:18:16;365
636934366963213000;14.05.2019 15:18:16;365
636934366963680682;14.05.2019 15:18:16;365
636934366964306810;14.05.2019 15:18:16;365
636934366964777016;14.05.2019 15:18:16;366
636934366965246555;14.05.2019 15:18:16;366
636934366965715982;14.05.2019 15:18:16;366
636934366966184640;14.05.2019 15:18:16;367
636934366966811790;14.05.2019 15:18:16;366
636934366967280431;14.05.2019 15:18:16;367
636934366967749066;14.05.2019 15:18:16;368
636934366968217713;14.05.2019 15:18:16;367
636934366968685389;14.05.2019 15:18:16;367
636934366969310246;14.05.2019 15:18:16;369
636934366969778886;14.05.2019 15:18:16;368
636934366970248508;14.05.2019 15:18:17;368
636934366970873616;14.05.2019 15:18:17;369
636934366971343163;14.05.2019 15:18:17;368
636934366971812264;14.05.2019 15:18:17;368
636934366972281816;14.05.2019 15:18:17;368
636934366972750479;14.05.2019 15:18:17;368
636934366973219095;14.05.2019 15:18:17;368
636934366973843957;14.05.2019 15:18:17;368
636934366974312911;14.05.2019 15:18:17;369
636934366974782516;14.05.2019 15:18:17;369
636934366975251115;14.05.2019 15:18:17;369
636934366975719773;14.05.2019 15:18:17;369
636934366976344626;14.05.2019 15:18:17;369
636934366976813253;14.05.2019 15:18:17;369
636934366977281902;14.05.2019 15:18:17;369
636934366977906758;14.05.2019 15:18:17;369
636934366978374479;14.05.2019 15:18:17;369
636934366978844046;14.05.2019 15:18:17;370
636934366979312686;14.05.2019 15:18:17;369
636934366979781327;14.05.2019 15:18:17;369
636934366980406170;14.05.2019 15:18:18;370
636934366980874810;14.05.2019 15:18:18;370
636934366981343548;14.05.2019 15:18:18;369
636934366981812377;14.05.2019 15:18:18;371
636934366982282362;14.05.2019 15:18:18;370
636934366982909690;14.05.2019 15:18:18;370
636934366983379586;14.05.2019 15:18:18;370
636934366983849127;14.05.2019 15:18:18;370
636934366984318056;14.05.2019 15:18:18;369
636934366984944281;14.05.2019 15:18:18;369
636934366985413847;14.05.2019 15:18:18;370
636934366985882466;14.05.2019 15:18:18;370
636934366986351106;14.05.2019 15:18:18;370
636934366986818861;14.05.2019 15:18:18;370
636934366987444642;14.05.2019 15:18:18;370
636934366987912626;14.05.2019 15:18:18;371
636934366988381921;14.05.2019 15:18:18;371
636934366988850554;14.05.2019 15:18:18;371
636934366989319228;14.05.2019 15:18:18;371
636934366989945289;14.05.2019 15:18:18;371
636934366990413927;14.05.2019 15:18:19;371
636934366990882574;14.05.2019 15:18:19;371
636934366991351212;14.05.2019 15:18:19;372
636934366991976367;14.05.2019 15:18:19;371
636934366992446000;14.05.2019 15:18:19;371
636934366992914588;14.05.2019 15:18:19;372
636934366993383243;14.05.2019 15:18:19;371
636934366994008398;14.05.2019 15:18:19;371
636934366994478003;14.05.2019 15:18:19;371
636934366994946652;14.05.2019 15:18:19;370
636934366995415263;14.05.2019 15:18:19;371
636934366995883272;14.05.2019 15:18:19;371
636934366996508779;14.05.2019 15:18:19;371
636934366996977395;14.05.2019 15:18:19;371
636934366997446028;14.05.2019 15:18:19;371
636934366997914715;14.05.2019 15:18:19;371
636934366998383370;14.05.2019 15:18:19;371
636934366999008168;14.05.2019 15:18:19;371
636934366999476762;14.05.2019 15:18:19;371
636934366999945411;14.05.2019 15:18:19;371
636934367000414052;14.05.2019 15:18:20;371
636934367001038240;14.05.2019 15:18:20;372
636934367001507585;14.05.2019 15:18:20;371
636934367001976226;14.05.2019 15:18:20;371
636934367002444864;14.05.2019 15:18:20;373
636934367003068786;14.05.2019 15:18:20;372
636934367003538569;14.05.2019 15:18:20;372
636934367004008365;14.05.2019 15:18:20;372
636934367004477959;14.05.2019 15:18:20;372
636934367004946597;14.05.2019 15:18:20;371
636934367005415235;14.05.2019 15:18:20;373
636934367006040091;14.05.2019 15:18:20;372
636934367006508726;14.05.2019 15:18:20;371
636934367006977367;14.05.2019 15:18:20;371
636934367007446033;14.05.2019 15:18:20;372
636934367008069931;14.05.2019 15:18:20;371
636934367008539502;14.05.2019 15:18:20;372
636934367009008146;14.05.2019 15:18:20;372
636934367009476804;14.05.2019 15:18:20;372
636934367010101638;14.05.2019 15:18:21;371
636934367010570278;14.05.2019 15:18:21;372
636934367011038922;14.05.2019 15:18:21;372
636934367011507555;14.05.2019 15:18:21;372
636934367011976182;14.05.2019 15:18:21;373
636934367012601365;14.05.2019 15:18:21;372
636934367013071031;14.05.2019 15:18:21;372
636934367013539666;14.05.2019 15:18:21;373
636934367014008636;14.05.2019 15:18:21;372
636934367014478225;14.05.2019 15:18:21;372
636934367015103552;14.05.2019 15:18:21;373
636934367015573584;14.05.2019 15:18:21;372
636934367016043651;14.05.2019 15:18:21;372
636934367016513774;14.05.2019 15:18:21;373
636934367017139609;14.05.2019 15:18:21;372
636934367017607693;14.05.2019 15:18:21;372
636934367018077541;14.05.2019 15:18:21;373
636934367018547185;14.05.2019 15:18:21;372
636934367019015965;14.05.2019 15:18:21;373
636934367019643137;14.05.2019 15:18:21;373
636934367020113468;14.05.2019 15:18:22;373
636934367020583502;14.05.2019 15:18:22;373
636934367021053041;14.05.2019 15:18:22;373
636934367021522025;14.05.2019 15:18:22;374
636934367022146901;14.05.2019 15:18:22;373
636934367022616423;14.05.2019 15:18:22;373
636934367023085061;14.05.2019 15:18:22;374
636934367023554209;14.05.2019 15:18:22;374
636934367024179965;14.05.2019 15:18:22;374
636934367024648601;14.05.2019 15:18:22;374
636934367025117233;14.05.2019 15:18:22;374
636934367025585921;14.05.2019 15:18:22;374
636934367026209857;14.05.2019 15:18:22;375
636934367026679399;14.05.2019 15:18:22;374
636934367027147992;14.05.2019 15:18:22;374
636934367027616664;14.05.2019 15:18:22;374
636934367028084690;14.05.2019 15:18:22;374
636934367028709269;14.05.2019 15:18:22;374
636934367029178804;14.05.2019 15:18:22;374
636934367029647437;14.05.2019 15:18:22;375
636934367030102682;14.05.2019 15:18:23;374
636934367030571365;14.05.2019 15:18:23;374
636934367031196210;14.05.2019 15:18:23;375
636934367031664914;14.05.2019 15:18:23;375
636934367032133494;14.05.2019 15:18:23;376
636934367032758350;14.05.2019 15:18:23;377
636934367033226991;14.05.2019 15:18:23;376
636934367033695629;14.05.2019 15:18:23;376
636934367034164326;14.05.2019 15:18:23;377
636934367034632894;14.05.2019 15:18:23;376
636934367035257720;14.05.2019 15:18:23;376
636934367035726497;14.05.2019 15:18:23;378
636934367036195043;14.05.2019 15:18:23;376
636934367036663679;14.05.2019 15:18:23;377
636934367037132325;14.05.2019 15:18:23;377
636934367037757178;14.05.2019 15:18:23;377
636934367038225811;14.05.2019 15:18:23;377
636934367038694468;14.05.2019 15:18:23;377
636934367039163112;14.05.2019 15:18:23;376
636934367039787963;14.05.2019 15:18:23;377
636934367040256598;14.05.2019 15:18:24;377
636934367040725264;14.05.2019 15:18:24;377
636934367041194201;14.05.2019 15:18:24;377
636934367041662858;14.05.2019 15:18:24;377
636934367042288632;14.05.2019 15:18:24;377
636934367042756347;14.05.2019 15:18:24;377
636934367043225966;14.05.2019 15:18:24;378
636934367043694610;14.05.2019 15:18:24;377
636934367044163181;14.05.2019 15:18:24;377
636934367044788054;14.05.2019 15:18:24;378
636934367045256723;14.05.2019 15:18:24;377
636934367045725294;14.05.2019 15:18:24;377
636934367046193949;14.05.2019 15:18:24;378
636934367046820207;14.05.2019 15:18:24;377
636934367047289754;14.05.2019 15:18:24;378
636934367047758400;14.05.2019 15:18:24;377
636934367048226432;14.05.2019 15:18:24;377
636934367048852546;14.05.2019 15:18:24;377
636934367049322458;14.05.2019 15:18:24;377
636934367049793537;14.05.2019 15:18:24;378
636934367050264422;14.05.2019 15:18:25;378
636934367050733382;14.05.2019 15:18:25;378
636934367051358260;14.05.2019 15:18:25;378
636934367051829322;14.05.2019 15:18:25;378
636934367052298905;14.05.2019 15:18:25;378
636934367052767964;14.05.2019 15:18:25;378
636934367053237910;14.05.2019 15:18:25;378
636934367053863669;14.05.2019 15:18:25;378
636934367054332665;14.05.2019 15:18:25;378
636934367054802774;14.05.2019 15:18:25;378
636934367055273953;14.05.2019 15:18:25;378
636934367055899172;14.05.2019 15:18:25;379
636934367056368705;14.05.2019 15:18:25;378
636934367056838249;14.05.2019 15:18:25;378
636934367057306890;14.05.2019 15:18:25;379
636934367057775564;14.05.2019 15:18:25;378
636934367058400711;14.05.2019 15:18:25;378
636934367058870297;14.05.2019 15:18:25;379
636934367059338464;14.05.2019 15:18:25;380
636934367059807581;14.05.2019 15:18:25;378
636934367060276222;14.05.2019 15:18:26;379
636934367060900790;14.05.2019 15:18:26;378
636934367061369675;14.05.2019 15:18:26;379
636934367061838307;14.05.2019 15:18:26;378
636934367062306945;14.05.2019 15:18:26;379
636934367062931674;14.05.2019 15:18:26;379
636934367063399658;14.05.2019 15:18:26;379
636934367063869202;14.05.2019 15:18:26;379
636934367064338140;14.05.2019 15:18:26;379
636934367064807695;14.05.2019 15:18:26;379
636934367065432135;14.05.2019 15:18:26;380
636934367065900804;14.05.2019 15:18:26;379
636934367066371963;14.05.2019 15:18:26;379
636934367066841829;14.05.2019 15:18:26;381
636934367067311461;14.05.2019 15:18:26;379
636934367067935938;14.05.2019 15:18:26;379
636934367068405222;14.05.2019 15:18:26;380
636934367068874774;14.05.2019 15:18:26;380
636934367069342525;14.05.2019 15:18:26;379
636934367069969645;14.05.2019 15:18:26;381
636934367070437771;14.05.2019 15:18:27;380
636934367070907705;14.05.2019 15:18:27;380
636934367071378964;14.05.2019 15:18:27;380
636934367071848905;14.05.2019 15:18:27;380
636934367072474733;14.05.2019 15:18:27;380
636934367072942734;14.05.2019 15:18:27;380
636934367073412212;14.05.2019 15:18:27;380
636934367073880872;14.05.2019 15:18:27;380
636934367074349488;14.05.2019 15:18:27;380
636934367074974380;14.05.2019 15:18:27;381
636934367075442098;14.05.2019 15:18:27;380
636934367075911681;14.05.2019 15:18:27;380
636934367076380297;14.05.2019 15:18:27;381
636934367077005112;14.05.2019 15:18:27;380
636934367077473755;14.05.2019 15:18:27;380
636934367077941510;14.05.2019 15:18:27;382
636934367078411419;14.05.2019 15:18:27;380
636934367079037187;14.05.2019 15:18:27;381
636934367079505869;14.05.2019 15:18:27;381
636934367079973574;14.05.2019 15:18:27;382
636934367080442215;14.05.2019 15:18:28;381
636934367080911739;14.05.2019 15:18:28;381
636934367081536939;14.05.2019 15:18:28;380
636934367082007788;14.05.2019 15:18:28;381
636934367082475542;14.05.2019 15:18:28;380
636934367082944178;14.05.2019 15:18:28;381
636934367083413711;14.05.2019 15:18:28;380
636934367084038559;14.05.2019 15:18:28;380
636934367084507202;14.05.2019 15:18:28;380
636934367084975804;14.05.2019 15:18:28;381
636934367085443597;14.05.2019 15:18:28;381
636934367086069304;14.05.2019 15:18:28;382
636934367086537975;14.05.2019 15:18:28;381
636934367087006622;14.05.2019 15:18:28;382
636934367087475224;14.05.2019 15:18:28;383
636934367087944047;14.05.2019 15:18:28;381
636934367088568757;14.05.2019 15:18:28;382
636934367089037387;14.05.2019 15:18:28;382
636934367089505146;14.05.2019 15:18:28;382
636934367089974668;14.05.2019 15:18:28;382
636934367090443340;14.05.2019 15:18:29;383
636934367091068595;14.05.2019 15:18:29;382
636934367091538180;14.05.2019 15:18:29;383
636934367092005901;14.05.2019 15:18:29;382
636934367092475764;14.05.2019 15:18:29;382
636934367093100637;14.05.2019 15:18:29;382
636934367093571757;14.05.2019 15:18:29;382
636934367094041299;14.05.2019 15:18:29;383
636934367094509939;14.05.2019 15:18:29;383
636934367095134796;14.05.2019 15:18:29;383
636934367095603902;14.05.2019 15:18:29;383
636934367096073457;14.05.2019 15:18:29;383
636934367096542090;14.05.2019 15:18:29;383
636934367097012224;14.05.2019 15:18:29;384
636934367097637980;14.05.2019 15:18:29;383
636934367098106621;14.05.2019 15:18:29;383
636934367098575306;14.05.2019 15:18:29;384
636934367099043897;14.05.2019 15:18:29;383
636934367099511654;14.05.2019 15:18:29;383
636934367100137397;14.05.2019 15:18:30;384
636934367100606035;14.05.2019 15:18:30;384
636934367101074673;14.05.2019 15:18:30;383
636934367101543658;14.05.2019 15:18:30;383
636934367102168533;14.05.2019 15:18:30;383
636934367102637568;14.05.2019 15:18:30;383
636934367103107245;14.05.2019 15:18:30;383
636934367103577127;14.05.2019 15:18:30;383
636934367104046679;14.05.2019 15:18:30;383
636934367104670640;14.05.2019 15:18:30;383
636934367105140173;14.05.2019 15:18:30;383
636934367105609144;14.05.2019 15:18:30;383
636934367106078813;14.05.2019 15:18:30;383
636934367106547689;14.05.2019 15:18:30;383
636934367107172565;14.05.2019 15:18:30;383
636934367107642100;14.05.2019 15:18:30;382
636934367108110769;14.05.2019 15:18:30;382
636934367108737058;14.05.2019 15:18:30;382
636934367109206228;14.05.2019 15:18:30;382
636934367109674885;14.05.2019 15:18:30;383
636934367110144432;14.05.2019 15:18:31;382
636934367110613100;14.05.2019 15:18:31;382
636934367111238239;14.05.2019 15:18:31;382
636934367111707794;14.05.2019 15:18:31;381
636934367112175540;14.05.2019 15:18:31;381
636934367112645073;14.05.2019 15:18:31;380
636934367113113714;14.05.2019 15:18:31;379
636934367113738897;14.05.2019 15:18:31;379
636934367114209973;14.05.2019 15:18:31;378
636934367114678631;14.05.2019 15:18:31;378
636934367115148477;14.05.2019 15:18:31;377
636934367115774253;14.05.2019 15:18:31;377
636934367116242298;14.05.2019 15:18:31;376
636934367116713637;14.05.2019 15:18:31;376
636934367117183192;14.05.2019 15:18:31;375
636934367117651828;14.05.2019 15:18:31;376
636934367118276701;14.05.2019 15:18:31;375
636934367118745317;14.05.2019 15:18:31;375
636934367119214647;14.05.2019 15:18:31;376
636934367119683950;14.05.2019 15:18:31;375
636934367120152586;14.05.2019 15:18:32;374
636934367120777730;14.05.2019 15:18:32;376
636934367121247285;14.05.2019 15:18:32;375
636934367121715923;14.05.2019 15:18:32;374
636934367122184572;14.05.2019 15:18:32;374
636934367122808523;14.05.2019 15:18:32;373
636934367123278463;14.05.2019 15:18:32;373
636934367123748001;14.05.2019 15:18:32;374
636934367124218520;14.05.2019 15:18:32;372
636934367124688137;14.05.2019 15:18:32;372
636934367125312403;14.05.2019 15:18:32;372
636934367125780672;14.05.2019 15:18:32;372
636934367126250579;14.05.2019 15:18:32;372
636934367126720445;14.05.2019 15:18:32;372
636934367127189991;14.05.2019 15:18:32;372
636934367127814388;14.05.2019 15:18:32;373
636934367128283497;14.05.2019 15:18:32;373
636934367128752129;14.05.2019 15:18:32;374
636934367129220767;14.05.2019 15:18:32;373
636934367129845621;14.05.2019 15:18:32;374
636934367130313661;14.05.2019 15:18:33;375
636934367130782900;14.05.2019 15:18:33;374
636934367131251532;14.05.2019 15:18:33;374
636934367131876386;14.05.2019 15:18:33;375
636934367132345071;14.05.2019 15:18:33;374
636934367132813676;14.05.2019 15:18:33;375
636934367133282632;14.05.2019 15:18:33;375
636934367133752246;14.05.2019 15:18:33;375
636934367134380055;14.05.2019 15:18:33;375
636934367134798790;14.05.2019 15:18:33;374
636934367135268337;14.05.2019 15:18:33;374
636934367135893185;14.05.2019 15:18:33;374
636934367136362510;14.05.2019 15:18:33;373
636934367136831170;14.05.2019 15:18:33;374
636934367137300689;14.05.2019 15:18:33;374
636934367137769377;14.05.2019 15:18:33;374
636934367138394167;14.05.2019 15:18:33;375
636934367138862869;14.05.2019 15:18:33;375
636934367139331507;14.05.2019 15:18:33;375
636934367139800134;14.05.2019 15:18:33;376
636934367140426392;14.05.2019 15:18:34;375
636934367140894091;14.05.2019 15:18:34;375
636934367141364156;14.05.2019 15:18:34;377
636934367141834431;14.05.2019 15:18:34;376
636934367142303091;14.05.2019 15:18:34;376
636934367142930136;14.05.2019 15:18:34;376
636934367143398791;14.05.2019 15:18:34;376
636934367143867413;14.05.2019 15:18:34;376
636934367144335095;14.05.2019 15:18:34;376
636934367144805007;14.05.2019 15:18:34;376
636934367145430778;14.05.2019 15:18:34;376
636934367145899067;14.05.2019 15:18:34;376
636934367146368445;14.05.2019 15:18:34;376
636934367146837102;14.05.2019 15:18:34;376
636934367147462895;14.05.2019 15:18:34;376
636934367147931516;14.05.2019 15:18:34;376
636934367148400456;14.05.2019 15:18:34;376
636934367148870125;14.05.2019 15:18:34;376
636934367149494275;14.05.2019 15:18:34;377
636934367149963614;14.05.2019 15:18:34;376
636934367150432249;14.05.2019 15:18:35;376
636934367150900929;14.05.2019 15:18:35;377
636934367151369531;14.05.2019 15:18:35;376
636934367151993387;14.05.2019 15:18:35;377
636934367152463028;14.05.2019 15:18:35;378
636934367152931669;14.05.2019 15:18:35;377
636934367153400307;14.05.2019 15:18:35;377
636934367153868953;14.05.2019 15:18:35;377
636934367154492798;14.05.2019 15:18:35;377
636934367154962392;14.05.2019 15:18:35;377
636934367155431315;14.05.2019 15:18:35;377
636934367155900898;14.05.2019 15:18:35;377
636934367156525752;14.05.2019 15:18:35;377
636934367156993730;14.05.2019 15:18:35;377
636934367157463064;14.05.2019 15:18:35;377
636934367157932095;14.05.2019 15:18:35;377
636934367158401764;14.05.2019 15:18:35;377
636934367159026881;14.05.2019 15:18:35;378
636934367159496547;14.05.2019 15:18:35;378
636934367159965182;14.05.2019 15:18:35;378
636934367160433742;14.05.2019 15:18:36;379
636934367160902419;14.05.2019 15:18:36;378
636934367161527237;14.05.2019 15:18:36;378
636934367161995916;14.05.2019 15:18:36;378
636934367162464516;14.05.2019 15:18:36;378
636934367162933156;14.05.2019 15:18:36;378
636934367163558015;14.05.2019 15:18:36;379
636934367164026648;14.05.2019 15:18:36;378
636934367164495291;14.05.2019 15:18:36;378
636934367164963952;14.05.2019 15:18:36;378
636934367165588786;14.05.2019 15:18:36;378
636934367166057424;14.05.2019 15:18:36;378
636934367166526062;14.05.2019 15:18:36;377
636934367166994802;14.05.2019 15:18:36;378
636934367167463310;14.05.2019 15:18:36;378
636934367168088175;14.05.2019 15:18:36;377
636934367168556777;14.05.2019 15:18:36;377
636934367169024562;14.05.2019 15:18:36;377
636934367169494092;14.05.2019 15:18:36;377
636934367169962724;14.05.2019 15:18:36;377
636934367170586691;14.05.2019 15:18:37;377
636934367171056216;14.05.2019 15:18:37;377
636934367171523973;14.05.2019 15:18:37;377
636934367171993514;14.05.2019 15:18:37;376
636934367172618312;14.05.2019 15:18:37;376
636934367173086587;14.05.2019 15:18:37;377
636934367173554746;14.05.2019 15:18:37;375
636934367174023384;14.05.2019 15:18:37;375
636934367174492914;14.05.2019 15:18:37;375
636934367175117768;14.05.2019 15:18:37;374
636934367175585519;14.05.2019 15:18:37;373
636934367176054157;14.05.2019 15:18:37;372
636934367176522801;14.05.2019 15:18:37;372
636934367176992636;14.05.2019 15:18:37;371
636934367177618368;14.05.2019 15:18:37;372
636934367178086360;14.05.2019 15:18:37;370
636934367178554846;14.05.2019 15:18:37;370
636934367179023434;14.05.2019 15:18:37;369
636934367179649177;14.05.2019 15:18:37;369
636934367180117829;14.05.2019 15:18:38;368
636934367180586414;14.05.2019 15:18:38;368
636934367181055063;14.05.2019 15:18:38;367
636934367181679950;14.05.2019 15:18:38;367
636934367182148558;14.05.2019 15:18:38;366
636934367182617262;14.05.2019 15:18:38;367
636934367183085861;14.05.2019 15:18:38;365
636934367183554508;14.05.2019 15:18:38;365
636934367184179364;14.05.2019 15:18:38;365
636934367184648008;14.05.2019 15:18:38;364
636934367185116676;14.05.2019 15:18:38;363
636934367185584461;14.05.2019 15:18:38;363
636934367186053980;14.05.2019 15:18:38;362
636934367186678784;14.05.2019 15:18:38;361
636934367187147472;14.05.2019 15:18:38;360
636934367187616060;14.05.2019 15:18:38;359
636934367188240096;14.05.2019 15:18:38;358
636934367188708662;14.05.2019 15:18:38;356
636934367189178192;14.05.2019 15:18:38;355
636934367189645944;14.05.2019 15:18:38;353
636934367190115441;14.05.2019 15:18:39;352
636934367190739721;14.05.2019 15:18:39;350
636934367191208070;14.05.2019 15:18:39;349
636934367191677670;14.05.2019 15:18:39;347
636934367192146250;14.05.2019 15:18:39;346
636934367192614888;14.05.2019 15:18:39;344
636934367193082736;14.05.2019 15:18:39;343
636934367193707490;14.05.2019 15:18:39;343
636934367194176979;14.05.2019 15:18:39;340
636934367194645661;14.05.2019 15:18:39;339
636934367195270551;14.05.2019 15:18:39;339
636934367195738255;14.05.2019 15:18:39;337
636934367196206982;14.05.2019 15:18:39;335
636934367196676445;14.05.2019 15:18:39;335
636934367197145086;14.05.2019 15:18:39;333
636934367197769934;14.05.2019 15:18:39;331
636934367198237675;14.05.2019 15:18:39;330
636934367198706584;14.05.2019 15:18:39;328
636934367199175854;14.05.2019 15:18:39;326
636934367199644497;14.05.2019 15:18:39;325
636934367200269304;14.05.2019 15:18:40;324
636934367200737964;14.05.2019 15:18:40;324
636934367201206441;14.05.2019 15:18:40;323
636934367201675268;14.05.2019 15:18:40;323
636934367202299481;14.05.2019 15:18:40;322
636934367202768757;14.05.2019 15:18:40;321
636934367203237397;14.05.2019 15:18:40;322
636934367203706038;14.05.2019 15:18:40;320
636934367204330908;14.05.2019 15:18:40;319
636934367204799522;14.05.2019 15:18:40;319
636934367205267281;14.05.2019 15:18:40;318
636934367205736828;14.05.2019 15:18:40;317
636934367206205483;14.05.2019 15:18:40;316
636934367206830270;14.05.2019 15:18:40;315
636934367207298916;14.05.2019 15:18:40;314
636934367207767551;14.05.2019 15:18:40;314
636934367208235386;14.05.2019 15:18:40;314
636934367208704864;14.05.2019 15:18:40;312
636934367209329717;14.05.2019 15:18:40;312
636934367209798386;14.05.2019 15:18:40;311
636934367210267043;14.05.2019 15:18:41;309
636934367210735651;14.05.2019 15:18:41;309
636934367211360487;14.05.2019 15:18:41;310
636934367211829414;14.05.2019 15:18:41;308
636934367212298977;14.05.2019 15:18:41;308
636934367212766717;14.05.2019 15:18:41;309
636934367213235358;14.05.2019 15:18:41;307
636934367213860212;14.05.2019 15:18:41;307
636934367214329698;14.05.2019 15:18:41;307
636934367214798336;14.05.2019 15:18:41;307
636934367215266132;14.05.2019 15:18:41;307
636934367215734767;14.05.2019 15:18:41;308
636934367216360524;14.05.2019 15:18:41;308
636934367216829114;14.05.2019 15:18:41;309
636934367217297789;14.05.2019 15:18:41;309
636934367217765595;14.05.2019 15:18:41;310
636934367218390554;14.05.2019 15:18:41;311
636934367218859929;14.05.2019 15:18:41;311
636934367219328567;14.05.2019 15:18:41;311
636934367219797208;14.05.2019 15:18:41;312
636934367220422020;14.05.2019 15:18:42;312
636934367220890071;14.05.2019 15:18:42;312
636934367221359352;14.05.2019 15:18:42;313
636934367221827987;14.05.2019 15:18:42;314
636934367222295960;14.05.2019 15:18:42;314
636934367222921476;14.05.2019 15:18:42;314
636934367223390116;14.05.2019 15:18:42;314
636934367223858760;14.05.2019 15:18:42;315
636934367224327390;14.05.2019 15:18:42;315
636934367224796031;14.05.2019 15:18:42;316
636934367225420047;14.05.2019 15:18:42;316
636934367225889517;14.05.2019 15:18:42;316
636934367226358182;14.05.2019 15:18:42;317
636934367226983022;14.05.2019 15:18:42;317
636934367227451666;14.05.2019 15:18:42;318
636934367227920315;14.05.2019 15:18:42;318
636934367228388947;14.05.2019 15:18:42;318
636934367228857535;14.05.2019 15:18:42;319
636934367229482436;14.05.2019 15:18:42;318
636934367229950204;14.05.2019 15:18:42;319
636934367230418878;14.05.2019 15:18:43;318
636934367230888395;14.05.2019 15:18:43;319
636934367231357005;14.05.2019 15:18:43;319
636934367231980964;14.05.2019 15:18:43;319
636934367232450178;14.05.2019 15:18:43;320
636934367232919090;14.05.2019 15:18:43;319
636934367233387767;14.05.2019 15:18:43;320
636934367234012604;14.05.2019 15:18:43;319
636934367234481228;14.05.2019 15:18:43;319
636934367234949869;14.05.2019 15:18:43;319
636934367235417878;14.05.2019 15:18:43;320
636934367235887225;14.05.2019 15:18:43;319
636934367236512001;14.05.2019 15:18:43;319
636934367236980673;14.05.2019 15:18:43;320
636934367237448432;14.05.2019 15:18:43;319
636934367237917070;14.05.2019 15:18:43;321
636934367238385711;14.05.2019 15:18:43;319
636934367239011457;14.05.2019 15:18:43;320
636934367239479206;14.05.2019 15:18:43;321
636934367239948703;14.05.2019 15:18:43;319
636934367240416484;14.05.2019 15:18:44;320
636934367240886053;14.05.2019 15:18:44;320
636934367241510863;14.05.2019 15:18:44;320
636934367241979254;14.05.2019 15:18:44;320
636934367242448141;14.05.2019 15:18:44;320
636934367243072998;14.05.2019 15:18:44;320
636934367243540752;14.05.2019 15:18:44;320
636934367244010288;14.05.2019 15:18:44;321
636934367244478901;14.05.2019 15:18:44;321
636934367244947556;14.05.2019 15:18:44;322
636934367245572409;14.05.2019 15:18:44;321
636934367246041053;14.05.2019 15:18:44;322
636934367246509699;14.05.2019 15:18:44;321
636934367246977711;14.05.2019 15:18:44;322
636934367247446936;14.05.2019 15:18:44;322
636934367248072100;14.05.2019 15:18:44;322
636934367248540774;14.05.2019 15:18:44;323
636934367249010246;14.05.2019 15:18:44;322
636934367249478981;14.05.2019 15:18:44;322
636934367250103793;14.05.2019 15:18:45;323
636934367250572428;14.05.2019 15:18:45;323
636934367251041116;14.05.2019 15:18:45;324
636934367251509710;14.05.2019 15:18:45;324
636934367252133674;14.05.2019 15:18:45;324
636934367252603243;14.05.2019 15:18:45;325
636934367253071859;14.05.2019 15:18:45;324
636934367253540486;14.05.2019 15:18:45;324
636934367254009091;14.05.2019 15:18:45;325
636934367254633997;14.05.2019 15:18:45;323
636934367255101804;14.05.2019 15:18:45;324
636934367255571312;14.05.2019 15:18:45;324
636934367256039864;14.05.2019 15:18:45;324
636934367256508505;14.05.2019 15:18:45;324
636934367257132499;14.05.2019 15:18:45;324
636934367257601143;14.05.2019 15:18:45;324
636934367258071887;14.05.2019 15:18:45;324
636934367258539638;14.05.2019 15:18:45;325
636934367259165400;14.05.2019 15:18:45;324
636934367259633138;14.05.2019 15:18:45;324
636934367260101771;14.05.2019 15:18:46;324
636934367260571309;14.05.2019 15:18:46;324
636934367261039933;14.05.2019 15:18:46;324
636934367261664798;14.05.2019 15:18:46;324
636934367262132901;14.05.2019 15:18:46;325
636934367262601334;14.05.2019 15:18:46;325
636934367263070754;14.05.2019 15:18:46;325
636934367263539392;14.05.2019 15:18:46;326
636934367264165916;14.05.2019 15:18:46;326
636934367264635457;14.05.2019 15:18:46;325
636934367265103563;14.05.2019 15:18:46;327
636934367265573082;14.05.2019 15:18:46;326
636934367266197936;14.05.2019 15:18:46;326
636934367266666582;14.05.2019 15:18:46;326
636934367267135228;14.05.2019 15:18:46;326
636934367267602972;14.05.2019 15:18:46;326
636934367268228997;14.05.2019 15:18:46;326
636934367268698818;14.05.2019 15:18:46;326
636934367269168332;14.05.2019 15:18:46;326
636934367269636956;14.05.2019 15:18:46;327
636934367270104730;14.05.2019 15:18:47;327
636934367270730464;14.05.2019 15:18:47;328
636934367271199110;14.05.2019 15:18:47;327
636934367271666862;14.05.2019 15:18:47;327
636934367272136722;14.05.2019 15:18:47;329
636934367272605382;14.05.2019 15:18:47;327
636934367273231435;14.05.2019 15:18:47;327
636934367273700954;14.05.2019 15:18:47;329
636934367274170947;14.05.2019 15:18:47;328
636934367274639571;14.05.2019 15:18:47;327
636934367275264428;14.05.2019 15:18:47;327
636934367275732187;14.05.2019 15:18:47;327
636934367276203394;14.05.2019 15:18:47;327
636934367276674187;14.05.2019 15:18:47;327
636934367277142787;14.05.2019 15:18:47;327
636934367277767635;14.05.2019 15:18:47;328
636934367278236508;14.05.2019 15:18:47;327
636934367278706049;14.05.2019 15:18:47;328
636934367279174698;14.05.2019 15:18:47;328
636934367279643364;14.05.2019 15:18:47;329
636934367280268506;14.05.2019 15:18:48;328
636934367280738064;14.05.2019 15:18:48;328
636934367281206699;14.05.2019 15:18:48;329
636934367281675354;14.05.2019 15:18:48;329
636934367282300191;14.05.2019 15:18:48;328
636934367282769266;14.05.2019 15:18:48;328
636934367283240187;14.05.2019 15:18:48;329
636934367283709967;14.05.2019 15:18:48;329
636934367284178563;14.05.2019 15:18:48;330
636934367284803788;14.05.2019 15:18:48;330
636934367285272437;14.05.2019 15:18:48;330
636934367285742328;14.05.2019 15:18:48;331
636934367286212240;14.05.2019 15:18:48;330
636934367286681798;14.05.2019 15:18:48;330
636934367287305804;14.05.2019 15:18:48;331
636934367287775331;14.05.2019 15:18:48;330
636934367288244216;14.05.2019 15:18:48;330
636934367288713757;14.05.2019 15:18:48;331
636934367289338890;14.05.2019 15:18:48;330
636934367289807515;14.05.2019 15:18:48;330
636934367290276394;14.05.2019 15:18:49;329
636934367290745943;14.05.2019 15:18:49;329
636934367291372348;14.05.2019 15:18:49;329
636934367291841856;14.05.2019 15:18:49;329
636934367292309840;14.05.2019 15:18:49;328
636934367292779335;14.05.2019 15:18:49;329
636934367293248917;14.05.2019 15:18:49;329
636934367293873691;14.05.2019 15:18:49;328
636934367294342340;14.05.2019 15:18:49;328
636934367294811039;14.05.2019 15:18:49;329
636934367295279666;14.05.2019 15:18:49;328
636934367295748298;14.05.2019 15:18:49;327
636934367296372251;14.05.2019 15:18:49;328
636934367296840900;14.05.2019 15:18:49;327
636934367297309904;14.05.2019 15:18:49;327
636934367297779088;14.05.2019 15:18:49;327
636934367298403919;14.05.2019 15:18:49;326
636934367298871685;14.05.2019 15:18:49;326
636934367299340320;14.05.2019 15:18:49;326
636934367299809845;14.05.2019 15:18:49;326
636934367300278779;14.05.2019 15:18:50;325
636934367300904539;14.05.2019 15:18:50;325
636934367301372537;14.05.2019 15:18:50;324
636934367301840948;14.05.2019 15:18:50;324
636934367302309854;14.05.2019 15:18:50;325
636934367302778495;14.05.2019 15:18:50;323
636934367303405881;14.05.2019 15:18:50;323
636934367303874813;14.05.2019 15:18:50;323
636934367304343171;14.05.2019 15:18:50;322
636934367304968027;14.05.2019 15:18:50;322
636934367305437563;14.05.2019 15:18:50;321
636934367305906229;14.05.2019 15:18:50;321
636934367306374892;14.05.2019 15:18:50;321
636934367306843704;14.05.2019 15:18:50;321
636934367307468574;14.05.2019 15:18:50;321
636934367307938456;14.05.2019 15:18:50;321
636934367308408003;14.05.2019 15:18:50;322
636934367308876605;14.05.2019 15:18:50;321
636934367309344404;14.05.2019 15:18:50;321
636934367309969252;14.05.2019 15:18:50;322
636934367310438774;14.05.2019 15:18:51;321
636934367310907414;14.05.2019 15:18:51;320
636934367311376363;14.05.2019 15:18:51;321
636934367311845070;14.05.2019 15:18:51;321
636934367312469868;14.05.2019 15:18:51;321
636934367312939301;14.05.2019 15:18:51;321
636934367313408039;14.05.2019 15:18:51;321
636934367313875796;14.05.2019 15:18:51;322
636934367314500702;14.05.2019 15:18:51;322
636934367314969678;14.05.2019 15:18:51;322
636934367315438837;14.05.2019 15:18:51;323
636934367315907453;14.05.2019 15:18:51;324
636934367316376100;14.05.2019 15:18:51;323
636934367317000939;14.05.2019 15:18:51;323
636934367317469588;14.05.2019 15:18:51;323
636934367317939689;14.05.2019 15:18:51;324
636934367318409280;14.05.2019 15:18:51;324
636934367318877907;14.05.2019 15:18:51;324
636934367319501841;14.05.2019 15:18:51;325
636934367319971371;14.05.2019 15:18:51;325
636934367320440023;14.05.2019 15:18:52;325
636934367321065068;14.05.2019 15:18:52;325
636934367321534667;14.05.2019 15:18:52;326
636934367322002430;14.05.2019 15:18:52;326
636934367322471891;14.05.2019 15:18:52;326
636934367322939648;14.05.2019 15:18:52;326
636934367323565382;14.05.2019 15:18:52;327
636934367324034115;14.05.2019 15:18:52;327
636934367324502711;14.05.2019 15:18:52;327
636934367324971377;14.05.2019 15:18:52;327
636934367325439940;14.05.2019 15:18:52;327
636934367326064860;14.05.2019 15:18:52;327
636934367326533440;14.05.2019 15:18:52;328
636934367327002095;14.05.2019 15:18:52;328
636934367327470719;14.05.2019 15:18:52;328
636934367328095592;14.05.2019 15:18:52;329
636934367328564233;14.05.2019 15:18:52;328
636934367329032851;14.05.2019 15:18:52;329
636934367329500608;14.05.2019 15:18:52;329
636934367329970136;14.05.2019 15:18:52;330
636934367330594989;14.05.2019 15:18:53;329
636934367331063691;14.05.2019 15:18:53;330
636934367331532265;14.05.2019 15:18:53;330
636934367332000887;14.05.2019 15:18:53;330
636934367332468666;14.05.2019 15:18:53;330
636934367333094420;14.05.2019 15:18:53;330
636934367333563049;14.05.2019 15:18:53;330
636934367334031294;14.05.2019 15:18:53;330
636934367334499436;14.05.2019 15:18:53;331
636934367335126420;14.05.2019 15:18:53;331
636934367335595050;14.05.2019 15:18:53;331
636934367336062807;14.05.2019 15:18:53;331
636934367336532376;14.05.2019 15:18:53;331
636934367337156301;14.05.2019 15:18:53;332
636934367337625829;14.05.2019 15:18:53;331
636934367338094464;14.05.2019 15:18:53;332
636934367338562290;14.05.2019 15:18:53;333
636934367339031117;14.05.2019 15:18:53;332
636934367339656608;14.05.2019 15:18:53;332
636934367340125237;14.05.2019 15:18:54;332
636934367340593856;14.05.2019 15:18:54;332
636934367341062494;14.05.2019 15:18:54;333
636934367341531168;14.05.2019 15:18:54;333
636934367342156019;14.05.2019 15:18:54;332
636934367342624662;14.05.2019 15:18:54;333
636934367343093298;14.05.2019 15:18:54;333
636934367343561052;14.05.2019 15:18:54;333
636934367344187158;14.05.2019 15:18:54;333
636934367344656716;14.05.2019 15:18:54;333
636934367345125401;14.05.2019 15:18:54;333
636934367345593994;14.05.2019 15:18:54;333
636934367346218815;14.05.2019 15:18:54;333
636934367346688359;14.05.2019 15:18:54;334
636934367347156994;14.05.2019 15:18:54;334
636934367347625663;14.05.2019 15:18:54;334
636934367348094370;14.05.2019 15:18:54;335
636934367348562925;14.05.2019 15:18:54;334
636934367349186889;14.05.2019 15:18:54;334
636934367349656419;14.05.2019 15:18:54;334
636934367350125052;14.05.2019 15:18:55;334
636934367350593668;14.05.2019 15:18:55;334
636934367351217670;14.05.2019 15:18:55;334
636934367351687594;14.05.2019 15:18:55;334
636934367352157116;14.05.2019 15:18:55;334
636934367352625782;14.05.2019 15:18:55;334
636934367353251865;14.05.2019 15:18:55;334
636934367353721542;14.05.2019 15:18:55;334
636934367354189970;14.05.2019 15:18:55;334
636934367354659589;14.05.2019 15:18:55;334
636934367355128174;14.05.2019 15:18:55;334
636934367355753025;14.05.2019 15:18:55;335
636934367356222123;14.05.2019 15:18:55;335
636934367356691675;14.05.2019 15:18:55;335
636934367357160310;14.05.2019 15:18:55;336
636934367357628957;14.05.2019 15:18:55;337
636934367358253769;14.05.2019 15:18:55;336
636934367358722457;14.05.2019 15:18:55;336
636934367359191120;14.05.2019 15:18:55;337
636934367359815932;14.05.2019 15:18:55;336
636934367360284575;14.05.2019 15:18:56;336
636934367360753219;14.05.2019 15:18:56;336
636934367361220970;14.05.2019 15:18:56;336
636934367361690498;14.05.2019 15:18:56;336
636934367362315318;14.05.2019 15:18:56;337
636934367362783103;14.05.2019 15:18:56;336
636934367363252624;14.05.2019 15:18:56;337
636934367363722470;14.05.2019 15:18:56;337
636934367364190230;14.05.2019 15:18:56;337
636934367364815092;14.05.2019 15:18:56;337
636934367365284622;14.05.2019 15:18:56;337
636934367365753792;14.05.2019 15:18:56;337
636934367366222450;14.05.2019 15:18:56;338
636934367366848578;14.05.2019 15:18:56;338
636934367367317216;14.05.2019 15:18:56;339
636934367367786743;14.05.2019 15:18:56;338
636934367368255384;14.05.2019 15:18:56;338
636934367368724044;14.05.2019 15:18:56;339
636934367369348590;14.05.2019 15:18:56;338
636934367369817514;14.05.2019 15:18:56;338
636934367370286163;14.05.2019 15:18:57;338
636934367370754806;14.05.2019 15:18:57;338
636934367371223433;14.05.2019 15:18:57;338
636934367371848326;14.05.2019 15:18:57;338
636934367372316966;14.05.2019 15:18:57;338
636934367372785568;14.05.2019 15:18:57;338
636934367373254206;14.05.2019 15:18:57;338
636934367373722856;14.05.2019 15:18:57;338
636934367374347720;14.05.2019 15:18:57;338
636934367374816389;14.05.2019 15:18:57;338
636934367375285343;14.05.2019 15:18:57;338
636934367375912371;14.05.2019 15:18:57;339
636934367376380059;14.05.2019 15:18:57;338
636934367376849822;14.05.2019 15:18:57;339
636934367377319385;14.05.2019 15:18:57;339
636934367377788303;14.05.2019 15:18:57;339
636934367378413168;14.05.2019 15:18:57;340
636934367378882700;14.05.2019 15:18:57;339
636934367379351372;14.05.2019 15:18:57;339
636934367379820279;14.05.2019 15:18:57;340
636934367380289823;14.05.2019 15:18:58;339
636934367380758535;14.05.2019 15:18:58;339
636934367381383395;14.05.2019 15:18:58;339
636934367381852074;14.05.2019 15:18:58;339
636934367382320718;14.05.2019 15:18:58;339
636934367382945447;14.05.2019 15:18:58;340
636934367383414384;14.05.2019 15:18:58;339
636934367383883072;14.05.2019 15:18:58;339
636934367384352558;14.05.2019 15:18:58;339
636934367384821198;14.05.2019 15:18:58;340
636934367385447878;14.05.2019 15:18:58;340
636934367385916879;14.05.2019 15:18:58;340
636934367386385176;14.05.2019 15:18:58;340
636934367386854745;14.05.2019 15:18:58;340
636934367387323350;14.05.2019 15:18:58;340
636934367387948195;14.05.2019 15:18:58;340
636934367388415985;14.05.2019 15:18:58;341
636934367388884784;14.05.2019 15:18:58;341
636934367389354148;14.05.2019 15:18:58;342
636934367389978943;14.05.2019 15:18:58;341
636934367390447606;14.05.2019 15:18:59;341
636934367390916250;14.05.2019 15:18:59;341
636934367391384868;14.05.2019 15:18:59;341
636934367392009755;14.05.2019 15:18:59;341
636934367392478443;14.05.2019 15:18:59;341
636934367392947283;14.05.2019 15:18:59;341
636934367393416309;14.05.2019 15:18:59;341
636934367393885959;14.05.2019 15:18:59;341
636934367394509815;14.05.2019 15:18:59;342
636934367394979317;14.05.2019 15:18:59;341
636934367395447969;14.05.2019 15:18:59;342
636934367395916610;14.05.2019 15:18:59;342
636934367396384386;14.05.2019 15:18:59;342
636934367397009232;14.05.2019 15:18:59;342
636934367397478742;14.05.2019 15:18:59;343
636934367397946522;14.05.2019 15:18:59;342
636934367398416052;14.05.2019 15:18:59;342
636934367399040251;14.05.2019 15:18:59;343
636934367399508948;14.05.2019 15:18:59;342
636934367399978176;14.05.2019 15:18:59;342
636934367400446886;14.05.2019 15:19:00;342
636934367400915438;14.05.2019 15:19:00;342
636934367401540380;14.05.2019 15:19:00;342
636934367402009705;14.05.2019 15:19:00;341
636934367402479277;14.05.2019 15:19:00;342
636934367402947893;14.05.2019 15:19:00;342
636934367403416528;14.05.2019 15:19:00;341
636934367404041379;14.05.2019 15:19:00;342
636934367404509139;14.05.2019 15:19:00;341
636934367404979043;14.05.2019 15:19:00;341
636934367405448972;14.05.2019 15:19:00;342
636934367406075178;14.05.2019 15:19:00;342
636934367406543830;14.05.2019 15:19:00;341
636934367407013362;14.05.2019 15:19:00;342
636934367407482001;14.05.2019 15:19:00;342
636934367408106031;14.05.2019 15:19:00;342
636934367408576337;14.05.2019 15:19:00;343
636934367409045244;14.05.2019 15:19:00;342
636934367409513907;14.05.2019 15:19:00;342
636934367409982977;14.05.2019 15:19:00;343
636934367410451637;14.05.2019 15:19:01;341
636934367411077386;14.05.2019 15:19:01;342
636934367411546016;14.05.2019 15:19:01;341
636934367412014659;14.05.2019 15:19:01;342
636934367412483264;14.05.2019 15:19:01;341
636934367413107261;14.05.2019 15:19:01;341
636934367413576805;14.05.2019 15:19:01;342
636934367414045441;14.05.2019 15:19:01;341
636934367414515331;14.05.2019 15:19:01;341
636934367415140187;14.05.2019 15:19:01;342
636934367415610125;14.05.2019 15:19:01;341
636934367416078746;14.05.2019 15:19:01;342
636934367416547390;14.05.2019 15:19:01;342
636934367417016022;14.05.2019 15:19:01;342
636934367417640881;14.05.2019 15:19:01;341
636934367418109578;14.05.2019 15:19:01;343
636934367418577321;14.05.2019 15:19:01;342
636934367419046801;14.05.2019 15:19:01;342
636934367419515442;14.05.2019 15:19:01;343
636934367420139414;14.05.2019 15:19:02;342
636934367420608950;14.05.2019 15:19:02;342
636934367421077541;14.05.2019 15:19:02;342
636934367421702425;14.05.2019 15:19:02;342
636934367422171088;14.05.2019 15:19:02;342
636934367422639673;14.05.2019 15:19:02;343
636934367423108317;14.05.2019 15:19:02;342
636934367423576102;14.05.2019 15:19:02;343
636934367424201825;14.05.2019 15:19:02;343
636934367424670549;14.05.2019 15:19:02;342
636934367425138547;14.05.2019 15:19:02;343
636934367425607742;14.05.2019 15:19:02;343
636934367426076405;14.05.2019 15:19:02;343
636934367426700366;14.05.2019 15:19:02;343
636934367427169885;14.05.2019 15:19:02;343
636934367427638535;14.05.2019 15:19:02;344
636934367428106286;14.05.2019 15:19:02;344
636934367428732023;14.05.2019 15:19:02;344
636934367429199886;14.05.2019 15:19:02;345
636934367429668421;14.05.2019 15:19:02;344
636934367430137946;14.05.2019 15:19:03;344
636934367430606606;14.05.2019 15:19:03;345
636934367431231823;14.05.2019 15:19:03;344
636934367431701729;14.05.2019 15:19:03;345
636934367432171218;14.05.2019 15:19:03;345
636934367432639914;14.05.2019 15:19:03;344
636934367433108583;14.05.2019 15:19:03;344
636934367433733483;14.05.2019 15:19:03;345
636934367434202063;14.05.2019 15:19:03;344
636934367434670671;14.05.2019 15:19:03;345
636934367435139544;14.05.2019 15:19:03;345
636934367435766481;14.05.2019 15:19:03;345
636934367436235452;14.05.2019 15:19:03;345
636934367436705414;14.05.2019 15:19:03;345
636934367437175230;14.05.2019 15:19:03;346
636934367437800103;14.05.2019 15:19:03;345
636934367438269591;14.05.2019 15:19:03;346
636934367438738268;14.05.2019 15:19:03;347
636934367439206244;14.05.2019 15:19:03;345
636934367439675558;14.05.2019 15:19:03;346
636934367440299550;14.05.2019 15:19:04;346
636934367440768205;14.05.2019 15:19:04;346
636934367441237693;14.05.2019 15:19:04;346
636934367441706323;14.05.2019 15:19:04;346
636934367442174961;14.05.2019 15:19:04;346
636934367442799244;14.05.2019 15:19:04;346
636934367443267569;14.05.2019 15:19:04;346
636934367443737105;14.05.2019 15:19:04;346
636934367444205754;14.05.2019 15:19:04;346
636934367444830976;14.05.2019 15:19:04;346
636934367445299636;14.05.2019 15:19:04;346
636934367445769241;14.05.2019 15:19:04;346
636934367446237799;14.05.2019 15:19:04;346
636934367446732901;14.05.2019 15:19:04;347
636934367447202445;14.05.2019 15:19:04;347
636934367447827268;14.05.2019 15:19:04;347
636934367448295039;14.05.2019 15:19:04;348
636934367448764558;14.05.2019 15:19:04;347
636934367449233252;14.05.2019 15:19:04;347
636934367449858066;14.05.2019 15:19:04;348
636934367450326710;14.05.2019 15:19:05;347
636934367450794508;14.05.2019 15:19:05;347
636934367451263158;14.05.2019 15:19:05;348
636934367451888873;14.05.2019 15:19:05;347
636934367452357508;14.05.2019 15:19:05;348
636934367452826127;14.05.2019 15:19:05;348
636934367453294801;14.05.2019 15:19:05;348
636934367453762610;14.05.2019 15:19:05;348
636934367454388251;14.05.2019 15:19:05;348
636934367454856886;14.05.2019 15:19:05;348
636934367455325535;14.05.2019 15:19:05;348
636934367455794176;14.05.2019 15:19:05;348
636934367456261922;14.05.2019 15:19:05;349
636934367456887626;14.05.2019 15:19:05;348
636934367457356306;14.05.2019 15:19:05;350
636934367457825221;14.05.2019 15:19:05;348
636934367458294784;14.05.2019 15:19:05;349
636934367458919604;14.05.2019 15:19:05;350
636934367459387361;14.05.2019 15:19:05;349
636934367459856880;14.05.2019 15:19:05;349
636934367460326372;14.05.2019 15:19:06;349
636934367460795079;14.05.2019 15:19:06;349
636934367461419888;14.05.2019 15:19:06;349
636934367461888526;14.05.2019 15:19:06;349
636934367462358422;14.05.2019 15:19:06;349
636934367462827083;14.05.2019 15:19:06;349
636934367463295770;14.05.2019 15:19:06;349
636934367463921469;14.05.2019 15:19:06;350
636934367464390395;14.05.2019 15:19:06;349
636934367464859066;14.05.2019 15:19:06;349
636934367465327921;14.05.2019 15:19:06;349
636934367465952547;14.05.2019 15:19:06;350
636934367466422121;14.05.2019 15:19:06;350
636934367466890726;14.05.2019 15:19:06;351
636934367467359328;14.05.2019 15:19:06;350
636934367467983617;14.05.2019 15:19:06;351
636934367468451967;14.05.2019 15:19:06;352
636934367468921494;14.05.2019 15:19:06;351
636934367469390104;14.05.2019 15:19:06;351
636934367469858753;14.05.2019 15:19:06;351
636934367470483599;14.05.2019 15:19:07;351
636934367470952273;14.05.2019 15:19:07;351
636934367471420019;14.05.2019 15:19:07;352
636934367471889840;14.05.2019 15:19:07;351
636934367472359381;14.05.2019 15:19:07;351
636934367472984866;14.05.2019 15:19:07;351
636934367473453731;14.05.2019 15:19:07;352
636934367473923281;14.05.2019 15:19:07;351
636934367474391922;14.05.2019 15:19:07;351
636934367475016739;14.05.2019 15:19:07;351
636934367475484516;14.05.2019 15:19:07;351
636934367475954040;14.05.2019 15:19:07;351
636934367476422681;14.05.2019 15:19:07;352
636934367476891424;14.05.2019 15:19:07;351
636934367477516195;14.05.2019 15:19:07;352
636934367477983938;14.05.2019 15:19:07;353
636934367478452582;14.05.2019 15:19:07;352
636934367478922109;14.05.2019 15:19:07;352
636934367479390761;14.05.2019 15:19:07;353
636934367480015570;14.05.2019 15:19:08;352
636934367480483405;14.05.2019 15:19:08;352
636934367480951990;14.05.2019 15:19:08;353
636934367481421531;14.05.2019 15:19:08;352
636934367482046374;14.05.2019 15:19:08;353
636934367482514178;14.05.2019 15:19:08;352
636934367482982766;14.05.2019 15:19:08;352
636934367483451407;14.05.2019 15:19:08;353
636934367484077155;14.05.2019 15:19:08;352
636934367484547093;14.05.2019 15:19:08;353
636934367485015673;14.05.2019 15:19:08;353
636934367485483787;14.05.2019 15:19:08;353
636934367485952444;14.05.2019 15:19:08;353
636934367486579744;14.05.2019 15:19:08;353
636934367487049250;14.05.2019 15:19:08;353
636934367487517987;14.05.2019 15:19:08;354
636934367487987531;14.05.2019 15:19:08;353
636934367488455286;14.05.2019 15:19:08;353
636934367489081029;14.05.2019 15:19:08;354
636934367489550911;14.05.2019 15:19:08;353
636934367490018662;14.05.2019 15:19:09;353
636934367490487353;14.05.2019 15:19:09;354
636934367491113043;14.05.2019 15:19:09;353
636934367491580797;14.05.2019 15:19:09;353
636934367492050325;14.05.2019 15:19:09;353
636934367492518968;14.05.2019 15:19:09;353
636934367492986767;14.05.2019 15:19:09;354
636934367493611617;14.05.2019 15:19:09;353
636934367494081092;14.05.2019 15:19:09;354
636934367494549730;14.05.2019 15:19:09;354
636934367495018374;14.05.2019 15:19:09;354
636934367495487015;14.05.2019 15:19:09;354
636934367496111907;14.05.2019 15:19:09;354
636934367496580509;14.05.2019 15:19:09;354
636934367497050313;14.05.2019 15:19:09;355
636934367497675563;14.05.2019 15:19:09;354
636934367498144151;14.05.2019 15:19:09;355
636934367498613704;14.05.2019 15:19:09;355
636934367499082602;14.05.2019 15:19:09;354
636934367499552157;14.05.2019 15:19:09;354
636934367500177008;14.05.2019 15:19:10;355
636934367500644757;14.05.2019 15:19:10;354
636934367501114304;14.05.2019 15:19:10;355
636934367501582944;14.05.2019 15:19:10;355
636934367502051569;14.05.2019 15:19:10;355
636934367502676505;14.05.2019 15:19:10;355
636934367503145454;14.05.2019 15:19:10;355
636934367503614036;14.05.2019 15:19:10;356
636934367504082716;14.05.2019 15:19:10;356
636934367504707528;14.05.2019 15:19:10;355
636934367505176523;14.05.2019 15:19:10;355
636934367505646189;14.05.2019 15:19:10;356
636934367506114827;14.05.2019 15:19:10;355
636934367506583354;14.05.2019 15:19:10;356
636934367507208518;14.05.2019 15:19:10;356
636934367507677395;14.05.2019 15:19:10;356
636934367508146709;14.05.2019 15:19:10;357
636934367508615383;14.05.2019 15:19:10;356
636934367509084026;14.05.2019 15:19:10;356
636934367509708830;14.05.2019 15:19:10;357
636934367510177712;14.05.2019 15:19:11;356
636934367510646375;14.05.2019 15:19:11;356
636934367511115905;14.05.2019 15:19:11;356
636934367511739866;14.05.2019 15:19:11;356
636934367512208507;14.05.2019 15:19:11;357
636934367512678037;14.05.2019 15:19:11;357
636934367513145794;14.05.2019 15:19:11;357
636934367513771526;14.05.2019 15:19:11;357
636934367514240134;14.05.2019 15:19:11;357
636934367514708811;14.05.2019 15:19:11;357
636934367515176562;14.05.2019 15:19:11;357
636934367515645194;14.05.2019 15:19:11;358
636934367516270940;14.05.2019 15:19:11;357
636934367516740021;14.05.2019 15:19:11;358
636934367517209632;14.05.2019 15:19:11;358
636934367517678569;14.05.2019 15:19:11;359
636934367518147221;14.05.2019 15:19:11;358
636934367518772978;14.05.2019 15:19:11;358
636934367519241610;14.05.2019 15:19:11;358
636934367519709362;14.05.2019 15:19:11;358
636934367520179269;14.05.2019 15:19:12;358
636934367520805131;14.05.2019 15:19:12;358
636934367521275043;14.05.2019 15:19:12;358
636934367521742789;14.05.2019 15:19:12;358
636934367522213029;14.05.2019 15:19:12;358
636934367522682575;14.05.2019 15:19:12;358
636934367523307664;14.05.2019 15:19:12;358
636934367523776325;14.05.2019 15:19:12;358
636934367524245858;14.05.2019 15:19:12;359
636934367524713604;14.05.2019 15:19:12;359
636934367525182244;14.05.2019 15:19:12;358
636934367525808045;14.05.2019 15:19:12;359
636934367526276647;14.05.2019 15:19:12;359
636934367526745297;14.05.2019 15:19:12;359
636934367527213954;14.05.2019 15:19:12;358
636934367527838281;14.05.2019 15:19:12;358
636934367528307399;14.05.2019 15:19:12;358
636934367528776039;14.05.2019 15:19:12;359
636934367529243794;14.05.2019 15:19:12;358
636934367529869531;14.05.2019 15:19:12;358
636934367530339939;14.05.2019 15:19:13;359
636934367530809503;14.05.2019 15:19:13;358
636934367531279706;14.05.2019 15:19:13;359
636934367531749267;14.05.2019 15:19:13;359
636934367532373655;14.05.2019 15:19:13;359
636934367532843218;14.05.2019 15:19:13;359
636934367533312197;14.05.2019 15:19:13;359
636934367533781738;14.05.2019 15:19:13;359
636934367534250684;14.05.2019 15:19:13;359
636934367534875562;14.05.2019 15:19:13;359
636934367535344198;14.05.2019 15:19:13;359
636934367535813739;14.05.2019 15:19:13;359
636934367536282407;14.05.2019 15:19:13;360
636934367536907222;14.05.2019 15:19:13;359
636934367537374971;14.05.2019 15:19:13;359
636934367537843662;14.05.2019 15:19:13;360
636934367538313136;14.05.2019 15:19:13;360
636934367538780891;14.05.2019 15:19:13;359
636934367539406645;14.05.2019 15:19:13;359
636934367539874393;14.05.2019 15:19:13;359
636934367540343023;14.05.2019 15:19:14;360
636934367540812559;14.05.2019 15:19:14;360
636934367541281238;14.05.2019 15:19:14;360
636934367541905158;14.05.2019 15:19:14;360
636934367542373799;14.05.2019 15:19:14;360
636934367542843734;14.05.2019 15:19:14;361
636934367543313286;14.05.2019 15:19:14;360
636934367543938164;14.05.2019 15:19:14;361
636934367544406742;14.05.2019 15:19:14;360
636934367544874529;14.05.2019 15:19:14;361
636934367545344417;14.05.2019 15:19:14;361
636934367545970154;14.05.2019 15:19:14;362
636934367546438795;14.05.2019 15:19:14;361
636934367546908591;14.05.2019 15:19:14;361
636934367547376578;14.05.2019 15:19:14;361
636934367547844989;14.05.2019 15:19:14;361
636934367548470745;14.05.2019 15:19:14;361
636934367548939497;14.05.2019 15:19:14;361
636934367549408016;14.05.2019 15:19:14;361
636934367549876648;14.05.2019 15:19:14;361
636934367550345287;14.05.2019 15:19:15;361
636934367550970140;14.05.2019 15:19:15;361
636934367551438795;14.05.2019 15:19:15;361
636934367551907743;14.05.2019 15:19:15;361
636934367552377750;14.05.2019 15:19:15;362
636934367553002853;14.05.2019 15:19:15;362
636934367553471505;14.05.2019 15:19:15;362
636934367553941001;14.05.2019 15:19:15;363
636934367554410077;14.05.2019 15:19:15;362
636934367554880012;14.05.2019 15:19:15;362
636934367555505771;14.05.2019 15:19:15;363
636934367555974415;14.05.2019 15:19:15;363
636934367556443070;14.05.2019 15:19:15;362
636934367556911652;14.05.2019 15:19:15;362
636934367557380592;14.05.2019 15:19:15;362
636934367558006344;14.05.2019 15:19:15;362
636934367558474987;14.05.2019 15:19:15;362
636934367558943625;14.05.2019 15:19:15;362
636934367559569634;14.05.2019 15:19:15;362
636934367560037427;14.05.2019 15:19:16;362
636934367560506963;14.05.2019 15:19:16;363
636934367560975587;14.05.2019 15:19:16;362
636934367561444236;14.05.2019 15:19:16;363
636934367562069466;14.05.2019 15:19:16;363
636934367562538526;14.05.2019 15:19:16;363
636934367563007657;14.05.2019 15:19:16;363
636934367563476295;14.05.2019 15:19:16;363
636934367563944905;14.05.2019 15:19:16;363
636934367564569074;14.05.2019 15:19:16;363
636934367565038466;14.05.2019 15:19:16;364
636934367565507126;14.05.2019 15:19:16;363
636934367565975975;14.05.2019 15:19:16;363
636934367566601773;14.05.2019 15:19:16;363
636934367567069489;14.05.2019 15:19:16;362
636934367567539010;14.05.2019 15:19:16;363
636934367568007621;14.05.2019 15:19:16;363
636934367568476300;14.05.2019 15:19:16;363
636934367569101148;14.05.2019 15:19:16;363
636934367569568900;14.05.2019 15:19:16;363
636934367570038394;14.05.2019 15:19:17;363
636934367570507068;14.05.2019 15:19:17;363
636934367570975706;14.05.2019 15:19:17;364
636934367571600560;14.05.2019 15:19:17;364
636934367572069170;14.05.2019 15:19:17;364
636934367572537841;14.05.2019 15:19:17;364
636934367573006479;14.05.2019 15:19:17;365
636934367573632893;14.05.2019 15:19:17;364
636934367574102439;14.05.2019 15:19:17;364
636934367574571041;14.05.2019 15:19:17;365
636934367575038832;14.05.2019 15:19:17;364
636934367575664594;14.05.2019 15:19:17;364
636934367576133210;14.05.2019 15:19:17;364
636934367576601870;14.05.2019 15:19:17;365
636934367577070464;14.05.2019 15:19:17;364
636934367577539107;14.05.2019 15:19:17;364
636934367578163983;14.05.2019 15:19:17;364
636934367578632674;14.05.2019 15:19:17;365
636934367579101267;14.05.2019 15:19:17;365
636934367579570393;14.05.2019 15:19:17;365
636934367580038987;14.05.2019 15:19:18;365
636934367580664727;14.05.2019 15:19:18;365
636934367581133886;14.05.2019 15:19:18;366
636934367581603438;14.05.2019 15:19:18;365
636934367582072140;14.05.2019 15:19:18;365
636934367582696057;14.05.2019 15:19:18;366
636934367583164678;14.05.2019 15:19:18;365
636934367583634206;14.05.2019 15:19:18;365
636934367584102808;14.05.2019 15:19:18;366
636934367584571488;14.05.2019 15:19:18;365
636934367585196335;14.05.2019 15:19:18;366
636934367585664101;14.05.2019 15:19:18;365
636934367586133625;14.05.2019 15:19:18;366
636934367586602651;14.05.2019 15:19:18;366
636934367587071361;14.05.2019 15:19:18;365
636934367587697603;14.05.2019 15:19:18;366
636934367588167543;14.05.2019 15:19:18;366
636934367588637104;14.05.2019 15:19:18;365
636934367589104847;14.05.2019 15:19:18;366
636934367589730582;14.05.2019 15:19:18;366
636934367590199222;14.05.2019 15:19:19;366
636934367590667860;14.05.2019 15:19:19;367
636934367591136504;14.05.2019 15:19:19;366
636934367591760521;14.05.2019 15:19:19;366
636934367592229960;14.05.2019 15:19:19;367
636934367592698650;14.05.2019 15:19:19;366
636934367593167272;14.05.2019 15:19:19;366
636934367593636181;14.05.2019 15:19:19;367
636934367594261057;14.05.2019 15:19:19;366
636934367594730554;14.05.2019 15:19:19;366
636934367595199242;14.05.2019 15:19:19;366
636934367595666977;14.05.2019 15:19:19;366
636934367596136504;14.05.2019 15:19:19;366
636934367596761795;14.05.2019 15:19:19;366
636934367597231337;14.05.2019 15:19:19;367
636934367597700224;14.05.2019 15:19:19;367
636934367598170123;14.05.2019 15:19:19;366
636934367598797140;14.05.2019 15:19:19;367
636934367599266119;14.05.2019 15:19:19;367
636934367599735641;14.05.2019 15:19:19;367
636934367600204287;14.05.2019 15:19:20;368
636934367600672950;14.05.2019 15:19:20;367
636934367601296886;14.05.2019 15:19:20;368
636934367601766458;14.05.2019 15:19:20;367
636934367602235298;14.05.2019 15:19:20;368
636934367602704840;14.05.2019 15:19:20;368
636934367603173511;14.05.2019 15:19:20;369
636934367603798334;14.05.2019 15:19:20;368
636934367604266975;14.05.2019 15:19:20;368
636934367604735588;14.05.2019 15:19:20;368
636934367605360483;14.05.2019 15:19:20;368
636934367605829116;14.05.2019 15:19:20;368
636934367606297751;14.05.2019 15:19:20;368
636934367606765508;14.05.2019 15:19:20;368
636934367607235044;14.05.2019 15:19:20;368
636934367607859889;14.05.2019 15:19:20;368
636934367608328524;14.05.2019 15:19:20;369
636934367608797162;14.05.2019 15:19:20;369
636934367609264922;14.05.2019 15:19:20;369
636934367609734474;14.05.2019 15:19:20;369
636934367610359300;14.05.2019 15:19:21;369
636934367610827938;14.05.2019 15:19:21;370
636934367611296584;14.05.2019 15:19:21;371
636934367611764336;14.05.2019 15:19:21;370
636934367612389189;14.05.2019 15:19:21;370
636934367612858847;14.05.2019 15:19:21;370
636934367613328391;14.05.2019 15:19:21;370
636934367613797004;14.05.2019 15:19:21;370
636934367614266011;14.05.2019 15:19:21;370
636934367614890814;14.05.2019 15:19:21;370
636934367615359458;14.05.2019 15:19:21;370
636934367615828093;14.05.2019 15:19:21;369
636934367616297618;14.05.2019 15:19:21;370
636934367616766184;14.05.2019 15:19:21;370
636934367617391242;14.05.2019 15:19:21;370
636934367617861221;14.05.2019 15:19:21;370
636934367618330765;14.05.2019 15:19:21;370
636934367618799401;14.05.2019 15:19:21;371
636934367619267997;14.05.2019 15:19:21;371
636934367619892898;14.05.2019 15:19:21;371
636934367620361511;14.05.2019 15:19:22;371
636934367620830149;14.05.2019 15:19:22;371
636934367621454196;14.05.2019 15:19:22;371
636934367621922837;14.05.2019 15:19:22;371
636934367622392315;14.05.2019 15:19:22;371
636934367622860069;14.05.2019 15:19:22;371
636934367623329912;14.05.2019 15:19:22;371
636934367623955674;14.05.2019 15:19:22;371
636934367624424299;14.05.2019 15:19:22;371
636934367624892989;14.05.2019 15:19:22;371
636934367625362874;14.05.2019 15:19:22;371
636934367625831515;14.05.2019 15:19:22;371
636934367626455507;14.05.2019 15:19:22;371
636934367626924962;14.05.2019 15:19:22;371
636934367627393960;14.05.2019 15:19:22;372
636934367627864679;14.05.2019 15:19:22;371
636934367628489546;14.05.2019 15:19:22;371
636934367628957273;14.05.2019 15:19:22;371
636934367629427069;14.05.2019 15:19:22;371
636934367629896948;14.05.2019 15:19:22;372
636934367630366875;14.05.2019 15:19:23;371
636934367630992637;14.05.2019 15:19:23;372
636934367631460388;14.05.2019 15:19:23;371
636934367631929888;14.05.2019 15:19:23;372
636934367632398562;14.05.2019 15:19:23;372
636934367632867195;14.05.2019 15:19:23;372
636934367633492048;14.05.2019 15:19:23;372
636934367633960695;14.05.2019 15:19:23;372
636934367634429327;14.05.2019 15:19:23;372
636934367634897965;14.05.2019 15:19:23;372
636934367635522824;14.05.2019 15:19:23;372
636934367635991457;14.05.2019 15:19:23;372
636934367636460100;14.05.2019 15:19:23;372
636934367636929279;14.05.2019 15:19:23;373
636934367637555351;14.05.2019 15:19:23;372
636934367638025194;14.05.2019 15:19:23;373
636934367638494714;14.05.2019 15:19:23;372
636934367638962493;14.05.2019 15:19:23;373
636934367639432031;14.05.2019 15:19:23;373
636934367640056076;14.05.2019 15:19:24;373
636934367640525545;14.05.2019 15:19:24;373
636934367640994155;14.05.2019 15:19:24;373
636934367641462793;14.05.2019 15:19:24;373
636934367641930548;14.05.2019 15:19:24;373
636934367642555401;14.05.2019 15:19:24;373
636934367643024964;14.05.2019 15:19:24;373
636934367643493608;14.05.2019 15:19:24;373
636934367643962252;14.05.2019 15:19:24;373
636934367644586174;14.05.2019 15:19:24;373
636934367645054815;14.05.2019 15:19:24;373
636934367645524379;14.05.2019 15:19:24;374
636934367645993332;14.05.2019 15:19:24;374
636934367646462921;14.05.2019 15:19:24;375
636934367647086843;14.05.2019 15:19:24;374
636934367647555750;14.05.2019 15:19:24;374
636934367648025059;14.05.2019 15:19:24;375
636934367648493697;14.05.2019 15:19:24;374
636934367648962678;14.05.2019 15:19:24;374
636934367649587551;14.05.2019 15:19:24;374
636934367650057115;14.05.2019 15:19:25;374
636934367650525719;14.05.2019 15:19:25;374
636934367650994374;14.05.2019 15:19:25;374
636934367651621067;14.05.2019 15:19:25;374
636934367652089725;14.05.2019 15:19:25;374
636934367652559227;14.05.2019 15:19:25;374
636934367653027004;14.05.2019 15:19:25;374
636934367653652752;14.05.2019 15:19:25;375
636934367654120553;14.05.2019 15:19:25;374
636934367654589676;14.05.2019 15:19:25;375
636934367655058669;14.05.2019 15:19:25;375
636934367655527310;14.05.2019 15:19:25;375
636934367656151271;14.05.2019 15:19:25;376
636934367656619918;14.05.2019 15:19:25;375
636934367657088553;14.05.2019 15:19:25;375
636934367657558138;14.05.2019 15:19:25;376
636934367658026984;14.05.2019 15:19:25;375
636934367658651852;14.05.2019 15:19:25;375
636934367659121634;14.05.2019 15:19:25;375
636934367659591183;14.05.2019 15:19:25;375
636934367660059841;14.05.2019 15:19:26;376
636934367660684672;14.05.2019 15:19:26;376
636934367661152429;14.05.2019 15:19:26;376
636934367661622644;14.05.2019 15:19:26;376
636934367662092238;14.05.2019 15:19:26;376
636934367662562103;14.05.2019 15:19:26;376
636934367663188184;14.05.2019 15:19:26;376
636934367663658047;14.05.2019 15:19:26;376
636934367664127604;14.05.2019 15:19:26;376
636934367664596229;14.05.2019 15:19:26;376
636934367665064936;14.05.2019 15:19:26;377
636934367665691277;14.05.2019 15:19:26;378
636934367666159937;14.05.2019 15:19:26;377
636934367666629792;14.05.2019 15:19:26;377
636934367667099350;14.05.2019 15:19:26;378
636934367667725320;14.05.2019 15:19:26;377
636934367668194022;14.05.2019 15:19:26;377
636934367668662646;14.05.2019 15:19:26;377
636934367669131242;14.05.2019 15:19:26;377
636934367669599961;14.05.2019 15:19:26;377
636934367670223886;14.05.2019 15:19:27;377
636934367670693416;14.05.2019 15:19:27;377
636934367671162015;14.05.2019 15:19:27;377
636934367671630687;14.05.2019 15:19:27;377
636934367672099325;14.05.2019 15:19:27;377
636934367672725455;14.05.2019 15:19:27;377
636934367673194049;14.05.2019 15:19:27;377
636934367673662732;14.05.2019 15:19:27;378
636934367674287940;14.05.2019 15:19:27;377
636934367674757484;14.05.2019 15:19:27;377
636934367675226133;14.05.2019 15:19:27;379
636934367675696394;14.05.2019 15:19:27;378
636934367676165235;14.05.2019 15:19:27;378
636934367676792404;14.05.2019 15:19:27;379
636934367677261949;14.05.2019 15:19:27;378
636934367677732008;14.05.2019 15:19:27;378
636934367678201560;14.05.2019 15:19:27;378
636934367678669309;14.05.2019 15:19:27;378
636934367679295326;14.05.2019 15:19:27;377
636934367679764840;14.05.2019 15:19:27;377
636934367680233497;14.05.2019 15:19:28;376
636934367680701237;14.05.2019 15:19:28;376
636934367681326091;14.05.2019 15:19:28;376
636934367681794737;14.05.2019 15:19:28;375
636934367682264304;14.05.2019 15:19:28;374
636934367682732917;14.05.2019 15:19:28;374
636934367683201541;14.05.2019 15:19:28;373
636934367683826464;14.05.2019 15:19:28;372
636934367684294492;14.05.2019 15:19:28;371
636934367684763787;14.05.2019 15:19:28;372
636934367685232788;14.05.2019 15:19:28;371
636934367685702340;14.05.2019 15:19:28;370
636934367686327205;14.05.2019 15:19:28;370
636934367686794940;14.05.2019 15:19:28;368
636934367687263580;14.05.2019 15:19:28;367
636934367687734371;14.05.2019 15:19:28;367
636934367688359449;14.05.2019 15:19:28;366
636934367688828988;14.05.2019 15:19:28;365
636934367689297639;14.05.2019 15:19:28;364
636934367689766272;14.05.2019 15:19:28;364
636934367690391558;14.05.2019 15:19:29;363
636934367690861188;14.05.2019 15:19:29;363
636934367691329837;14.05.2019 15:19:29;362
636934367691797912;14.05.2019 15:19:29;362
636934367692267454;14.05.2019 15:19:29;361
636934367692892329;14.05.2019 15:19:29;361
636934367693361876;14.05.2019 15:19:29;361
636934367693830894;14.05.2019 15:19:29;360
636934367694298612;14.05.2019 15:19:29;361
636934367694768131;14.05.2019 15:19:29;359
636934367695392109;14.05.2019 15:19:29;359
636934367695861955;14.05.2019 15:19:29;360
636934367696330662;14.05.2019 15:19:29;358
636934367696799253;14.05.2019 15:19:29;358
636934367697426221;14.05.2019 15:19:29;358
636934367697893969;14.05.2019 15:19:29;358
636934367698364738;14.05.2019 15:19:29;358
636934367698833337;14.05.2019 15:19:29;358
636934367699301119;14.05.2019 15:19:29;358
636934367699928098;14.05.2019 15:19:29;358
636934367700396744;14.05.2019 15:19:30;358
636934367700864493;14.05.2019 15:19:30;358
636934367701334042;14.05.2019 15:19:30;358
636934367701801775;14.05.2019 15:19:30;358
636934367702427476;14.05.2019 15:19:30;358
636934367702896480;14.05.2019 15:19:30;359
636934367703367390;14.05.2019 15:19:30;359
636934367703836801;14.05.2019 15:19:30;360
636934367704460759;14.05.2019 15:19:30;359
636934367704930287;14.05.2019 15:19:30;359
636934367705399210;14.05.2019 15:19:30;360
636934367705868117;14.05.2019 15:19:30;359
636934367706337459;14.05.2019 15:19:30;359
636934367706962564;14.05.2019 15:19:30;359
636934367707432604;14.05.2019 15:19:30;359
636934367707901309;14.05.2019 15:19:30;359
636934367708370889;14.05.2019 15:19:30;359
636934367708839491;14.05.2019 15:19:30;359
636934367709464599;14.05.2019 15:19:30;359
636934367709934152;14.05.2019 15:19:30;360
636934367710402748;14.05.2019 15:19:31;360
636934367710871791;14.05.2019 15:19:31;360
636934367711497777;14.05.2019 15:19:31;360
636934367711967604;14.05.2019 15:19:31;360
636934367712438325;14.05.2019 15:19:31;359
636934367712907202;14.05.2019 15:19:31;359
636934367713532992;14.05.2019 15:19:31;360
636934367714000763;14.05.2019 15:19:31;359
636934367714469353;14.05.2019 15:19:31;359
636934367714938878;14.05.2019 15:19:31;360
636934367715407491;14.05.2019 15:19:31;359
636934367716033270;14.05.2019 15:19:31;359
636934367716502800;14.05.2019 15:19:31;358
636934367716971884;14.05.2019 15:19:31;358
636934367717441744;14.05.2019 15:19:31;358
636934367717911610;14.05.2019 15:19:31;358
636934367718536823;14.05.2019 15:19:31;358
636934367719006639;14.05.2019 15:19:31;357
636934367719476568;14.05.2019 15:19:31;357
636934367719946118;14.05.2019 15:19:31;357
636934367720570963;14.05.2019 15:19:32;356
636934367721039593;14.05.2019 15:19:32;356
636934367721508596;14.05.2019 15:19:32;356
636934367721978124;14.05.2019 15:19:32;356
636934367722447072;14.05.2019 15:19:32;355
636934367723074001;14.05.2019 15:19:32;356
636934367723543874;14.05.2019 15:19:32;355
636934367724011684;14.05.2019 15:19:32;354
636934367724481220;14.05.2019 15:19:32;355
636934367724949861;14.05.2019 15:19:32;354
636934367725576185;14.05.2019 15:19:32;353
636934367726045987;14.05.2019 15:19:32;353
636934367726515512;14.05.2019 15:19:32;353
636934367726984202;14.05.2019 15:19:32;353
636934367727609086;14.05.2019 15:19:32;353
636934367728076782;14.05.2019 15:19:32;353
636934367728545420;14.05.2019 15:19:32;353
636934367729014111;14.05.2019 15:19:32;353
636934367729483586;14.05.2019 15:19:32;354
636934367730108442;14.05.2019 15:19:33;353
636934367730576194;14.05.2019 15:19:33;353
636934367731045682;14.05.2019 15:19:33;354
636934367731513522;14.05.2019 15:19:33;353
636934367731982113;14.05.2019 15:19:33;353
636934367732607862;14.05.2019 15:19:33;354
636934367733076464;14.05.2019 15:19:33;353
636934367733544611;14.05.2019 15:19:33;354
636934367734012939;14.05.2019 15:19:33;354
636934367734638596;14.05.2019 15:19:33;354
636934367735108583;14.05.2019 15:19:33;354
636934367735577806;14.05.2019 15:19:33;353
636934367736048666;14.05.2019 15:19:33;354
636934367736672846;14.05.2019 15:19:33;355
636934367737143720;14.05.2019 15:19:33;355
636934367737613713;14.05.2019 15:19:33;355
636934367738083881;14.05.2019 15:19:33;355
636934367738552538;14.05.2019 15:19:33;355
636934367739177383;14.05.2019 15:19:33;356
636934367739646919;14.05.2019 15:19:33;355
636934367740115557;14.05.2019 15:19:34;355
636934367740583322;14.05.2019 15:19:34;356
636934367741052365;14.05.2019 15:19:34;356
636934367741678191;14.05.2019 15:19:34;356
636934367742149286;14.05.2019 15:19:34;357
636934367742618844;14.05.2019 15:19:34;356
636934367743087834;14.05.2019 15:19:34;356
636934367743713571;14.05.2019 15:19:34;356
636934367744181594;14.05.2019 15:19:34;356
636934367744651593;14.05.2019 15:19:34;356
636934367745121151;14.05.2019 15:19:34;356
636934367745590670;14.05.2019 15:19:34;356
636934367746216429;14.05.2019 15:19:34;356
636934367746685419;14.05.2019 15:19:34;355
636934367747155019;14.05.2019 15:19:34;356
636934367747624114;14.05.2019 15:19:34;355
636934367748093985;14.05.2019 15:19:34;356
636934367748719090;14.05.2019 15:19:34;357
636934367749187493;14.05.2019 15:19:34;356
636934367749657023;14.05.2019 15:19:34;356
636934367750125664;14.05.2019 15:19:35;357
636934367750749681;14.05.2019 15:19:35;356
636934367751218274;14.05.2019 15:19:35;356
636934367751687796;14.05.2019 15:19:35;357
636934367752156700;14.05.2019 15:19:35;356
636934367752625408;14.05.2019 15:19:35;356
636934367753252816;14.05.2019 15:19:35;357
636934367753721476;14.05.2019 15:19:35;356
636934367754190114;14.05.2019 15:19:35;357
636934367754659641;14.05.2019 15:19:35;356
636934367755128279;14.05.2019 15:19:35;356
636934367755754668;14.05.2019 15:19:35;357
636934367756224212;14.05.2019 15:19:35;357
636934367756692855;14.05.2019 15:19:35;357
636934367757318083;14.05.2019 15:19:35;357
636934367757787668;14.05.2019 15:19:35;357
636934367758256304;14.05.2019 15:19:35;358
636934367758724986;14.05.2019 15:19:35;358
636934367759280528;14.05.2019 15:19:35;357
636934367759749122;14.05.2019 15:19:35;358
636934367760217760;14.05.2019 15:19:36;358
636934367760842500;14.05.2019 15:19:36;358
636934367761311332;14.05.2019 15:19:36;358
636934367761781433;14.05.2019 15:19:36;358
636934367762251229;14.05.2019 15:19:36;358
636934367762721089;14.05.2019 15:19:36;358
636934367763190639;14.05.2019 15:19:36;358
636934367763815492;14.05.2019 15:19:36;358
636934367764284366;14.05.2019 15:19:36;357
636934367764754217;14.05.2019 15:19:36;358
636934367765223770;14.05.2019 15:19:36;358
636934367765692444;14.05.2019 15:19:36;358
636934367766317760;14.05.2019 15:19:36;358
636934367766787395;14.05.2019 15:19:36;358
636934367767255989;14.05.2019 15:19:36;358
636934367767880801;14.05.2019 15:19:36;359
636934367768349675;14.05.2019 15:19:36;358
636934367768819219;14.05.2019 15:19:36;359
636934367769288214;14.05.2019 15:19:36;360
636934367769757764;14.05.2019 15:19:36;358
636934367770381728;14.05.2019 15:19:37;358
636934367770851493;14.05.2019 15:19:37;359
636934367771321035;14.05.2019 15:19:37;358
636934367771789958;14.05.2019 15:19:37;358
636934367772259516;14.05.2019 15:19:37;358
636934367772884658;14.05.2019 15:19:37;358
636934367773354207;14.05.2019 15:19:37;358
636934367773822859;14.05.2019 15:19:37;357
636934367774293065;14.05.2019 15:19:37;357
636934367774920357;14.05.2019 15:19:37;357
636934367775389912;14.05.2019 15:19:37;357
636934367775858736;14.05.2019 15:19:37;358
636934367776328645;14.05.2019 15:19:37;357
636934367776798201;14.05.2019 15:19:37;357
636934367777423564;14.05.2019 15:19:37;359
636934367777893579;14.05.2019 15:19:37;358
636934367778362236;14.05.2019 15:19:37;359
636934367778831766;14.05.2019 15:19:37;359
636934367779300659;14.05.2019 15:19:37;359
636934367779926383;14.05.2019 15:19:37;359
636934367780395071;14.05.2019 15:19:38;359
636934367780863299;14.05.2019 15:19:38;358
636934367781332347;14.05.2019 15:19:38;359
636934367781958719;14.05.2019 15:19:38;358
636934367782428260;14.05.2019 15:19:38;359
636934367782896901;14.05.2019 15:19:38;359
636934367783365378;14.05.2019 15:19:38;358
636934367783834218;14.05.2019 15:19:38;359
636934367784459055;14.05.2019 15:19:38;359
636934367784927981;14.05.2019 15:19:38;359
636934367785397525;14.05.2019 15:19:38;360
636934367785866432;14.05.2019 15:19:38;359
636934367786335419;14.05.2019 15:19:38;359
636934367786962376;14.05.2019 15:19:38;360
636934367787432258;14.05.2019 15:19:38;359
636934367787902276;14.05.2019 15:19:38;359
636934367788370933;14.05.2019 15:19:38;360
636934367788996706;14.05.2019 15:19:38;359
636934367789466763;14.05.2019 15:19:38;359
636934367789935401;14.05.2019 15:19:38;360
636934367790404042;14.05.2019 15:19:39;359
636934367791028973;14.05.2019 15:19:39;360
636934367791497863;14.05.2019 15:19:39;359
636934367791967421;14.05.2019 15:19:39;359
636934367792437624;14.05.2019 15:19:39;359
636934367792907451;14.05.2019 15:19:39;359
636934367793376114;14.05.2019 15:19:39;360
636934367794001849;14.05.2019 15:19:39;360
636934367794470492;14.05.2019 15:19:39;359
636934367794939133;14.05.2019 15:19:39;361
636934367795408117;14.05.2019 15:19:39;360
636934367795876778;14.05.2019 15:19:39;360
636934367796502520;14.05.2019 15:19:39;361
636934367796972657;14.05.2019 15:19:39;360
636934367797442271;14.05.2019 15:19:39;360
636934367798068127;14.05.2019 15:19:39;362
636934367798537666;14.05.2019 15:19:39;360
636934367799006545;14.05.2019 15:19:39;361
636934367799476086;14.05.2019 15:19:39;360
636934367799945056;14.05.2019 15:19:39;360
636934367800570788;14.05.2019 15:19:40;361
636934367801039460;14.05.2019 15:19:40;361
636934367801508172;14.05.2019 15:19:40;361
636934367801976835;14.05.2019 15:19:40;361
636934367802446842;14.05.2019 15:19:40;361
636934367803071715;14.05.2019 15:19:40;362
636934367803540353;14.05.2019 15:19:40;361
636934367804009844;14.05.2019 15:19:40;362
636934367804478521;14.05.2019 15:19:40;363
636934367805105034;14.05.2019 15:19:40;361
636934367805574720;14.05.2019 15:19:40;362
636934367806044541;14.05.2019 15:19:40;363
636934367806515406;14.05.2019 15:19:40;362
636934367806984042;14.05.2019 15:19:40;362
636934367807609230;14.05.2019 15:19:40;362
636934367808078738;14.05.2019 15:19:40;362
636934367808547432;14.05.2019 15:19:40;362
636934367809016092;14.05.2019 15:19:40;362
636934367809484694;14.05.2019 15:19:40;362
636934367810109550;14.05.2019 15:19:41;362
636934367810577352;14.05.2019 15:19:41;362
636934367811046840;14.05.2019 15:19:41;362
636934367811515913;14.05.2019 15:19:41;362
636934367812141673;14.05.2019 15:19:41;362
636934367812610790;14.05.2019 15:19:41;363
636934367813080719;14.05.2019 15:19:41;363
636934367813550288;14.05.2019 15:19:41;363
636934367814019201;14.05.2019 15:19:41;364
636934367814644968;14.05.2019 15:19:41;363
636934367815112978;14.05.2019 15:19:41;363
636934367815582616;14.05.2019 15:19:41;364
636934367816052160;14.05.2019 15:19:41;363
636934367816520839;14.05.2019 15:19:41;363
636934367817146970;14.05.2019 15:19:41;364
636934367817617090;14.05.2019 15:19:41;364
636934367818087008;14.05.2019 15:19:41;363
636934367818556877;14.05.2019 15:19:41;364
636934367819183886;14.05.2019 15:19:41;364
636934367819652515;14.05.2019 15:19:41;364
636934367820121153;14.05.2019 15:19:42;364
636934367820589836;14.05.2019 15:19:42;364
636934367821214639;14.05.2019 15:19:42;364
636934367821683729;14.05.2019 15:19:42;364
636934367822154902;14.05.2019 15:19:42;365
636934367822624851;14.05.2019 15:19:42;364
636934367823093541;14.05.2019 15:19:42;364
636934367823563490;14.05.2019 15:19:42;365
636934367824190513;14.05.2019 15:19:42;364
636934367824659104;14.05.2019 15:19:42;364
636934367825127753;14.05.2019 15:19:42;365
636934367825595599;14.05.2019 15:19:42;364
636934367826220391;14.05.2019 15:19:42;363
636934367826689932;14.05.2019 15:19:42;363
636934367827158523;14.05.2019 15:19:42;363
636934367827627846;14.05.2019 15:19:42;363
636934367828253614;14.05.2019 15:19:42;362
636934367828723529;14.05.2019 15:19:42;362
636934367829192136;14.05.2019 15:19:42;362
636934367829659929;14.05.2019 15:19:42;361
636934367830129421;14.05.2019 15:19:43;362
636934367830755488;14.05.2019 15:19:43;361
636934367831225057;14.05.2019 15:19:43;361
636934367831695346;14.05.2019 15:19:43;362
636934367832165436;14.05.2019 15:19:43;360
636934367832634986;14.05.2019 15:19:43;360
636934367833258955;14.05.2019 15:19:43;361
636934367833728483;14.05.2019 15:19:43;360
636934367834198620;14.05.2019 15:19:43;360
636934367834668169;14.05.2019 15:19:43;360
636934367835292180;14.05.2019 15:19:43;360
636934367835761952;14.05.2019 15:19:43;359
636934367836232759;14.05.2019 15:19:43;360
636934367836700472;14.05.2019 15:19:43;358
636934367837170035;14.05.2019 15:19:43;359
636934367837794024;14.05.2019 15:19:43;358
636934367838262612;14.05.2019 15:19:43;358
636934367838732162;14.05.2019 15:19:43;359
636934367839200789;14.05.2019 15:19:43;359
636934367839669383;14.05.2019 15:19:43;359
636934367840293377;14.05.2019 15:19:44;359
636934367840763204;14.05.2019 15:19:44;359
636934367841232748;14.05.2019 15:19:44;359
636934367841701646;14.05.2019 15:19:44;358
636934367842327384;14.05.2019 15:19:44;358
636934367842795160;14.05.2019 15:19:44;359
636934367843263806;14.05.2019 15:19:44;358
636934367843733373;14.05.2019 15:19:44;359
636934367844357295;14.05.2019 15:19:44;359
636934367844827161;14.05.2019 15:19:44;359
636934367845295821;14.05.2019 15:19:44;359
636934367845764462;14.05.2019 15:19:44;359
636934367846235289;14.05.2019 15:19:44;359
636934367846703023;14.05.2019 15:19:44;360
636934367847329063;14.05.2019 15:19:44;360
636934367847798172;14.05.2019 15:19:44;360
636934367848266364;14.05.2019 15:19:44;360
636934367848735883;14.05.2019 15:19:44;360
636934367849359864;14.05.2019 15:19:44;361
636934367849829721;14.05.2019 15:19:44;360
636934367850298990;14.05.2019 15:19:45;360
636934367850767346;14.05.2019 15:19:45;362
636934367851393119;14.05.2019 15:19:45;361
636934367851863359;14.05.2019 15:19:45;361
636934367852332069;14.05.2019 15:19:45;362
636934367852800876;14.05.2019 15:19:45;361
636934367853269300;14.05.2019 15:19:45;361
636934367853895293;14.05.2019 15:19:45;361
636934367854364864;14.05.2019 15:19:45;361
636934367854834242;14.05.2019 15:19:45;361
636934367855304196;14.05.2019 15:19:45;361
636934367855772857;14.05.2019 15:19:45;362
636934367856399278;14.05.2019 15:19:45;361
636934367856868916;14.05.2019 15:19:45;361
636934367857338721;14.05.2019 15:19:45;361
636934367857808536;14.05.2019 15:19:45;361
636934367858433409;14.05.2019 15:19:45;361
636934367858902053;14.05.2019 15:19:45;361
636934367859371913;14.05.2019 15:19:45;361
636934367859841429;14.05.2019 15:19:45;361
636934367860310106;14.05.2019 15:19:46;362
636934367860934070;14.05.2019 15:19:46;361
636934367861403595;14.05.2019 15:19:46;361
636934367861872255;14.05.2019 15:19:46;361
636934367862340283;14.05.2019 15:19:46;360
636934367862808994;14.05.2019 15:19:46;360
636934367863433894;14.05.2019 15:19:46;360
636934367863902435;14.05.2019 15:19:46;360
636934367864371960;14.05.2019 15:19:46;360
636934367864995927;14.05.2019 15:19:46;359
636934367865464620;14.05.2019 15:19:46;360
636934367865934497;14.05.2019 15:19:46;360
636934367866404082;14.05.2019 15:19:46;360
636934367866873006;14.05.2019 15:19:46;360
636934367867498929;14.05.2019 15:19:46;360
636934367867970019;14.05.2019 15:19:46;360
636934367868438676;14.05.2019 15:19:46;360
636934367868908209;14.05.2019 15:19:46;360
636934367869377279;14.05.2019 15:19:46;360
636934367869845942;14.05.2019 15:19:46;361
636934367870470843;14.05.2019 15:19:47;359
636934367870939514;14.05.2019 15:19:47;360
636934367871408956;14.05.2019 15:19:47;360
636934367872033806;14.05.2019 15:19:47;359
636934367872503694;14.05.2019 15:19:47;359
636934367872972299;14.05.2019 15:19:47;359
636934367873440978;14.05.2019 15:19:47;359
636934367873909957;14.05.2019 15:19:47;360
636934367874535725;14.05.2019 15:19:47;360
636934367875004665;14.05.2019 15:19:47;360
636934367875474262;14.05.2019 15:19:47;360
636934367875942894;14.05.2019 15:19:47;360
636934367876411851;14.05.2019 15:19:47;360
636934367877038788;14.05.2019 15:19:47;361
636934367877506534;14.05.2019 15:19:47;361
636934367877976064;14.05.2019 15:19:47;361
636934367878444727;14.05.2019 15:19:47;361
636934367878913152;14.05.2019 15:19:47;361
636934367879538208;14.05.2019 15:19:47;362
636934367880006873;14.05.2019 15:19:48;361
636934367880474636;14.05.2019 15:19:48;361
636934367880944113;14.05.2019 15:19:48;361
636934367881568105;14.05.2019 15:19:48;361
636934367882036727;14.05.2019 15:19:48;361
636934367882505365;14.05.2019 15:19:48;361
636934367882974903;14.05.2019 15:19:48;361
636934367883443530;14.05.2019 15:19:48;361
636934367884068381;14.05.2019 15:19:48;360
636934367884537019;14.05.2019 15:19:48;360
636934367885005693;14.05.2019 15:19:48;360
636934367885474359;14.05.2019 15:19:48;359
636934367885942944;14.05.2019 15:19:48;360
636934367886567795;14.05.2019 15:19:48;358
636934367887036433;14.05.2019 15:19:48;358
636934367887504190;14.05.2019 15:19:48;357
636934367888129429;14.05.2019 15:19:48;357
636934367888598075;14.05.2019 15:19:48;356
636934367889067600;14.05.2019 15:19:48;355
636934367889536573;14.05.2019 15:19:48;355
636934367890007776;14.05.2019 15:19:49;355
636934367890632649;14.05.2019 15:19:49;354
636934367891102180;14.05.2019 15:19:49;353
636934367891570867;14.05.2019 15:19:49;352
636934367892039506;14.05.2019 15:19:49;351
636934367892507614;14.05.2019 15:19:49;351
636934367893132992;14.05.2019 15:19:49;350
636934367893601602;14.05.2019 15:19:49;349
636934367894070556;14.05.2019 15:19:49;349
636934367894539518;14.05.2019 15:19:49;348
636934367895165261;14.05.2019 15:19:49;348
636934367895634010;14.05.2019 15:19:49;349
636934367896103487;14.05.2019 15:19:49;347
636934367896572089;14.05.2019 15:19:49;347
636934367897042027;14.05.2019 15:19:49;347
636934367897667991;14.05.2019 15:19:49;347
636934367898135776;14.05.2019 15:19:49;347
636934367898606880;14.05.2019 15:19:49;347
636934367899076731;14.05.2019 15:19:49;346
636934367899546286;14.05.2019 15:19:49;346
636934367900171425;14.05.2019 15:19:50;346
636934367900640360;14.05.2019 15:19:50;346
636934367901109610;14.05.2019 15:19:50;346
636934367901578575;14.05.2019 15:19:50;346
636934367902204587;14.05.2019 15:19:50;346
636934367902674117;14.05.2019 15:19:50;346
636934367903142179;14.05.2019 15:19:50;346
636934367903611482;14.05.2019 15:19:50;347
636934367904236327;14.05.2019 15:19:50;347
636934367904704987;14.05.2019 15:19:50;347
636934367905174035;14.05.2019 15:19:50;349
636934367905643687;14.05.2019 15:19:50;348
636934367906112655;14.05.2019 15:19:50;348
636934367906738797;14.05.2019 15:19:50;349
636934367907208316;14.05.2019 15:19:50;349
636934367907678533;14.05.2019 15:19:50;349
636934367908147703;14.05.2019 15:19:50;349
636934367908617267;14.05.2019 15:19:50;349
636934367909241541;14.05.2019 15:19:50;349
636934367909711107;14.05.2019 15:19:50;349
636934367910180937;14.05.2019 15:19:51;350
636934367910648674;14.05.2019 15:19:51;350
636934367911274417;14.05.2019 15:19:51;350
636934367911743438;14.05.2019 15:19:51;350
636934367912212109;14.05.2019 15:19:51;350
636934367912681030;14.05.2019 15:19:51;350
636934367913149684;14.05.2019 15:19:51;351
636934367913775421;14.05.2019 15:19:51;350
636934367914244456;14.05.2019 15:19:51;350
636934367914714027;14.05.2019 15:19:51;351
636934367915182638;14.05.2019 15:19:51;350
636934367915651323;14.05.2019 15:19:51;350
636934367916276171;14.05.2019 15:19:51;351
636934367916744812;14.05.2019 15:19:51;349
636934367917213461;14.05.2019 15:19:51;349
636934367917682085;14.05.2019 15:19:51;349
636934367918307299;14.05.2019 15:19:51;348
636934367918776843;14.05.2019 15:19:51;349
636934367919244871;14.05.2019 15:19:51;348
636934367919713374;14.05.2019 15:19:51;349
636934367920182793;14.05.2019 15:19:52;348
636934367920807666;14.05.2019 15:19:52;348
636934367921276337;14.05.2019 15:19:52;348
636934367921745507;14.05.2019 15:19:52;348
636934367922215046;14.05.2019 15:19:52;348
636934367922683689;14.05.2019 15:19:52;349
636934367923308546;14.05.2019 15:19:52;348
636934367923777186;14.05.2019 15:19:52;348
636934367924245833;14.05.2019 15:19:52;349
636934367924713870;14.05.2019 15:19:52;348
636934367925339477;14.05.2019 15:19:52;348
636934367925808746;14.05.2019 15:19:52;349
636934367926278290;14.05.2019 15:19:52;348
636934367926746934;14.05.2019 15:19:52;348
636934367927372065;14.05.2019 15:19:52;348
636934367927841628;14.05.2019 15:19:52;348
636934367928310258;14.05.2019 15:19:52;348
636934367928778901;14.05.2019 15:19:52;348
636934367929247539;14.05.2019 15:19:52;348
636934367929872385;14.05.2019 15:19:52;348
636934367930341028;14.05.2019 15:19:53;348
636934367930809711;14.05.2019 15:19:53;348
636934367931278343;14.05.2019 15:19:53;348
636934367931746987;14.05.2019 15:19:53;348
636934367932371868;14.05.2019 15:19:53;349
636934367932840478;14.05.2019 15:19:53;348
636934367933309130;14.05.2019 15:19:53;349
636934367933933837;14.05.2019 15:19:53;350
636934367934402583;14.05.2019 15:19:53;349
636934367934871221;14.05.2019 15:19:53;349
636934367935339050;14.05.2019 15:19:53;349
636934367935808550;14.05.2019 15:19:53;349
636934367936432738;14.05.2019 15:19:53;349
636934367936902030;14.05.2019 15:19:53;349
636934367937370696;14.05.2019 15:19:53;349
636934367937838686;14.05.2019 15:19:53;349
636934367938308227;14.05.2019 15:19:53;349
636934367938777765;14.05.2019 15:19:53;349
636934367939402649;14.05.2019 15:19:53;349
636934367939871709;14.05.2019 15:19:53;349
636934367940340588;14.05.2019 15:19:54;350
636934367940966145;14.05.2019 15:19:54;350
636934367941434079;14.05.2019 15:19:54;350
636934367941903424;14.05.2019 15:19:54;351
636934367942372062;14.05.2019 15:19:54;350
636934367942840728;14.05.2019 15:19:54;350
636934367943465573;14.05.2019 15:19:54;352
636934367943933274;14.05.2019 15:19:54;350
636934367944402868;14.05.2019 15:19:54;351
636934367944873038;14.05.2019 15:19:54;351
636934367945341693;14.05.2019 15:19:54;350
636934367945967430;14.05.2019 15:19:54;351
636934367946436116;14.05.2019 15:19:54;351
636934367946905086;14.05.2019 15:19:54;350
636934367947374669;14.05.2019 15:19:54;351
636934367947999492;14.05.2019 15:19:54;350
636934367948468180;14.05.2019 15:19:54;350
636934367948936804;14.05.2019 15:19:54;350
636934367949405495;14.05.2019 15:19:54;350
636934367950030265;14.05.2019 15:19:55;350
636934367950498640;14.05.2019 15:19:55;349
636934367950967533;14.05.2019 15:19:55;349
636934367951436193;14.05.2019 15:19:55;349
636934367951903931;14.05.2019 15:19:55;347
636934367952530236;14.05.2019 15:19:55;346
636934367952999835;14.05.2019 15:19:55;346
636934367953470064;14.05.2019 15:19:55;344
636934367953939613;14.05.2019 15:19:55;343
636934367954408492;14.05.2019 15:19:55;342
636934367955032213;14.05.2019 15:19:55;340
636934367955500862;14.05.2019 15:19:55;339
636934367955970420;14.05.2019 15:19:55;338
636934367956438986;14.05.2019 15:19:55;336
636934367957063335;14.05.2019 15:19:55;335
636934367957532500;14.05.2019 15:19:55;333
636934367958001575;14.05.2019 15:19:55;332
636934367958471133;14.05.2019 15:19:55;331
636934367958939386;14.05.2019 15:19:55;330
636934367959564581;14.05.2019 15:19:55;328
636934367960034465;14.05.2019 15:19:56;328
636934367960503076;14.05.2019 15:19:56;327
636934367960971708;14.05.2019 15:19:56;326
636934367961440355;14.05.2019 15:19:56;326
636934367962064585;14.05.2019 15:19:56;325
636934367962535677;14.05.2019 15:19:56;324
636934367963005299;14.05.2019 15:19:56;323
636934367963475397;14.05.2019 15:19:56;322
636934367964101475;14.05.2019 15:19:56;322
636934367964570293;14.05.2019 15:19:56;321
636934367965039666;14.05.2019 15:19:56;321
636934367965508611;14.05.2019 15:19:56;321
636934367965978161;14.05.2019 15:19:56;321
636934367966603377;14.05.2019 15:19:56;321
636934367967072043;14.05.2019 15:19:56;321
636934367967543125;14.05.2019 15:19:56;322
636934367968012694;14.05.2019 15:19:56;321
636934367968481725;14.05.2019 15:19:56;321
636934367969106604;14.05.2019 15:19:56;321
636934367969575726;14.05.2019 15:19:56;320
636934367970045952;14.05.2019 15:19:57;322
636934367970514634;14.05.2019 15:19:57;320
636934367971139480;14.05.2019 15:19:57;320
636934367971608145;14.05.2019 15:19:57;320
636934367972077581;14.05.2019 15:19:57;320
636934367972548380;14.05.2019 15:19:57;320
636934367973172375;14.05.2019 15:19:57;320
636934367973643110;14.05.2019 15:19:57;319
636934367974112095;14.05.2019 15:19:57;320
636934367974580755;14.05.2019 15:19:57;318
636934367975050249;14.05.2019 15:19:57;318
636934367975519264;14.05.2019 15:19:57;318
636934367976145342;14.05.2019 15:19:57;317
636934367976615224;14.05.2019 15:19:57;317
636934367977084785;14.05.2019 15:19:57;316
636934367977553780;14.05.2019 15:19:57;315
636934367978179554;14.05.2019 15:19:57;315
636934367978648568;14.05.2019 15:19:57;315
636934367979118151;14.05.2019 15:19:57;314
636934367979586762;14.05.2019 15:19:57;315
636934367980210751;14.05.2019 15:19:58;314
636934367980680250;14.05.2019 15:19:58;314
636934367981148894;14.05.2019 15:19:58;313
636934367981617072;14.05.2019 15:19:58;314
636934367982086137;14.05.2019 15:19:58;311
636934367982710132;14.05.2019 15:19:58;311
636934367983179454;14.05.2019 15:19:58;312
636934367983648269;14.05.2019 15:19:58;310
636934367984116943;14.05.2019 15:19:58;310
636934367984584892;14.05.2019 15:19:58;309
636934367985209554;14.05.2019 15:19:58;310
636934367985680331;14.05.2019 15:19:58;310
636934367986149263;14.05.2019 15:19:58;310
636934367986618884;14.05.2019 15:19:58;310
636934367987244987;14.05.2019 15:19:58;310
636934367987714091;14.05.2019 15:19:58;310
636934367988183798;14.05.2019 15:19:58;312
636934367988653353;14.05.2019 15:19:58;311
636934367989121958;14.05.2019 15:19:58;311
636934367989745953;14.05.2019 15:19:58;313
636934367990214585;14.05.2019 15:19:59;312
636934367990684126;14.05.2019 15:19:59;312
636934367991152764;14.05.2019 15:19:59;314
636934367991621397;14.05.2019 15:19:59;313
636934367992247456;14.05.2019 15:19:59;313
636934367992715199;14.05.2019 15:19:59;314
636934367993185059;14.05.2019 15:19:59;314
636934367993654866;14.05.2019 15:19:59;314
636934367994281808;14.05.2019 15:19:59;314
636934367994750441;14.05.2019 15:19:59;313
636934367995218389;14.05.2019 15:19:59;314
636934367995687731;14.05.2019 15:19:59;314
636934367996313795;14.05.2019 15:19:59;315
636934367996782458;14.05.2019 15:19:59;315
636934367997252310;14.05.2019 15:19:59;316
636934367997720967;14.05.2019 15:19:59;316
636934367998190907;14.05.2019 15:19:59;316
636934367998660989;14.05.2019 15:19:59;316
636934367999285870;14.05.2019 15:19:59;317
636934367999755691;14.05.2019 15:19:59;317
636934368000224354;14.05.2019 15:20:00;317
636934368000693887;14.05.2019 15:20:00;317
636934368001317849;14.05.2019 15:20:00;318
636934368001788839;14.05.2019 15:20:00;318
636934368002258391;14.05.2019 15:20:00;318
636934368002726503;14.05.2019 15:20:00;318
636934368003352201;14.05.2019 15:20:00;318
636934368003821274;14.05.2019 15:20:00;318
636934368004291084;14.05.2019 15:20:00;318
636934368004760869;14.05.2019 15:20:00;318
636934368005231572;14.05.2019 15:20:00;319
636934368005856638;14.05.2019 15:20:00;320
636934368006326833;14.05.2019 15:20:00;319
636934368006796380;14.05.2019 15:20:00;321
636934368007265257;14.05.2019 15:20:00;320
636934368007733917;14.05.2019 15:20:00;320
636934368008358770;14.05.2019 15:20:00;320
636934368008828298;14.05.2019 15:20:00;320
636934368009296060;14.05.2019 15:20:00;320
636934368009764743;14.05.2019 15:20:00;321
636934368010390447;14.05.2019 15:20:01;320
636934368010858187;14.05.2019 15:20:01;321
636934368011327714;14.05.2019 15:20:01;321
636934368011797275;14.05.2019 15:20:01;321
636934368012267146;14.05.2019 15:20:01;322
636934368012892784;14.05.2019 15:20:01;321
636934368013362004;14.05.2019 15:20:01;322
636934368013832764;14.05.2019 15:20:01;322
636934368014300546;14.05.2019 15:20:01;322
636934368014770356;14.05.2019 15:20:01;322
636934368015395328;14.05.2019 15:20:01;321
636934368015864753;14.05.2019 15:20:01;322
636934368016333397;14.05.2019 15:20:01;322
636934368016801154;14.05.2019 15:20:01;322
636934368017426005;14.05.2019 15:20:01;322
636934368017895527;14.05.2019 15:20:01;322
636934368018364201;14.05.2019 15:20:01;322
636934368018832816;14.05.2019 15:20:01;322
636934368019301466;14.05.2019 15:20:01;323
636934368019926275;14.05.2019 15:20:01;324
636934368020394949;14.05.2019 15:20:02;323
636934368020862703;14.05.2019 15:20:02;323
636934368021332267;14.05.2019 15:20:02;323
636934368021800874;14.05.2019 15:20:02;323
636934368022425722;14.05.2019 15:20:02;323
636934368022894357;14.05.2019 15:20:02;323
636934368023363009;14.05.2019 15:20:02;324
636934368023831642;14.05.2019 15:20:02;323
636934368024455609;14.05.2019 15:20:02;324
636934368024926685;14.05.2019 15:20:02;324
636934368025396279;14.05.2019 15:20:02;324
636934368025865255;14.05.2019 15:20:02;324
636934368026491020;14.05.2019 15:20:02;324
636934368026959619;14.05.2019 15:20:02;324
636934368027427407;14.05.2019 15:20:02;324
636934368027896948;14.05.2019 15:20:02;324
636934368028365578;14.05.2019 15:20:02;324
636934368028989600;14.05.2019 15:20:02;325
636934368029459125;14.05.2019 15:20:02;324
636934368029929170;14.05.2019 15:20:02;325
636934368030398709;14.05.2019 15:20:03;325
636934368030866795;14.05.2019 15:20:03;325
636934368031492549;14.05.2019 15:20:03;326
636934368031960616;14.05.2019 15:20:03;326
636934368032431837;14.05.2019 15:20:03;327
636934368032901353;14.05.2019 15:20:03;326
636934368033527974;14.05.2019 15:20:03;326
636934368033996629;14.05.2019 15:20:03;327
636934368034465275;14.05.2019 15:20:03;326
636934368034934780;14.05.2019 15:20:03;327
636934368035403986;14.05.2019 15:20:03;327
636934368036031159;14.05.2019 15:20:03;327
636934368036500091;14.05.2019 15:20:03;327
636934368036969565;14.05.2019 15:20:03;329
636934368037438669;14.05.2019 15:20:03;327
636934368037907570;14.05.2019 15:20:03;328
636934368038533657;14.05.2019 15:20:03;329
636934368039003209;14.05.2019 15:20:03;328
636934368039472019;14.05.2019 15:20:03;328
636934368040097953;14.05.2019 15:20:04;328
636934368040566591;14.05.2019 15:20:04;328
636934368041035221;14.05.2019 15:20:04;328
636934368041503853;14.05.2019 15:20:04;329
636934368041972796;14.05.2019 15:20:04;329
636934368042597669;14.05.2019 15:20:04;329
636934368043067152;14.05.2019 15:20:04;329
636934368043535848;14.05.2019 15:20:04;330
636934368044004733;14.05.2019 15:20:04;330
636934368044474296;14.05.2019 15:20:04;329
636934368044942031;14.05.2019 15:20:04;329
636934368045569530;14.05.2019 15:20:04;330
636934368046039080;14.05.2019 15:20:04;329
636934368046508039;14.05.2019 15:20:04;329
636934368046977581;14.05.2019 15:20:04;330
636934368047602675;14.05.2019 15:20:04;330
636934368048073455;14.05.2019 15:20:04;329
636934368048541550;14.05.2019 15:20:04;330
636934368049011086;14.05.2019 15:20:04;330
636934368049635942;14.05.2019 15:20:04;330
636934368050104594;14.05.2019 15:20:05;330
636934368050573221;14.05.2019 15:20:05;330
636934368051041856;14.05.2019 15:20:05;331
636934368051510544;14.05.2019 15:20:05;332
636934368052135381;14.05.2019 15:20:05;331
636934368052603096;14.05.2019 15:20:05;331
636934368053072618;14.05.2019 15:20:05;332
636934368053541259;14.05.2019 15:20:05;332
636934368054010185;14.05.2019 15:20:05;331
636934368054635947;14.05.2019 15:20:05;332
636934368055103702;14.05.2019 15:20:05;332
636934368055573711;14.05.2019 15:20:05;331
636934368056043269;14.05.2019 15:20:05;331
636934368056669951;14.05.2019 15:20:05;332
636934368057138611;14.05.2019 15:20:05;332
636934368057607914;14.05.2019 15:20:05;332
636934368058077891;14.05.2019 15:20:05;333
636934368058547473;14.05.2019 15:20:05;333
636934368059172330;14.05.2019 15:20:05;333
636934368059641550;14.05.2019 15:20:05;334
636934368060109174;14.05.2019 15:20:06;333
636934368060578779;14.05.2019 15:20:06;333
636934368061047425;14.05.2019 15:20:06;335
636934368061672240;14.05.2019 15:20:06;333
636934368062141160;14.05.2019 15:20:06;334
636934368062610131;14.05.2019 15:20:06;334
636934368063236057;14.05.2019 15:20:06;334
636934368063705639;14.05.2019 15:20:06;334
636934368064174300;14.05.2019 15:20:06;334
636934368064643010;14.05.2019 15:20:06;334
636934368065111639;14.05.2019 15:20:06;334
636934368065736454;14.05.2019 15:20:06;335
636934368066205087;14.05.2019 15:20:06;335
636934368066673780;14.05.2019 15:20:06;335
636934368067142421;14.05.2019 15:20:06;334
636934368067610050;14.05.2019 15:20:06;335
636934368068236201;14.05.2019 15:20:06;335
636934368068705825;14.05.2019 15:20:06;335
636934368069174455;14.05.2019 15:20:06;335
636934368069643156;14.05.2019 15:20:06;335
636934368070267999;14.05.2019 15:20:07;335
636934368070735953;14.05.2019 15:20:07;336
636934368071205336;14.05.2019 15:20:07;336
636934368071759454;14.05.2019 15:20:07;336
636934368072287870;14.05.2019 15:20:07;336
636934368072757467;14.05.2019 15:20:07;336
636934368073226107;14.05.2019 15:20:07;336
636934368073694745;14.05.2019 15:20:07;336
636934368074163417;14.05.2019 15:20:07;337
636934368074787586;14.05.2019 15:20:07;336
636934368075256914;14.05.2019 15:20:07;336
636934368075725585;14.05.2019 15:20:07;336
636934368076194132;14.05.2019 15:20:07;337
636934368076662728;14.05.2019 15:20:07;337
636934368077286989;14.05.2019 15:20:07;337
636934368077756580;14.05.2019 15:20:07;337
636934368078225224;14.05.2019 15:20:07;337
636934368078693851;14.05.2019 15:20:07;338
636934368079318701;14.05.2019 15:20:07;336
636934368079786414;14.05.2019 15:20:07;336
636934368080255988;14.05.2019 15:20:08;336
636934368080724588;14.05.2019 15:20:08;334
636934368081193242;14.05.2019 15:20:08;334
636934368081818082;14.05.2019 15:20:08;332
636934368082286111;14.05.2019 15:20:08;330
636934368082755358;14.05.2019 15:20:08;329
636934368083223999;14.05.2019 15:20:08;325
636934368083692681;14.05.2019 15:20:08;323
636934368084317529;14.05.2019 15:20:08;320
636934368084786198;14.05.2019 15:20:08;318
636934368085254814;14.05.2019 15:20:08;315
636934368085723452;14.05.2019 15:20:08;312
636934368086348308;14.05.2019 15:20:08;308
636934368086816954;14.05.2019 15:20:08;306
636934368087285598;14.05.2019 15:20:08;303
636934368087754233;14.05.2019 15:20:08;300
636934368088379087;14.05.2019 15:20:08;297
636934368088847794;14.05.2019 15:20:08;295
636934368089315762;14.05.2019 15:20:08;292
636934368089785358;14.05.2019 15:20:08;289
636934368090254323;14.05.2019 15:20:09;286
636934368090880124;14.05.2019 15:20:09;284
636934368091350054;14.05.2019 15:20:09;282
636934368091818692;14.05.2019 15:20:09;279
636934368092287338;14.05.2019 15:20:09;277
636934368092755998;14.05.2019 15:20:09;275
636934368093380782;14.05.2019 15:20:09;273
636934368093849470;14.05.2019 15:20:09;272
636934368094318103;14.05.2019 15:20:09;270
636934368094942336;14.05.2019 15:20:09;268
636934368095411608;14.05.2019 15:20:09;267
636934368095880246;14.05.2019 15:20:09;265
636934368096348901;14.05.2019 15:20:09;264
636934368096817511;14.05.2019 15:20:09;264
636934368097441434;14.05.2019 15:20:09;263
636934368097911394;14.05.2019 15:20:09;262
636934368098380987;14.05.2019 15:20:09;262
636934368098849626;14.05.2019 15:20:09;260
636934368099318610;14.05.2019 15:20:09;259
636934368099788497;14.05.2019 15:20:09;258
636934368100414312;14.05.2019 15:20:10;257
636934368100882934;14.05.2019 15:20:10;256
636934368101350646;14.05.2019 15:20:10;256
636934368101975796;14.05.2019 15:20:10;255
636934368102445396;14.05.2019 15:20:10;255
636934368102914037;14.05.2019 15:20:10;254
636934368103382672;14.05.2019 15:20:10;254
636934368103851271;14.05.2019 15:20:10;253
636934368104475233;14.05.2019 15:20:10;253
636934368104944815;14.05.2019 15:20:10;253
636934368105413451;14.05.2019 15:20:10;252
636934368105882092;14.05.2019 15:20:10;251
636934368106350724;14.05.2019 15:20:10;252
636934368106974647;14.05.2019 15:20:10;250
636934368107444235;14.05.2019 15:20:10;250
636934368107913192;14.05.2019 15:20:10;249
636934368108382797;14.05.2019 15:20:10;249
636934368109007642;14.05.2019 15:20:10;247
636934368109475352;14.05.2019 15:20:10;248
636934368110003097;14.05.2019 15:20:11;245
636934368110472671;14.05.2019 15:20:11;244
636934368110941293;14.05.2019 15:20:11;244
636934368111409923;14.05.2019 15:20:11;244
636934368111878608;14.05.2019 15:20:11;243
636934368112503464;14.05.2019 15:20:11;241
636934368112972099;14.05.2019 15:20:11;241
636934368113440715;14.05.2019 15:20:11;242
636934368113909655;14.05.2019 15:20:11;241
636934368114535456;14.05.2019 15:20:11;240
636934368115004100;14.05.2019 15:20:11;240
636934368115472744;14.05.2019 15:20:11;240
636934368115941404;14.05.2019 15:20:11;239
636934368116566232;14.05.2019 15:20:11;239
636934368117034901;14.05.2019 15:20:11;239
636934368117503785;14.05.2019 15:20:11;239
636934368117973321;14.05.2019 15:20:11;239
636934368118442020;14.05.2019 15:20:11;239
636934368119066893;14.05.2019 15:20:11;240
636934368119536808;14.05.2019 15:20:11;240
636934368120005441;14.05.2019 15:20:12;241
636934368120474084;14.05.2019 15:20:12;241
636934368120942723;14.05.2019 15:20:12;243
636934368121566684;14.05.2019 15:20:12;242
636934368122036264;14.05.2019 15:20:12;242
636934368122504902;14.05.2019 15:20:12;242
636934368122973546;14.05.2019 15:20:12;242
636934368123598388;14.05.2019 15:20:12;242
636934368124066090;14.05.2019 15:20:12;243
636934368124535667;14.05.2019 15:20:12;244
636934368125004319;14.05.2019 15:20:12;245
636934368125472987;14.05.2019 15:20:12;245
636934368126097808;14.05.2019 15:20:12;247
636934368126565786;14.05.2019 15:20:12;247
636934368127035042;14.05.2019 15:20:12;249
636934368127502791;14.05.2019 15:20:12;248
636934368127972374;14.05.2019 15:20:12;248
636934368128597216;14.05.2019 15:20:12;249
636934368129065857;14.05.2019 15:20:12;250
636934368129534473;14.05.2019 15:20:12;249
636934368130002208;14.05.2019 15:20:13;250
636934368130628372;14.05.2019 15:20:13;251
636934368131097985;14.05.2019 15:20:13;251
636934368131566687;14.05.2019 15:20:13;252
636934368132035314;14.05.2019 15:20:13;251
636934368132660175;14.05.2019 15:20:13;251
636934368133128827;14.05.2019 15:20:13;251
636934368133597457;14.05.2019 15:20:13;250
636934368134066087;14.05.2019 15:20:13;249
636934368134534728;14.05.2019 15:20:13;249
636934368135159581;14.05.2019 15:20:13;247
636934368135628541;14.05.2019 15:20:13;247
636934368136098212;14.05.2019 15:20:13;244
636934368136566845;14.05.2019 15:20:13;243
636934368137035485;14.05.2019 15:20:13;242
636934368137660336;14.05.2019 15:20:13;241
636934368138128977;14.05.2019 15:20:13;239
636934368138597618;14.05.2019 15:20:13;239
636934368139066153;14.05.2019 15:20:13;238
636934368139690996;14.05.2019 15:20:13;237
636934368140159642;14.05.2019 15:20:14;236
636934368140628294;14.05.2019 15:20:14;235
636934368141096915;14.05.2019 15:20:14;235
636934368141565590;14.05.2019 15:20:14;235
636934368142190443;14.05.2019 15:20:14;234
636934368142659089;14.05.2019 15:20:14;234
636934368143127733;14.05.2019 15:20:14;235
636934368143596368;14.05.2019 15:20:14;233
636934368144065389;14.05.2019 15:20:14;233
636934368144691159;14.05.2019 15:20:14;234
636934368145160094;14.05.2019 15:20:14;234
636934368145629967;14.05.2019 15:20:14;234
636934368146255796;14.05.2019 15:20:14;233
636934368146724770;14.05.2019 15:20:14;234
636934368147194330;14.05.2019 15:20:14;235
636934368147662993;14.05.2019 15:20:14;235
636934368148131958;14.05.2019 15:20:14;236
636934368148757834;14.05.2019 15:20:14;236
636934368149226483;14.05.2019 15:20:14;237
636934368149695118;14.05.2019 15:20:14;238
636934368150163762;14.05.2019 15:20:15;238
636934368150632705;14.05.2019 15:20:15;239
636934368151258470;14.05.2019 15:20:15;241
636934368151727141;14.05.2019 15:20:15;240
636934368152195782;14.05.2019 15:20:15;241
636934368152664426;14.05.2019 15:20:15;242
636934368153289273;14.05.2019 15:20:15;243
636934368153757917;14.05.2019 15:20:15;243
636934368154226552;14.05.2019 15:20:15;244
636934368154695201;14.05.2019 15:20:15;245
636934368155163837;14.05.2019 15:20:15;246
636934368155788992;14.05.2019 15:20:15;246
636934368156257647;14.05.2019 15:20:15;247
636934368156727335;14.05.2019 15:20:15;247
636934368157195937;14.05.2019 15:20:15;247
636934368157664614;14.05.2019 15:20:15;247
636934368158289431;14.05.2019 15:20:15;249
636934368158758069;14.05.2019 15:20:15;247
636934368159226716;14.05.2019 15:20:15;247
636934368159694345;14.05.2019 15:20:15;247
636934368160320501;14.05.2019 15:20:16;246
636934368160790117;14.05.2019 15:20:16;246
636934368161258655;14.05.2019 15:20:16;245
636934368161727324;14.05.2019 15:20:16;245
636934368162352183;14.05.2019 15:20:16;245
636934368162820829;14.05.2019 15:20:16;244
636934368163289470;14.05.2019 15:20:16;243
636934368163758139;14.05.2019 15:20:16;244
636934368164226774;14.05.2019 15:20:16;243
636934368164851633;14.05.2019 15:20:16;243
636934368165320271;14.05.2019 15:20:16;242
636934368165788915;14.05.2019 15:20:16;241
636934368166257553;14.05.2019 15:20:16;241
636934368166726221;14.05.2019 15:20:16;241
636934368167351338;14.05.2019 15:20:16;241
636934368167820968;14.05.2019 15:20:16;240
636934368168289584;14.05.2019 15:20:16;241
636934368168758211;14.05.2019 15:20:16;241
636934368169382430;14.05.2019 15:20:16;242
636934368169851702;14.05.2019 15:20:16;241
636934368170320340;14.05.2019 15:20:17;242
636934368170788942;14.05.2019 15:20:17;242
636934368171257583;14.05.2019 15:20:17;242
636934368171882489;14.05.2019 15:20:17;241
636934368172351130;14.05.2019 15:20:17;242
636934368172819757;14.05.2019 15:20:17;242
636934368173288415;14.05.2019 15:20:17;243
636934368173757042;14.05.2019 15:20:17;243
636934368174380959;14.05.2019 15:20:17;244
636934368174850519;14.05.2019 15:20:17;244
636934368175319130;14.05.2019 15:20:17;245
636934368175787815;14.05.2019 15:20:17;244
636934368176411743;14.05.2019 15:20:17;244
636934368176881320;14.05.2019 15:20:17;244
636934368177349942;14.05.2019 15:20:17;244
636934368177818585;14.05.2019 15:20:17;244
636934368178443724;14.05.2019 15:20:17;243
636934368178912672;14.05.2019 15:20:17;244
636934368179382261;14.05.2019 15:20:17;243
636934368179850915;14.05.2019 15:20:17;243
636934368180319531;14.05.2019 15:20:18;243
636934368180944676;14.05.2019 15:20:18;243
636934368181414225;14.05.2019 15:20:18;242
636934368181882897;14.05.2019 15:20:18;242
636934368182351537;14.05.2019 15:20:18;242
636934368182820178;14.05.2019 15:20:18;242
636934368183445032;14.05.2019 15:20:18;242
636934368183913675;14.05.2019 15:20:18;241
636934368184382316;14.05.2019 15:20:18;241
636934368184850918;14.05.2019 15:20:18;241
636934368185475816;14.05.2019 15:20:18;241
636934368185944485;14.05.2019 15:20:18;242
636934368186413103;14.05.2019 15:20:18;241
636934368186881727;14.05.2019 15:20:18;241
636934368187506603;14.05.2019 15:20:18;241
636934368187975219;14.05.2019 15:20:18;241
636934368188443824;14.05.2019 15:20:18;241
636934368188912839;14.05.2019 15:20:18;241
636934368189381499;14.05.2019 15:20:18;242
636934368190007170;14.05.2019 15:20:19;242
636934368190475877;14.05.2019 15:20:19;242
636934368190944551;14.05.2019 15:20:19;243
636934368191413164;14.05.2019 15:20:19;244
636934368191880927;14.05.2019 15:20:19;244
636934368192506016;14.05.2019 15:20:19;244
636934368192975335;14.05.2019 15:20:19;246
636934368193443929;14.05.2019 15:20:19;246
636934368193913121;14.05.2019 15:20:19;246
636934368194538709;14.05.2019 15:20:19;246
636934368195006635;14.05.2019 15:20:19;247
636934368195476218;14.05.2019 15:20:19;247
636934368195944839;14.05.2019 15:20:19;247
636934368196413483;14.05.2019 15:20:19;248
636934368197038392;14.05.2019 15:20:19;249
636934368197506049;14.05.2019 15:20:19;249
636934368197975618;14.05.2019 15:20:19;250
636934368198445796;14.05.2019 15:20:19;250
636934368198915396;14.05.2019 15:20:19;251
636934368199540208;14.05.2019 15:20:19;251
636934368200008840;14.05.2019 15:20:20;252
636934368200477470;14.05.2019 15:20:20;252
636934368200946114;14.05.2019 15:20:20;253
636934368201571086;14.05.2019 15:20:20;253
636934368202039727;14.05.2019 15:20:20;253
636934368202508429;14.05.2019 15:20:20;253
636934368202977009;14.05.2019 15:20:20;254
636934368203602178;14.05.2019 15:20:20;254
636934368204072249;14.05.2019 15:20:20;254
636934368204541870;14.05.2019 15:20:20;254
636934368205010802;14.05.2019 15:20:20;256
636934368205480418;14.05.2019 15:20:20;255
636934368206104310;14.05.2019 15:20:20;256
636934368206573962;14.05.2019 15:20:20;257
636934368207042645;14.05.2019 15:20:20;257
636934368207511241;14.05.2019 15:20:20;258
636934368207979882;14.05.2019 15:20:20;258
636934368208603730;14.05.2019 15:20:20;258
636934368209073698;14.05.2019 15:20:20;259
636934368209543250;14.05.2019 15:20:20;258
636934368210011894;14.05.2019 15:20:21;258
636934368210636783;14.05.2019 15:20:21;258
636934368211104490;14.05.2019 15:20:21;258
636934368211574079;14.05.2019 15:20:21;257
636934368212042706;14.05.2019 15:20:21;257
636934368212511341;14.05.2019 15:20:21;256
636934368213136194;14.05.2019 15:20:21;256
636934368213604855;14.05.2019 15:20:21;255
636934368214072564;14.05.2019 15:20:21;254
636934368214542120;14.05.2019 15:20:21;253
636934368215010719;14.05.2019 15:20:21;252
636934368215635935;14.05.2019 15:20:21;252
636934368216105598;14.05.2019 15:20:21;250
636934368216574261;14.05.2019 15:20:21;249
636934368217199096;14.05.2019 15:20:21;249
636934368217667764;14.05.2019 15:20:21;247
636934368218136374;14.05.2019 15:20:21;245
636934368218605007;14.05.2019 15:20:21;245
636934368219072977;14.05.2019 15:20:21;244
636934368219698803;14.05.2019 15:20:21;243
636934368220167455;14.05.2019 15:20:22;242
636934368220636010;14.05.2019 15:20:22;241
636934368221104654;14.05.2019 15:20:22;241
636934368221572408;14.05.2019 15:20:22;241
636934368222198201;14.05.2019 15:20:22;240
636934368222666800;14.05.2019 15:20:22;241
636934368223135787;14.05.2019 15:20:22;241
636934368223607065;14.05.2019 15:20:22;242
636934368224232869;14.05.2019 15:20:22;241
636934368224700576;14.05.2019 15:20:22;242
636934368225170220;14.05.2019 15:20:22;241
636934368225638814;14.05.2019 15:20:22;243
636934368226107804;14.05.2019 15:20:22;242
636934368226733605;14.05.2019 15:20:22;242
636934368227201583;14.05.2019 15:20:22;242
636934368227670920;14.05.2019 15:20:22;244
636934368228139530;14.05.2019 15:20:22;244
636934368228608168;14.05.2019 15:20:22;245
636934368229233027;14.05.2019 15:20:22;245
636934368229701635;14.05.2019 15:20:22;246
636934368230170578;14.05.2019 15:20:23;248
636934368230640127;14.05.2019 15:20:23;247
636934368231264208;14.05.2019 15:20:23;247
636934368231733804;14.05.2019 15:20:23;248
636934368232202442;14.05.2019 15:20:23;249
636934368232671083;14.05.2019 15:20:23;249
636934368233295973;14.05.2019 15:20:23;250
636934368233764586;14.05.2019 15:20:23;251
636934368234233174;14.05.2019 15:20:23;251
636934368234700928;14.05.2019 15:20:23;252
636934368235170486;14.05.2019 15:20:23;252
636934368235795298;14.05.2019 15:20:23;253
636934368236263944;14.05.2019 15:20:23;254
636934368236732627;14.05.2019 15:20:23;254
636934368237201270;14.05.2019 15:20:23;254
636934368237669969;14.05.2019 15:20:23;255
636934368238294801;14.05.2019 15:20:23;255
636934368238763411;14.05.2019 15:20:23;255
636934368239231115;14.05.2019 15:20:23;257
636934368239700676;14.05.2019 15:20:23;256
636934368240325524;14.05.2019 15:20:24;257
636934368240794492;14.05.2019 15:20:24;257
636934368241263149;14.05.2019 15:20:24;258
636934368241732682;14.05.2019 15:20:24;258
636934368242201661;14.05.2019 15:20:24;258
636934368242827468;14.05.2019 15:20:24;258
636934368243295166;14.05.2019 15:20:24;259
636934368243764082;14.05.2019 15:20:24;260
636934368244233376;14.05.2019 15:20:24;261
636934368244702023;14.05.2019 15:20:24;260
636934368245326873;14.05.2019 15:20:24;261
636934368245795511;14.05.2019 15:20:24;262
636934368246263230;14.05.2019 15:20:24;262
636934368246732751;14.05.2019 15:20:24;262
636934368247357602;14.05.2019 15:20:24;263
636934368247826285;14.05.2019 15:20:24;262
636934368248294937;14.05.2019 15:20:24;263
636934368248762644;14.05.2019 15:20:24;263
636934368249388425;14.05.2019 15:20:24;262
636934368249857058;14.05.2019 15:20:24;263
636934368250325699;14.05.2019 15:20:25;263
636934368250794334;14.05.2019 15:20:25;263
636934368251262365;14.05.2019 15:20:25;264
636934368251887837;14.05.2019 15:20:25;264
636934368252356480;14.05.2019 15:20:25;264
636934368252825121;14.05.2019 15:20:25;264
636934368253293759;14.05.2019 15:20:25;264
636934368253762403;14.05.2019 15:20:25;265
636934368254387248;14.05.2019 15:20:25;265
636934368254855847;14.05.2019 15:20:25;264
636934368255324496;14.05.2019 15:20:25;266
636934368255949377;14.05.2019 15:20:25;265
636934368256418018;14.05.2019 15:20:25;265
636934368256886629;14.05.2019 15:20:25;266
636934368257355261;14.05.2019 15:20:25;264
636934368257823919;14.05.2019 15:20:25;265
636934368258448877;14.05.2019 15:20:25;265
636934368258917734;14.05.2019 15:20:25;265
636934368259387325;14.05.2019 15:20:25;265
636934368259855963;14.05.2019 15:20:25;265
636934368260324596;14.05.2019 15:20:26;266
636934368260948532;14.05.2019 15:20:26;266
636934368261418051;14.05.2019 15:20:26;266
636934368261886692;14.05.2019 15:20:26;267
636934368262355347;14.05.2019 15:20:26;266
636934368262824007;14.05.2019 15:20:26;267
636934368263447946;14.05.2019 15:20:26;268
636934368263917560;14.05.2019 15:20:26;267
636934368264386145;14.05.2019 15:20:26;267
636934368264854791;14.05.2019 15:20:26;268
636934368265479784;14.05.2019 15:20:26;267
636934368265947355;14.05.2019 15:20:26;267
636934368266416999;14.05.2019 15:20:26;268
636934368266885592;14.05.2019 15:20:26;268
636934368267354538;14.05.2019 15:20:26;268
636934368267980345;14.05.2019 15:20:26;268
636934368268448049;14.05.2019 15:20:26;268
636934368268917626;14.05.2019 15:20:26;269
636934368269386259;14.05.2019 15:20:26;269
636934368269854894;14.05.2019 15:20:26;269
636934368270479753;14.05.2019 15:20:27;269
636934368270947466;14.05.2019 15:20:27;269
636934368271417073;14.05.2019 15:20:27;270
636934368272043182;14.05.2019 15:20:27;269
636934368272511773;14.05.2019 15:20:27;269
636934368272980444;14.05.2019 15:20:27;271
636934368273448165;14.05.2019 15:20:27;270
636934368273918150;14.05.2019 15:20:27;270
636934368274543973;14.05.2019 15:20:27;270
636934368275012597;14.05.2019 15:20:27;270
636934368275481224;14.05.2019 15:20:27;270
636934368275948962;14.05.2019 15:20:27;271
636934368276418506;14.05.2019 15:20:27;270
636934368277043359;14.05.2019 15:20:27;270
636934368277512341;14.05.2019 15:20:27;270
636934368277982012;14.05.2019 15:20:27;270
636934368278450601;14.05.2019 15:20:27;270
636934368279075740;14.05.2019 15:20:27;271
636934368279544397;14.05.2019 15:20:27;271
636934368280013974;14.05.2019 15:20:28;272
636934368280482568;14.05.2019 15:20:28;272
636934368280951206;14.05.2019 15:20:28;273
636934368281576456;14.05.2019 15:20:28;272
636934368282045252;14.05.2019 15:20:28;272
636934368282514690;14.05.2019 15:20:28;273
636934368282983328;14.05.2019 15:20:28;273
636934368283451972;14.05.2019 15:20:28;273
636934368284077155;14.05.2019 15:20:28;273
636934368284546752;14.05.2019 15:20:28;274
636934368285015376;14.05.2019 15:20:28;274
636934368285484017;14.05.2019 15:20:28;273
636934368286109189;14.05.2019 15:20:28;274
636934368286578830;14.05.2019 15:20:28;274
636934368287047446;14.05.2019 15:20:28;274
636934368287516065;14.05.2019 15:20:28;275
636934368288141228;14.05.2019 15:20:28;275
636934368288610892;14.05.2019 15:20:28;275
636934368289079870;14.05.2019 15:20:28;277
636934368289549417;14.05.2019 15:20:28;276
636934368290018064;14.05.2019 15:20:29;276
636934368290642405;14.05.2019 15:20:29;277
636934368291111968;14.05.2019 15:20:29;276
636934368291581637;14.05.2019 15:20:29;277
636934368292050277;14.05.2019 15:20:29;277
636934368292518910;14.05.2019 15:20:29;276
636934368293143229;14.05.2019 15:20:29;277
636934368293612462;14.05.2019 15:20:29;277
636934368294080973;14.05.2019 15:20:29;277
636934368294549628;14.05.2019 15:20:29;277
636934368295174431;14.05.2019 15:20:29;277
636934368295642441;14.05.2019 15:20:29;278
636934368296111738;14.05.2019 15:20:29;278
636934368296580387;14.05.2019 15:20:29;278
636934368297049031;14.05.2019 15:20:29;279
636934368297673876;14.05.2019 15:20:29;278
636934368298141832;14.05.2019 15:20:29;279
636934368298611119;14.05.2019 15:20:29;279
636934368299080250;14.05.2019 15:20:29;279
636934368299549791;14.05.2019 15:20:29;279
636934368300174661;14.05.2019 15:20:30;280
636934368300642402;14.05.2019 15:20:30;279
636934368301111971;14.05.2019 15:20:30;279
636934368301580805;14.05.2019 15:20:30;279
636934368302206582;14.05.2019 15:20:30;279
636934368302675242;14.05.2019 15:20:30;280
636934368303142957;14.05.2019 15:20:30;280
636934368303612526;14.05.2019 15:20:30;280
636934368304237374;14.05.2019 15:20:30;280
636934368304706023;14.05.2019 15:20:30;281
636934368305174681;14.05.2019 15:20:30;281
636934368305642371;14.05.2019 15:20:30;281
636934368306111935;14.05.2019 15:20:30;281
636934368306737112;14.05.2019 15:20:30;283
636934368307206776;14.05.2019 15:20:30;282
636934368307675444;14.05.2019 15:20:30;282
636934368308143046;14.05.2019 15:20:30;283
636934368308612695;14.05.2019 15:20:30;282
636934368309237560;14.05.2019 15:20:30;282
636934368309706178;14.05.2019 15:20:30;283
636934368310175105;14.05.2019 15:20:31;283
636934368310644629;14.05.2019 15:20:31;283
636934368311269499;14.05.2019 15:20:31;283
636934368311737251;14.05.2019 15:20:31;283
636934368312206828;14.05.2019 15:20:31;283
636934368312675463;14.05.2019 15:20:31;284
636934368313144107;14.05.2019 15:20:31;284
636934368313768916;14.05.2019 15:20:31;284
636934368314237601;14.05.2019 15:20:31;284
636934368314706209;14.05.2019 15:20:31;284
636934368315173955;14.05.2019 15:20:31;284
636934368315643524;14.05.2019 15:20:31;285
636934368316268330;14.05.2019 15:20:31;284
636934368316737461;14.05.2019 15:20:31;284
636934368317207075;14.05.2019 15:20:31;285
636934368317832211;14.05.2019 15:20:31;284
636934368318301769;14.05.2019 15:20:31;283
636934368318770437;14.05.2019 15:20:31;283
636934368319239075;14.05.2019 15:20:31;283
636934368319707683;14.05.2019 15:20:31;282
636934368320332534;14.05.2019 15:20:32;281
636934368320801194;14.05.2019 15:20:32;282
636934368321269815;14.05.2019 15:20:32;281
636934368321738459;14.05.2019 15:20:32;280
636934368322207089;14.05.2019 15:20:32;280
636934368322831283;14.05.2019 15:20:32;278
636934368323300622;14.05.2019 15:20:32;277
636934368323769260;14.05.2019 15:20:32;277
636934368324237901;14.05.2019 15:20:32;276
636934368324862768;14.05.2019 15:20:32;274
636934368325331461;14.05.2019 15:20:32;274
636934368325800050;14.05.2019 15:20:32;272
636934368326268685;14.05.2019 15:20:32;271
636934368326737600;14.05.2019 15:20:32;270
636934368327363736;14.05.2019 15:20:32;270
636934368327832394;14.05.2019 15:20:32;269
636934368328301996;14.05.2019 15:20:32;268
636934368328770567;14.05.2019 15:20:32;268
636934368329238632;14.05.2019 15:20:32;267
636934368329864106;14.05.2019 15:20:32;266
636934368330331811;14.05.2019 15:20:33;267
636934368330801335;14.05.2019 15:20:33;266
636934368331269970;14.05.2019 15:20:33;267
636934368331893943;14.05.2019 15:20:33;266
636934368332363506;14.05.2019 15:20:33;265
636934368332831225;14.05.2019 15:20:33;266
636934368333299907;14.05.2019 15:20:33;265
636934368333926021;14.05.2019 15:20:33;265
636934368334395607;14.05.2019 15:20:33;265
636934368334864242;14.05.2019 15:20:33;265
636934368335332229;14.05.2019 15:20:33;266
636934368335801524;14.05.2019 15:20:33;265
636934368336426903;14.05.2019 15:20:33;266
636934368336896971;14.05.2019 15:20:33;266
636934368337366557;14.05.2019 15:20:33;266
636934368337834497;14.05.2019 15:20:33;266
636934368338303833;14.05.2019 15:20:33;266
636934368338928645;14.05.2019 15:20:33;267
636934368339397302;14.05.2019 15:20:33;268
636934368339865973;14.05.2019 15:20:33;267
636934368340334639;14.05.2019 15:20:34;268
636934368340959739;14.05.2019 15:20:34;269
636934368341429322;14.05.2019 15:20:34;268
636934368341899207;14.05.2019 15:20:34;269
636934368342367867;14.05.2019 15:20:34;269
636934368342836876;14.05.2019 15:20:34;270
636934368343462678;14.05.2019 15:20:34;270
636934368343930399;14.05.2019 15:20:34;270
636934368344399962;14.05.2019 15:20:34;270
636934368344868564;14.05.2019 15:20:34;271
636934368345337205;14.05.2019 15:20:34;271
636934368345962111;14.05.2019 15:20:34;272
636934368346430735;14.05.2019 15:20:34;272
636934368346899376;14.05.2019 15:20:34;272
636934368347367083;14.05.2019 15:20:34;273
636934368347992868;14.05.2019 15:20:34;273
636934368348461508;14.05.2019 15:20:34;273
636934368348930146;14.05.2019 15:20:34;274
636934368349398904;14.05.2019 15:20:34;274
636934368350023768;14.05.2019 15:20:35;274
636934368350492273;14.05.2019 15:20:35;275
636934368350960939;14.05.2019 15:20:35;274
636934368351429641;14.05.2019 15:20:35;275
636934368351898287;14.05.2019 15:20:35;275
636934368352522542;14.05.2019 15:20:35;275
636934368352992092;14.05.2019 15:20:35;275
636934368353461683;14.05.2019 15:20:35;275
636934368353930318;14.05.2019 15:20:35;275
636934368354398953;14.05.2019 15:20:35;276
636934368355023821;14.05.2019 15:20:35;276
636934368355492448;14.05.2019 15:20:35;276
636934368355961125;14.05.2019 15:20:35;276
636934368356429732;14.05.2019 15:20:35;276
636934368357054602;14.05.2019 15:20:35;277
636934368357523229;14.05.2019 15:20:35;277
636934368357991892;14.05.2019 15:20:35;277
636934368358460464;14.05.2019 15:20:35;278
636934368359084434;14.05.2019 15:20:35;277
636934368359554241;14.05.2019 15:20:35;277
636934368360022901;14.05.2019 15:20:36;277
636934368360492442;14.05.2019 15:20:36;277
636934368360961083;14.05.2019 15:20:36;277
636934368361429752;14.05.2019 15:20:36;278
636934368362054602;14.05.2019 15:20:36;278
636934368362522625;14.05.2019 15:20:36;278
636934368362991887;14.05.2019 15:20:36;278
636934368363460525;14.05.2019 15:20:36;278
636934368364084447;14.05.2019 15:20:36;278
636934368364554036;14.05.2019 15:20:36;278
636934368365022660;14.05.2019 15:20:36;279
636934368365491298;14.05.2019 15:20:36;279
636934368366116226;14.05.2019 15:20:36;280
636934368366584125;14.05.2019 15:20:36;279
636934368367053533;14.05.2019 15:20:36;279
636934368367522143;14.05.2019 15:20:36;280
636934368367990817;14.05.2019 15:20:36;279
636934368368615596;14.05.2019 15:20:36;280
636934368369084240;14.05.2019 15:20:36;280
636934368369552939;14.05.2019 15:20:36;279
636934368370021563;14.05.2019 15:20:37;280
636934368370490157;14.05.2019 15:20:37;280
636934368371115029;14.05.2019 15:20:37;280
636934368371584981;14.05.2019 15:20:37;281
636934368372053550;14.05.2019 15:20:37;281
636934368372679788;14.05.2019 15:20:37;281
636934368373148734;14.05.2019 15:20:37;281
636934368373618682;14.05.2019 15:20:37;280
636934368374088545;14.05.2019 15:20:37;281
636934368374558125;14.05.2019 15:20:37;280
636934368375182073;14.05.2019 15:20:37;280
636934368375651578;14.05.2019 15:20:37;280
636934368376120282;14.05.2019 15:20:37;279
636934368376588898;14.05.2019 15:20:37;278
636934368377057542;14.05.2019 15:20:37;278
636934368377526183;14.05.2019 15:20:37;278
636934368378151042;14.05.2019 15:20:37;277
636934368378619685;14.05.2019 15:20:37;277
636934368379088315;14.05.2019 15:20:37;276
636934368379712468;14.05.2019 15:20:37;276
636934368380180887;14.05.2019 15:20:38;276
636934368380650547;14.05.2019 15:20:38;275
636934368381119177;14.05.2019 15:20:38;274
636934368381587809;14.05.2019 15:20:38;274
636934368382211951;14.05.2019 15:20:38;274
636934368382680619;14.05.2019 15:20:38;273
636934368383150255;14.05.2019 15:20:38;272
636934368383617890;14.05.2019 15:20:38;273
636934368384087539;14.05.2019 15:20:38;272
636934368384725054;14.05.2019 15:20:38;272
636934368385129568;14.05.2019 15:20:38;272
636934368385598225;14.05.2019 15:20:38;272
636934368386223370;14.05.2019 15:20:38;271
636934368386692925;14.05.2019 15:20:38;271
636934368387161585;14.05.2019 15:20:38;271
636934368387630234;14.05.2019 15:20:38;272
636934368388098880;14.05.2019 15:20:38;271
636934368388723728;14.05.2019 15:20:38;272
636934368389192369;14.05.2019 15:20:38;272
636934368389661376;14.05.2019 15:20:38;272
636934368390287254;14.05.2019 15:20:39;272
636934368390756158;14.05.2019 15:20:39;272
636934368391225780;14.05.2019 15:20:39;273
636934368391694479;14.05.2019 15:20:39;274
636934368392163103;14.05.2019 15:20:39;273
636934368392787993;14.05.2019 15:20:39;274
636934368393256597;14.05.2019 15:20:39;275
636934368393724501;14.05.2019 15:20:39;274
636934368394193785;14.05.2019 15:20:39;274
636934368394662437;14.05.2019 15:20:39;275
636934368395287598;14.05.2019 15:20:39;274
636934368395757122;14.05.2019 15:20:39;275
636934368396225752;14.05.2019 15:20:39;275
636934368396694493;14.05.2019 15:20:39;276
636934368397319321;14.05.2019 15:20:39;276
636934368397787957;14.05.2019 15:20:39;276
636934368398256592;14.05.2019 15:20:39;276
636934368398725230;14.05.2019 15:20:39;277
636934368399193871;14.05.2019 15:20:39;277
636934368399818724;14.05.2019 15:20:39;278
636934368400287684;14.05.2019 15:20:40;277
636934368400757264;14.05.2019 15:20:40;277
636934368401225015;14.05.2019 15:20:40;279
636934368401694634;14.05.2019 15:20:40;278
636934368402319485;14.05.2019 15:20:40;278
636934368402788145;14.05.2019 15:20:40;279
636934368403256761;14.05.2019 15:20:40;278
636934368403724396;14.05.2019 15:20:40;278
636934368404349250;14.05.2019 15:20:40;279
636934368404818896;14.05.2019 15:20:40;278
636934368405287562;14.05.2019 15:20:40;279
636934368405756172;14.05.2019 15:20:40;279
636934368406380109;14.05.2019 15:20:40;279
636934368406849545;14.05.2019 15:20:40;280
636934368407318571;14.05.2019 15:20:40;280
636934368407789306;14.05.2019 15:20:40;281
636934368408257902;14.05.2019 15:20:40;281
636934368408882803;14.05.2019 15:20:40;281
636934368409351438;14.05.2019 15:20:40;282
636934368409820076;14.05.2019 15:20:40;281
636934368410288720;14.05.2019 15:20:41;281
636934368410757369;14.05.2019 15:20:41;282
636934368411381541;14.05.2019 15:20:41;281
636934368411850852;14.05.2019 15:20:41;281
636934368412319513;14.05.2019 15:20:41;281
636934368412788098;14.05.2019 15:20:41;282
636934368413412946;14.05.2019 15:20:41;282
636934368413881584;14.05.2019 15:20:41;281
636934368414350230;14.05.2019 15:20:41;282
636934368414818904;14.05.2019 15:20:41;282
636934368415443223;14.05.2019 15:20:41;282
636934368415911476;14.05.2019 15:20:41;282
636934368416381037;14.05.2019 15:20:41;283
636934368416849722;14.05.2019 15:20:41;283
636934368417318379;14.05.2019 15:20:41;284
636934368417942241;14.05.2019 15:20:41;283
636934368418411671;14.05.2019 15:20:41;283
636934368418880456;14.05.2019 15:20:41;285
636934368419349139;14.05.2019 15:20:41;284
636934368419817738;14.05.2019 15:20:41;284
636934368420441672;14.05.2019 15:20:42;284
636934368420910304;14.05.2019 15:20:42;284
636934368421379893;14.05.2019 15:20:42;284
636934368421848547;14.05.2019 15:20:42;285
636934368422473359;14.05.2019 15:20:42;284
636934368422941072;14.05.2019 15:20:42;285
636934368423409718;14.05.2019 15:20:42;284
636934368423879246;14.05.2019 15:20:42;285
636934368424348305;14.05.2019 15:20:42;285
636934368424974472;14.05.2019 15:20:42;285
636934368425443420;14.05.2019 15:20:42;284
636934368425912080;14.05.2019 15:20:42;285
636934368426380721;14.05.2019 15:20:42;285
636934368426850689;14.05.2019 15:20:42;287
636934368427476448;14.05.2019 15:20:42;285
636934368427946643;14.05.2019 15:20:42;285
636934368428415301;14.05.2019 15:20:42;285
636934368428885272;14.05.2019 15:20:42;285
636934368429512358;14.05.2019 15:20:42;284
636934368429980993;14.05.2019 15:20:42;284
636934368430450900;14.05.2019 15:20:43;283
636934368430918655;14.05.2019 15:20:43;283
636934368431388179;14.05.2019 15:20:43;282
636934368432013027;14.05.2019 15:20:43;282
636934368432481834;14.05.2019 15:20:43;282
636934368432952694;14.05.2019 15:20:43;281
636934368433420410;14.05.2019 15:20:43;282
636934368433890029;14.05.2019 15:20:43;281
636934368434516251;14.05.2019 15:20:43;280
636934368434985116;14.05.2019 15:20:43;281
636934368435453826;14.05.2019 15:20:43;280
636934368435922417;14.05.2019 15:20:43;279
636934368436549723;14.05.2019 15:20:43;280
636934368437019261;14.05.2019 15:20:43;278
636934368437487907;14.05.2019 15:20:43;278
636934368437956978;14.05.2019 15:20:43;278
636934368438582743;14.05.2019 15:20:43;278
636934368439051663;14.05.2019 15:20:43;277
636934368439522468;14.05.2019 15:20:43;277
636934368439991095;14.05.2019 15:20:43;276
636934368440459741;14.05.2019 15:20:44;277
636934368441083819;14.05.2019 15:20:44;276
636934368441553222;14.05.2019 15:20:44;277
636934368442022417;14.05.2019 15:20:44;277
636934368442492002;14.05.2019 15:20:44;277
636934368442960671;14.05.2019 15:20:44;278
636934368443584580;14.05.2019 15:20:44;277
636934368444054351;14.05.2019 15:20:44;278
636934368444523900;14.05.2019 15:20:44;278
636934368444992530;14.05.2019 15:20:44;278
636934368445617389;14.05.2019 15:20:44;278
636934368446085154;14.05.2019 15:20:44;278
636934368446555061;14.05.2019 15:20:44;278
636934368447025173;14.05.2019 15:20:44;278
636934368447495047;14.05.2019 15:20:44;278
636934368448120798;14.05.2019 15:20:44;278
636934368448589450;14.05.2019 15:20:44;279
636934368449058088;14.05.2019 15:20:44;279
636934368449526724;14.05.2019 15:20:44;279
636934368449995364;14.05.2019 15:20:44;279
636934368450619334;14.05.2019 15:20:45;280
636934368451088903;14.05.2019 15:20:45;280
636934368451557533;14.05.2019 15:20:45;280
636934368452182425;14.05.2019 15:20:45;281
636934368452651049;14.05.2019 15:20:45;282
636934368453119671;14.05.2019 15:20:45;281
636934368453587386;14.05.2019 15:20:45;281
636934368454056916;14.05.2019 15:20:45;282
636934368454680880;14.05.2019 15:20:45;281
636934368455150411;14.05.2019 15:20:45;281
636934368455619054;14.05.2019 15:20:45;281
636934368456087991;14.05.2019 15:20:45;282
636934368456557874;14.05.2019 15:20:45;282
636934368457026525;14.05.2019 15:20:45;281
636934368457653856;14.05.2019 15:20:45;282
636934368458123408;14.05.2019 15:20:45;282
636934368458592046;14.05.2019 15:20:45;282
636934368459218141;14.05.2019 15:20:45;283
636934368459688364;14.05.2019 15:20:45;283
636934368460157913;14.05.2019 15:20:46;283
636934368460626554;14.05.2019 15:20:46;284
636934368461095195;14.05.2019 15:20:46;284
636934368461720082;14.05.2019 15:20:46;283
636934368462189085;14.05.2019 15:20:46;285
636934368462658682;14.05.2019 15:20:46;284
636934368463126700;14.05.2019 15:20:46;284
636934368463596330;14.05.2019 15:20:46;285
636934368464222748;14.05.2019 15:20:46;284
636934368464692287;14.05.2019 15:20:46;284
636934368465161210;14.05.2019 15:20:46;284
636934368465630749;14.05.2019 15:20:46;285
636934368466255608;14.05.2019 15:20:46;285
636934368466723581;14.05.2019 15:20:46;285
636934368467192948;14.05.2019 15:20:46;285
636934368467661558;14.05.2019 15:20:46;286
636934368468130204;14.05.2019 15:20:46;286
636934368468755061;14.05.2019 15:20:46;286
636934368469222823;14.05.2019 15:20:46;286
636934368469693955;14.05.2019 15:20:46;286
636934368470163532;14.05.2019 15:20:47;287
636934368470631250;14.05.2019 15:20:47;286
636934368471257029;14.05.2019 15:20:47;286
636934368471725664;14.05.2019 15:20:47;287
636934368472194308;14.05.2019 15:20:47;287
636934368472662963;14.05.2019 15:20:47;287
636934368473287800;14.05.2019 15:20:47;287
636934368473756440;14.05.2019 15:20:47;287
636934368474225078;14.05.2019 15:20:47;287
636934368474693714;14.05.2019 15:20:47;287
636934368475318576;14.05.2019 15:20:47;287
636934368475786294;14.05.2019 15:20:47;287
636934368476255854;14.05.2019 15:20:47;287
636934368476724495;14.05.2019 15:20:47;288
636934368477193136;14.05.2019 15:20:47;287
636934368477817990;14.05.2019 15:20:47;287
636934368478286251;14.05.2019 15:20:47;288
636934368478755288;14.05.2019 15:20:47;287
636934368479224502;14.05.2019 15:20:47;287
636934368479693766;14.05.2019 15:20:47;288
636934368480318958;14.05.2019 15:20:48;287
636934368480788549;14.05.2019 15:20:48;287
636934368481257292;14.05.2019 15:20:48;287
636934368481726194;14.05.2019 15:20:48;286
636934368482351981;14.05.2019 15:20:48;286
636934368482820943;14.05.2019 15:20:48;287
636934368483290556;14.05.2019 15:20:48;286
636934368483759153;14.05.2019 15:20:48;286
636934368484226868;14.05.2019 15:20:48;285
636934368484852606;14.05.2019 15:20:48;285
636934368485320354;14.05.2019 15:20:48;285
636934368485789926;14.05.2019 15:20:48;285
636934368486258522;14.05.2019 15:20:48;285
636934368486727130;14.05.2019 15:20:48;285
636934368487351183;14.05.2019 15:20:48;285
636934368487819774;14.05.2019 15:20:48;286
636934368488289307;14.05.2019 15:20:48;285
636934368488757972;14.05.2019 15:20:48;285
636934368489382762;14.05.2019 15:20:48;285
636934368489851780;14.05.2019 15:20:48;284
636934368490320457;14.05.2019 15:20:49;285
636934368490789089;14.05.2019 15:20:49;284
636934368491413940;14.05.2019 15:20:49;285
636934368491882581;14.05.2019 15:20:49;284
636934368492350335;14.05.2019 15:20:49;284
636934368492819860;14.05.2019 15:20:49;284
636934368493288509;14.05.2019 15:20:49;284
636934368493913360;14.05.2019 15:20:49;284
636934368494382009;14.05.2019 15:20:49;284
636934368494849755;14.05.2019 15:20:49;284
636934368495318628;14.05.2019 15:20:49;284
636934368495787915;14.05.2019 15:20:49;286
636934368496412799;14.05.2019 15:20:49;285
636934368496881431;14.05.2019 15:20:49;285
636934368497350476;14.05.2019 15:20:49;285
636934368497820023;14.05.2019 15:20:49;284
636934368498445176;14.05.2019 15:20:49;285
636934368498914784;14.05.2019 15:20:49;285
636934368499383391;14.05.2019 15:20:49;284
636934368499851982;14.05.2019 15:20:49;285
636934368500319759;14.05.2019 15:20:50;285
636934368500944615;14.05.2019 15:20:50;285
636934368501414439;14.05.2019 15:20:50;285
636934368501883985;14.05.2019 15:20:50;285
636934368502352626;14.05.2019 15:20:50;286
636934368502820389;14.05.2019 15:20:50;286
636934368503446129;14.05.2019 15:20:50;286
636934368503914756;14.05.2019 15:20:50;286
636934368504382507;14.05.2019 15:20:50;286
636934368505008250;14.05.2019 15:20:50;286
636934368505476010;14.05.2019 15:20:50;286
636934368505945571;14.05.2019 15:20:50;286
636934368506414245;14.05.2019 15:20:50;286
636934368506883387;14.05.2019 15:20:50;286
636934368507508842;14.05.2019 15:20:50;286
636934368507977671;14.05.2019 15:20:50;286
636934368508446331;14.05.2019 15:20:50;285
636934368508914953;14.05.2019 15:20:50;286
636934368509384247;14.05.2019 15:20:50;286
636934368510010023;14.05.2019 15:20:51;286
636934368510478653;14.05.2019 15:20:51;286
636934368510947291;14.05.2019 15:20:51;287
636934368511415043;14.05.2019 15:20:51;287
636934368512040115;14.05.2019 15:20:51;288
636934368512509404;14.05.2019 15:20:51;287
636934368512978064;14.05.2019 15:20:51;287
636934368513446700;14.05.2019 15:20:51;287
636934368514071429;14.05.2019 15:20:51;287
636934368514539560;14.05.2019 15:20:51;287
636934368515008835;14.05.2019 15:20:51;287
636934368515477476;14.05.2019 15:20:51;287
636934368515946119;14.05.2019 15:20:51;287
636934368516570410;14.05.2019 15:20:51;287
636934368517038724;14.05.2019 15:20:51;287
636934368517507368;14.05.2019 15:20:51;287
636934368517976892;14.05.2019 15:20:51;288
636934368518445494;14.05.2019 15:20:51;288
636934368519069500;14.05.2019 15:20:51;288
636934368519539019;14.05.2019 15:20:51;288
636934368520006829;14.05.2019 15:20:52;289
636934368520476301;14.05.2019 15:20:52;289
636934368521100279;14.05.2019 15:20:52;289
636934368521570358;14.05.2019 15:20:52;290
636934368522039952;14.05.2019 15:20:52;289
636934368522507781;14.05.2019 15:20:52;290
636934368522977228;14.05.2019 15:20:52;289
636934368523601979;14.05.2019 15:20:52;290
636934368524069766;14.05.2019 15:20:52;289
636934368524538404;14.05.2019 15:20:52;289
636934368525007048;14.05.2019 15:20:52;290
636934368525476581;14.05.2019 15:20:52;290
636934368526101487;14.05.2019 15:20:52;290
636934368526570654;14.05.2019 15:20:52;290
636934368527040234;14.05.2019 15:20:52;290
636934368527507958;14.05.2019 15:20:52;290
636934368528133704;14.05.2019 15:20:52;291
636934368528603879;14.05.2019 15:20:52;291
636934368529073731;14.05.2019 15:20:52;291
636934368529543289;14.05.2019 15:20:52;291
636934368530167245;14.05.2019 15:20:53;291
636934368530636780;14.05.2019 15:20:53;291
636934368531104526;14.05.2019 15:20:53;292
636934368531574062;14.05.2019 15:20:53;291
636934368532042694;14.05.2019 15:20:53;291
636934368532666659;14.05.2019 15:20:53;292
636934368533137821;14.05.2019 15:20:53;292
636934368533607340;14.05.2019 15:20:53;292
636934368534076014;14.05.2019 15:20:53;293
636934368534543765;14.05.2019 15:20:53;292
636934368535169009;14.05.2019 15:20:53;293
636934368535638512;14.05.2019 15:20:53;293
636934368536108067;14.05.2019 15:20:53;293
636934368536577328;14.05.2019 15:20:53;293
636934368537202257;14.05.2019 15:20:53;293
636934368537670842;14.05.2019 15:20:53;294
636934368538139832;14.05.2019 15:20:53;294
636934368538609340;14.05.2019 15:20:53;294
636934368539078890;14.05.2019 15:20:53;295
636934368539703754;14.05.2019 15:20:53;294
636934368540171885;14.05.2019 15:20:54;294
636934368540641036;14.05.2019 15:20:54;295
636934368541109682;14.05.2019 15:20:54;294
636934368541578309;14.05.2019 15:20:54;294
636934368542203163;14.05.2019 15:20:54;294
636934368542671795;14.05.2019 15:20:54;294
636934368543140444;14.05.2019 15:20:54;295
636934368543609074;14.05.2019 15:20:54;294
636934368544233033;14.05.2019 15:20:54;295
636934368544702571;14.05.2019 15:20:54;295
636934368545171215;14.05.2019 15:20:54;295
636934368545639867;14.05.2019 15:20:54;296
636934368546264706;14.05.2019 15:20:54;295
636934368546733336;14.05.2019 15:20:54;295
636934368547201988;14.05.2019 15:20:54;296
636934368547670875;14.05.2019 15:20:54;295
636934368548140381;14.05.2019 15:20:54;296
636934368548764392;14.05.2019 15:20:54;297
636934368549233299;14.05.2019 15:20:54;295
636934368549702524;14.05.2019 15:20:54;296
636934368550171195;14.05.2019 15:20:55;296
636934368550639809;14.05.2019 15:20:55;296
636934368551263809;14.05.2019 15:20:55;296
636934368551732691;14.05.2019 15:20:55;296
636934368552201969;14.05.2019 15:20:55;296
636934368552670995;14.05.2019 15:20:55;297
636934368553298164;14.05.2019 15:20:55;296
636934368553765913;14.05.2019 15:20:55;298
636934368554235407;14.05.2019 15:20:55;297
636934368554703195;14.05.2019 15:20:55;297
636934368555172725;14.05.2019 15:20:55;298
636934368555797548;14.05.2019 15:20:55;297
636934368556266191;14.05.2019 15:20:55;298
636934368556734461;14.05.2019 15:20:55;299
636934368557202609;14.05.2019 15:20:55;298
636934368557672133;14.05.2019 15:20:55;298
636934368558296984;14.05.2019 15:20:55;298
636934368558765636;14.05.2019 15:20:55;298
636934368559233659;14.05.2019 15:20:55;298
636934368559859449;14.05.2019 15:20:55;298
636934368560330575;14.05.2019 15:20:56;298
636934368560800485;14.05.2019 15:20:56;299
636934368561270040;14.05.2019 15:20:56;298
636934368561738628;14.05.2019 15:20:56;299
636934368562362631;14.05.2019 15:20:56;299
636934368562832521;14.05.2019 15:20:56;299
636934368563302107;14.05.2019 15:20:56;300
636934368563770742;14.05.2019 15:20:56;299
636934368564239386;14.05.2019 15:20:56;299
636934368564707996;14.05.2019 15:20:56;300
636934368565332838;14.05.2019 15:20:56;299
636934368565801515;14.05.2019 15:20:56;299
636934368566270156;14.05.2019 15:20:56;300
636934368566896683;14.05.2019 15:20:56;299
636934368567365351;14.05.2019 15:20:56;300
636934368567836566;14.05.2019 15:20:56;300
636934368568305232;14.05.2019 15:20:56;300
636934368568774820;14.05.2019 15:20:56;300
636934368569399682;14.05.2019 15:20:56;300
636934368569867350;14.05.2019 15:20:56;300
636934368570336886;14.05.2019 15:20:57;300
636934368570805557;14.05.2019 15:20:57;300
636934368571274160;14.05.2019 15:20:57;300
636934368571899016;14.05.2019 15:20:57;300
636934368572366900;14.05.2019 15:20:57;302
636934368572836533;14.05.2019 15:20:57;300
636934368573306077;14.05.2019 15:20:57;301
636934368573931166;14.05.2019 15:20:57;301
636934368574399873;14.05.2019 15:20:57;301
636934368574868736;14.05.2019 15:20:57;301
636934368575338069;14.05.2019 15:20:57;301
636934368575806660;14.05.2019 15:20:57;301
636934368576431522;14.05.2019 15:20:57;301
636934368576900166;14.05.2019 15:20:57;301
636934368577368806;14.05.2019 15:20:57;301
636934368577837763;14.05.2019 15:20:57;301
636934368578306850;14.05.2019 15:20:57;301
636934368578932615;14.05.2019 15:20:57;302
636934368579402810;14.05.2019 15:20:57;302
636934368579872263;14.05.2019 15:20:57;302
636934368580340158;14.05.2019 15:20:58;303
636934368580966131;14.05.2019 15:20:58;302
636934368581435719;14.05.2019 15:20:58;302
636934368581904679;14.05.2019 15:20:58;303
636934368582374389;14.05.2019 15:20:58;302
636934368583000143;14.05.2019 15:20:58;303
636934368583470413;14.05.2019 15:20:58;303
636934368583939954;14.05.2019 15:20:58;302
636934368584408836;14.05.2019 15:20:58;303
636934368584877959;14.05.2019 15:20:58;303
636934368585503117;14.05.2019 15:20:58;302
636934368585973952;14.05.2019 15:20:58;303
636934368586442599;14.05.2019 15:20:58;303
636934368586912971;14.05.2019 15:20:58;303
636934368587381629;14.05.2019 15:20:58;304
636934368588006740;14.05.2019 15:20:58;304
636934368588476722;14.05.2019 15:20:58;304
636934368588945382;14.05.2019 15:20:58;304
636934368589414959;14.05.2019 15:20:58;305
636934368590040051;14.05.2019 15:20:59;304
636934368590509606;14.05.2019 15:20:59;304
636934368590978244;14.05.2019 15:20:59;304
636934368591446926;14.05.2019 15:20:59;304
636934368591914944;14.05.2019 15:20:59;304
636934368592540712;14.05.2019 15:20:59;304
636934368593009685;14.05.2019 15:20:59;304
636934368593479547;14.05.2019 15:20:59;304
636934368593949377;14.05.2019 15:20:59;304
636934368594418874;14.05.2019 15:20:59;304
636934368595044157;14.05.2019 15:20:59;305
636934368595514116;14.05.2019 15:20:59;305
636934368595983043;14.05.2019 15:20:59;305
636934368596452567;14.05.2019 15:20:59;305
636934368597077426;14.05.2019 15:20:59;306
636934368597545588;14.05.2019 15:20:59;305
636934368598014749;14.05.2019 15:20:59;305
636934368598483310;14.05.2019 15:20:59;306
636934368598951976;14.05.2019 15:20:59;305
636934368599577464;14.05.2019 15:20:59;305
636934368600046124;14.05.2019 15:21:00;305
636934368600515654;14.05.2019 15:21:00;306
636934368600984317;14.05.2019 15:21:00;306
636934368601453002;14.05.2019 15:21:00;305
636934368602077856;14.05.2019 15:21:00;306
636934368602546541;14.05.2019 15:21:00;306
636934368603015195;14.05.2019 15:21:00;306
636934368603484213;14.05.2019 15:21:00;307
636934368604111380;14.05.2019 15:21:00;306
636934368604580389;14.05.2019 15:21:00;307
636934368605050510;14.05.2019 15:21:00;308
636934368605521694;14.05.2019 15:21:00;307
636934368605991243;14.05.2019 15:21:00;307
636934368606616590;14.05.2019 15:21:00;308
636934368607086142;14.05.2019 15:21:00;307
636934368607555071;14.05.2019 15:21:00;307
636934368608024643;14.05.2019 15:21:00;307
636934368608493525;14.05.2019 15:21:00;307
636934368609119282;14.05.2019 15:21:00;307
636934368609588784;14.05.2019 15:21:00;308
636934368610058397;14.05.2019 15:21:01;307
636934368610528268;14.05.2019 15:21:01;307
636934368611153127;14.05.2019 15:21:01;308
636934368611621813;14.05.2019 15:21:01;308
636934368612090453;14.05.2019 15:21:01;308
636934368612559044;14.05.2019 15:21:01;308
636934368613183901;14.05.2019 15:21:01;308
636934368613652580;14.05.2019 15:21:01;308
636934368614121252;14.05.2019 15:21:01;309
636934368614589870;14.05.2019 15:21:01;310
636934368615058893;14.05.2019 15:21:01;309
636934368615686102;14.05.2019 15:21:01;309
636934368616156430;14.05.2019 15:21:01;309
636934368616625087;14.05.2019 15:21:01;309
636934368617094651;14.05.2019 15:21:01;309
636934368617563594;14.05.2019 15:21:01;309
636934368618189677;14.05.2019 15:21:01;309
636934368618660579;14.05.2019 15:21:01;309
636934368619129148;14.05.2019 15:21:01;310
636934368619597088;14.05.2019 15:21:01;310
636934368620222642;14.05.2019 15:21:02;310
636934368620690618;14.05.2019 15:21:02;310
636934368621161348;14.05.2019 15:21:02;310
636934368621630030;14.05.2019 15:21:02;310
636934368622098289;14.05.2019 15:21:02;310
636934368622723524;14.05.2019 15:21:02;310
636934368623193551;14.05.2019 15:21:02;311
636934368623661152;14.05.2019 15:21:02;310
636934368624130677;14.05.2019 15:21:02;311
636934368624599315;14.05.2019 15:21:02;311
636934368625224171;14.05.2019 15:21:02;311
636934368625692832;14.05.2019 15:21:02;311
636934368626161445;14.05.2019 15:21:02;311
636934368626630094;14.05.2019 15:21:02;311
636934368627254540;14.05.2019 15:21:02;311
636934368627724755;14.05.2019 15:21:02;311
636934368628193390;14.05.2019 15:21:02;312
636934368628662017;14.05.2019 15:21:02;311
636934368629287167;14.05.2019 15:21:02;313
636934368629756223;14.05.2019 15:21:02;312
636934368630224864;14.05.2019 15:21:03;313
636934368630694746;14.05.2019 15:21:03;312
636934368631164301;14.05.2019 15:21:03;312
636934368631788274;14.05.2019 15:21:03;313
636934368632257831;14.05.2019 15:21:03;312
636934368632726783;14.05.2019 15:21:03;312
636934368633196374;14.05.2019 15:21:03;312
636934368633664081;14.05.2019 15:21:03;313
636934368634289034;14.05.2019 15:21:03;312
636934368634758456;14.05.2019 15:21:03;313
636934368635227457;14.05.2019 15:21:03;312
636934368635697046;14.05.2019 15:21:03;312
636934368636321946;14.05.2019 15:21:03;313
636934368636789612;14.05.2019 15:21:03;313
636934368637258253;14.05.2019 15:21:03;313
636934368637727772;14.05.2019 15:21:03;313
636934368638196914;14.05.2019 15:21:03;314
636934368638822676;14.05.2019 15:21:03;313
636934368639290802;14.05.2019 15:21:03;313
636934368639759069;14.05.2019 15:21:03;313
636934368640230167;14.05.2019 15:21:04;313
636934368640699614;14.05.2019 15:21:04;315
636934368641325709;14.05.2019 15:21:04;314
636934368641794723;14.05.2019 15:21:04;314
636934368642263386;14.05.2019 15:21:04;314
636934368642733174;14.05.2019 15:21:04;314
636934368643360175;14.05.2019 15:21:04;314
636934368643828821;14.05.2019 15:21:04;315
636934368644297454;14.05.2019 15:21:04;314
636934368644765211;14.05.2019 15:21:04;316
636934368645234788;14.05.2019 15:21:04;315
636934368645859650;14.05.2019 15:21:04;315
636934368646328227;14.05.2019 15:21:04;316
636934368646796912;14.05.2019 15:21:04;315
636934368647264611;14.05.2019 15:21:04;315
636934368647734476;14.05.2019 15:21:04;315
636934368648360566;14.05.2019 15:21:04;315
636934368648830129;14.05.2019 15:21:04;315
636934368649299149;14.05.2019 15:21:04;316
636934368649825008;14.05.2019 15:21:04;315
636934368650294552;14.05.2019 15:21:05;316
636934368650763201;14.05.2019 15:21:05;316
636934368651388603;14.05.2019 15:21:05;316
636934368651858222;14.05.2019 15:21:05;317
636934368652326860;14.05.2019 15:21:05;316
636934368652795739;14.05.2019 15:21:05;316
636934368653420612;14.05.2019 15:21:05;316
636934368653890137;14.05.2019 15:21:05;316
636934368654358775;14.05.2019 15:21:05;317
636934368654826767;14.05.2019 15:21:05;317
636934368655452549;14.05.2019 15:21:05;317
636934368655921173;14.05.2019 15:21:05;316
636934368656390335;14.05.2019 15:21:05;317
636934368656859092;14.05.2019 15:21:05;317
636934368657328564;14.05.2019 15:21:05;317
636934368657954157;14.05.2019 15:21:05;317
636934368658423704;14.05.2019 15:21:05;318
636934368658892342;14.05.2019 15:21:05;317
636934368659361376;14.05.2019 15:21:05;318
636934368659832538;14.05.2019 15:21:05;317
636934368660457860;14.05.2019 15:21:06;318
636934368660927149;14.05.2019 15:21:06;319
636934368661395793;14.05.2019 15:21:06;317
636934368661864447;14.05.2019 15:21:06;318
636934368662489334;14.05.2019 15:21:06;318
636934368662957144;14.05.2019 15:21:06;318
636934368663426619;14.05.2019 15:21:06;318
636934368663895171;14.05.2019 15:21:06;318
636934368664363817;14.05.2019 15:21:06;318
636934368664988626;14.05.2019 15:21:06;318
636934368665457461;14.05.2019 15:21:06;318
636934368665927047;14.05.2019 15:21:06;319
636934368666395696;14.05.2019 15:21:06;319
636934368666863372;14.05.2019 15:21:06;319
636934368667489426;14.05.2019 15:21:06;319
636934368667960516;14.05.2019 15:21:06;319
636934368668430096;14.05.2019 15:21:06;319
636934368668899027;14.05.2019 15:21:06;320
636934368669525053;14.05.2019 15:21:06;319
636934368669995780;14.05.2019 15:21:06;319
636934368670463820;14.05.2019 15:21:07;319
636934368670933666;14.05.2019 15:21:07;319
636934368671403639;14.05.2019 15:21:07;319
636934368672029698;14.05.2019 15:21:07;320
636934368672499203;14.05.2019 15:21:07;320
636934368672968193;14.05.2019 15:21:07;320
636934368673438058;14.05.2019 15:21:07;320
636934368673906719;14.05.2019 15:21:07;320
636934368674532450;14.05.2019 15:21:07;320
636934368675001099;14.05.2019 15:21:07;320
636934368675471217;14.05.2019 15:21:07;320
636934368675939805;14.05.2019 15:21:07;320
636934368676566457;14.05.2019 15:21:07;320
636934368677036117;14.05.2019 15:21:07;320
636934368677503755;14.05.2019 15:21:07;320
636934368677973282;14.05.2019 15:21:07;320
636934368678599679;14.05.2019 15:21:07;321
636934368679069220;14.05.2019 15:21:07;320
636934368679537867;14.05.2019 15:21:07;321
636934368680007704;14.05.2019 15:21:08;322
636934368680475453;14.05.2019 15:21:08;321
636934368681100528;14.05.2019 15:21:08;321
636934368681570169;14.05.2019 15:21:08;321
636934368682039727;14.05.2019 15:21:08;321
636934368682508393;14.05.2019 15:21:08;321
636934368682976679;14.05.2019 15:21:08;321
636934368683600956;14.05.2019 15:21:08;322
636934368684070847;14.05.2019 15:21:08;321
636934368684539806;14.05.2019 15:21:08;322
636934368685009081;14.05.2019 15:21:08;322
636934368685634802;14.05.2019 15:21:08;322
636934368686103460;14.05.2019 15:21:08;322
636934368686573372;14.05.2019 15:21:08;322
636934368687042913;14.05.2019 15:21:08;322
636934368687511928;14.05.2019 15:21:08;323
636934368688138209;14.05.2019 15:21:08;322
636934368688609346;14.05.2019 15:21:08;322
636934368689078964;14.05.2019 15:21:08;322
636934368689547600;14.05.2019 15:21:08;324
636934368690016526;14.05.2019 15:21:09;323
636934368690641909;14.05.2019 15:21:09;322
636934368691113037;14.05.2019 15:21:09;323
636934368691581687;14.05.2019 15:21:09;323
636934368692051328;14.05.2019 15:21:09;323
636934368692676344;14.05.2019 15:21:09;324
636934368693146182;14.05.2019 15:21:09;323
636934368693615710;14.05.2019 15:21:09;323
636934368694084641;14.05.2019 15:21:09;325
636934368694554185;14.05.2019 15:21:09;324
636934368695178152;14.05.2019 15:21:09;323
636934368695646796;14.05.2019 15:21:09;324
636934368696116453;14.05.2019 15:21:09;324
636934368696585222;14.05.2019 15:21:09;324
636934368697054766;14.05.2019 15:21:09;324
636934368697680974;14.05.2019 15:21:09;324
636934368698110032;14.05.2019 15:21:09;324
636934368698579883;14.05.2019 15:21:09;325
636934368699204978;14.05.2019 15:21:09;325
636934368699673666;14.05.2019 15:21:09;324
636934368700142038;14.05.2019 15:21:10;324
636934368700611914;14.05.2019 15:21:10;325
636934368701238059;14.05.2019 15:21:10;325
636934368701708346;14.05.2019 15:21:10;325
636934368702177895;14.05.2019 15:21:10;325
636934368702645636;14.05.2019 15:21:10;325
636934368703116645;14.05.2019 15:21:10;326
636934368703741972;14.05.2019 15:21:10;325
636934368704211561;14.05.2019 15:21:10;325
636934368704680487;14.05.2019 15:21:10;325
636934368705149147;14.05.2019 15:21:10;327
636934368705618968;14.05.2019 15:21:10;326
636934368706246030;14.05.2019 15:21:10;325
636934368706716347;14.05.2019 15:21:10;326
636934368707185004;14.05.2019 15:21:10;325
636934368707654294;14.05.2019 15:21:10;326
636934368708123912;14.05.2019 15:21:10;325
636934368708748156;14.05.2019 15:21:10;326
636934368709218786;14.05.2019 15:21:10;327
636934368709687314;14.05.2019 15:21:10;326
636934368710155057;14.05.2019 15:21:11;328
636934368710779927;14.05.2019 15:21:11;326
636934368711250081;14.05.2019 15:21:11;327
636934368711720999;14.05.2019 15:21:11;327
636934368712190914;14.05.2019 15:21:11;327
636934368712659574;14.05.2019 15:21:11;327
636934368713287115;14.05.2019 15:21:11;327
636934368713757959;14.05.2019 15:21:11;328
636934368714226924;14.05.2019 15:21:11;327
636934368714696473;14.05.2019 15:21:11;328
636934368715165142;14.05.2019 15:21:11;328
636934368715791608;14.05.2019 15:21:11;328
636934368716262296;14.05.2019 15:21:11;329
636934368716732483;14.05.2019 15:21:11;328
636934368717202478;14.05.2019 15:21:11;329
636934368717827349;14.05.2019 15:21:11;328
636934368718296233;14.05.2019 15:21:11;328
636934368718765821;14.05.2019 15:21:11;329
636934368719233822;14.05.2019 15:21:11;328
636934368719703070;14.05.2019 15:21:11;328
636934368720327134;14.05.2019 15:21:12;328
636934368720796553;14.05.2019 15:21:12;328
636934368721265191;14.05.2019 15:21:12;329
636934368721733835;14.05.2019 15:21:12;330
636934368722202794;14.05.2019 15:21:12;329
636934368722827673;14.05.2019 15:21:12;330
636934368723298671;14.05.2019 15:21:12;329
636934368723768221;14.05.2019 15:21:12;329
636934368724393980;14.05.2019 15:21:12;329
636934368724862424;14.05.2019 15:21:12;329
636934368725331071;14.05.2019 15:21:12;329
636934368725800867;14.05.2019 15:21:12;329
636934368726270419;14.05.2019 15:21:12;330
636934368726739296;14.05.2019 15:21:12;329
636934368727365302;14.05.2019 15:21:12;330
636934368727833962;14.05.2019 15:21:12;329
636934368728302603;14.05.2019 15:21:12;330
636934368728772174;14.05.2019 15:21:12;330
636934368729240807;14.05.2019 15:21:12;331
636934368729865660;14.05.2019 15:21:12;330
636934368730333747;14.05.2019 15:21:13;330
636934368730802898;14.05.2019 15:21:13;330
636934368731427751;14.05.2019 15:21:13;330
636934368731895508;14.05.2019 15:21:13;330
636934368732365038;14.05.2019 15:21:13;330
636934368732834172;14.05.2019 15:21:13;330
636934368733305273;14.05.2019 15:21:13;330
636934368733931027;14.05.2019 15:21:13;331
636934368734401126;14.05.2019 15:21:13;331
636934368734869764;14.05.2019 15:21:13;331
636934368735337510;14.05.2019 15:21:13;331
636934368735808733;14.05.2019 15:21:13;332
636934368736435830;14.05.2019 15:21:13;331
636934368736907203;14.05.2019 15:21:13;331
636934368737377113;14.05.2019 15:21:13;333
636934368737846224;14.05.2019 15:21:13;332
636934368738471981;14.05.2019 15:21:13;332
636934368738939738;14.05.2019 15:21:13;332
636934368739409274;14.05.2019 15:21:13;332
636934368739879441;14.05.2019 15:21:13;332
636934368740348099;14.05.2019 15:21:14;332
636934368740973842;14.05.2019 15:21:14;332
636934368741443743;14.05.2019 15:21:14;332
636934368741912373;14.05.2019 15:21:14;332
636934368742381016;14.05.2019 15:21:14;333
636934368742848732;14.05.2019 15:21:14;333
636934368743475760;14.05.2019 15:21:14;332
636934368743944401;14.05.2019 15:21:14;334
636934368744414424;14.05.2019 15:21:14;333
636934368744883076;14.05.2019 15:21:14;333
636934368745507908;14.05.2019 15:21:14;334
636934368745976546;14.05.2019 15:21:14;333
636934368746445264;14.05.2019 15:21:14;333
636934368746913935;14.05.2019 15:21:14;334
636934368747382914;14.05.2019 15:21:14;333
636934368748008679;14.05.2019 15:21:14;333
636934368748478090;14.05.2019 15:21:14;333
636934368748947593;14.05.2019 15:21:14;333
636934368749417187;14.05.2019 15:21:14;333
636934368749885786;14.05.2019 15:21:14;333
636934368750510684;14.05.2019 15:21:15;333
636934368750979319;14.05.2019 15:21:15;334
636934368751447985;14.05.2019 15:21:15;334
636934368751916681;14.05.2019 15:21:15;335
636934368752541767;14.05.2019 15:21:15;334
636934368753011358;14.05.2019 15:21:15;334
636934368753479996;14.05.2019 15:21:15;335
636934368753948643;14.05.2019 15:21:15;334
636934368754573466;14.05.2019 15:21:15;334
636934368755042447;14.05.2019 15:21:15;333
636934368755512371;14.05.2019 15:21:15;334
636934368755981031;14.05.2019 15:21:15;334
636934368756450872;14.05.2019 15:21:15;333
636934368757078077;14.05.2019 15:21:15;334
636934368757548065;14.05.2019 15:21:15;334
636934368758016888;14.05.2019 15:21:15;334
636934368758486471;14.05.2019 15:21:15;334
636934368758955081;14.05.2019 15:21:15;334
636934368759422830;14.05.2019 15:21:15;334
636934368760048579;14.05.2019 15:21:16;335
636934368760517222;14.05.2019 15:21:16;335
636934368760985916;14.05.2019 15:21:16;335
636934368761611082;14.05.2019 15:21:16;336
636934368762080914;14.05.2019 15:21:16;335
636934368762550436;14.05.2019 15:21:16;335
636934368763019210;14.05.2019 15:21:16;335
636934368763488754;14.05.2019 15:21:16;335
636934368764113660;14.05.2019 15:21:16;335
636934368764582251;14.05.2019 15:21:16;335
636934368765050898;14.05.2019 15:21:16;335
636934368765519580;14.05.2019 15:21:16;335
636934368765988221;14.05.2019 15:21:16;335
636934368766613069;14.05.2019 15:21:16;336
636934368767081682;14.05.2019 15:21:16;336
636934368767550353;14.05.2019 15:21:16;336
636934368768019321;14.05.2019 15:21:16;337
636934368768645366;14.05.2019 15:21:16;337
636934368769115372;14.05.2019 15:21:16;336
636934368769584033;14.05.2019 15:21:16;336
636934368770053940;14.05.2019 15:21:17;337
636934368770678807;14.05.2019 15:21:17;337
636934368771147985;14.05.2019 15:21:17;337
636934368771618399;14.05.2019 15:21:17;337
636934368772087941;14.05.2019 15:21:17;337
636934368772556584;14.05.2019 15:21:17;337
636934368773025228;14.05.2019 15:21:17;337
636934368773650400;14.05.2019 15:21:17;337
636934368774120038;14.05.2019 15:21:17;337
636934368774588662;14.05.2019 15:21:17;337
636934368775056663;14.05.2019 15:21:17;338
636934368775682799;14.05.2019 15:21:17;338
636934368776153997;14.05.2019 15:21:17;339
636934368776623555;14.05.2019 15:21:17;338
636934368777092193;14.05.2019 15:21:17;338
636934368777716421;14.05.2019 15:21:17;339
636934368778185976;14.05.2019 15:21:17;338
636934368778655528;14.05.2019 15:21:17;338
636934368779124227;14.05.2019 15:21:17;339
636934368779593120;14.05.2019 15:21:17;338
636934368780218508;14.05.2019 15:21:18;339
636934368780688479;14.05.2019 15:21:18;338
636934368781159561;14.05.2019 15:21:18;338
636934368781629116;14.05.2019 15:21:18;339
636934368782097740;14.05.2019 15:21:18;339
636934368782721712;14.05.2019 15:21:18;339
636934368783191232;14.05.2019 15:21:18;339
636934368783660016;14.05.2019 15:21:18;339
636934368784129569;14.05.2019 15:21:18;339
636934368784754799;14.05.2019 15:21:18;339
636934368785223459;14.05.2019 15:21:18;339
636934368785693106;14.05.2019 15:21:18;341
636934368786161752;14.05.2019 15:21:18;340
636934368786630396;14.05.2019 15:21:18;340
636934368787255241;14.05.2019 15:21:18;340
636934368787723439;14.05.2019 15:21:18;340
636934368788192517;14.05.2019 15:21:18;339
636934368788660155;14.05.2019 15:21:18;341
636934368789128846;14.05.2019 15:21:18;340
636934368789754558;14.05.2019 15:21:18;340
636934368790222290;14.05.2019 15:21:19;340
636934368790691812;14.05.2019 15:21:19;340
636934368791160879;14.05.2019 15:21:19;340
636934368791788008;14.05.2019 15:21:19;341
636934368792258181;14.05.2019 15:21:19;341
636934368792727730;14.05.2019 15:21:19;341
636934368793196928;14.05.2019 15:21:19;341
636934368793665940;14.05.2019 15:21:19;341
636934368794291982;14.05.2019 15:21:19;341
636934368794761008;14.05.2019 15:21:19;341
636934368795229879;14.05.2019 15:21:19;341
636934368795699068;14.05.2019 15:21:19;341
636934368796167451;14.05.2019 15:21:19;341
636934368796793817;14.05.2019 15:21:19;341
636934368797262475;14.05.2019 15:21:19;341
636934368797731384;14.05.2019 15:21:19;342
636934368798201253;14.05.2019 15:21:19;341
636934368798827056;14.05.2019 15:21:19;342
636934368799297024;14.05.2019 15:21:19;342
636934368799765953;14.05.2019 15:21:19;342
636934368800234614;14.05.2019 15:21:20;343
636934368800859686;14.05.2019 15:21:20;342
636934368801328102;14.05.2019 15:21:20;342
636934368801797965;14.05.2019 15:21:20;343
636934368802267800;14.05.2019 15:21:20;342
636934368802738577;14.05.2019 15:21:20;342
636934368803363815;14.05.2019 15:21:20;342
636934368803834700;14.05.2019 15:21:20;342
636934368804302588;14.05.2019 15:21:20;343
636934368804772556;14.05.2019 15:21:20;342
636934368805242623;14.05.2019 15:21:20;342
636934368805868690;14.05.2019 15:21:20;343
636934368806338293;14.05.2019 15:21:20;343
636934368806807088;14.05.2019 15:21:20;343
636934368807276669;14.05.2019 15:21:20;343
636934368807900599;14.05.2019 15:21:20;342
636934368808370526;14.05.2019 15:21:20;344
636934368808840073;14.05.2019 15:21:20;343
636934368809308719;14.05.2019 15:21:20;344
636934368809777390;14.05.2019 15:21:20;345
636934368810401490;14.05.2019 15:21:21;343
636934368810870837;14.05.2019 15:21:21;343
636934368811339162;14.05.2019 15:21:21;344
636934368811808166;14.05.2019 15:21:21;343
636934368812277120;14.05.2019 15:21:21;344
636934368812902697;14.05.2019 15:21:21;343
636934368813371839;14.05.2019 15:21:21;344
636934368813841455;14.05.2019 15:21:21;344
636934368814310381;14.05.2019 15:21:21;344
636934368814936141;14.05.2019 15:21:21;344
636934368815404269;14.05.2019 15:21:21;344
636934368815874858;14.05.2019 15:21:21;344
636934368816343468;14.05.2019 15:21:21;344
636934368816812516;14.05.2019 15:21:21;344
636934368817438317;14.05.2019 15:21:21;344
636934368817906030;14.05.2019 15:21:21;346
636934368818375998;14.05.2019 15:21:21;344
636934368818845556;14.05.2019 15:21:21;345
636934368819314232;14.05.2019 15:21:21;345
636934368819939039;14.05.2019 15:21:21;345
636934368820407680;14.05.2019 15:21:22;345
636934368820876559;14.05.2019 15:21:22;345
636934368821502354;14.05.2019 15:21:22;344
636934368821970992;14.05.2019 15:21:22;345
636934368822439633;14.05.2019 15:21:22;344
636934368822908274;14.05.2019 15:21:22;345
636934368823376915;14.05.2019 15:21:22;345
636934368824001727;14.05.2019 15:21:22;345
636934368824470373;14.05.2019 15:21:22;346
636934368824939008;14.05.2019 15:21:22;345
636934368825407655;14.05.2019 15:21:22;345
636934368825876304;14.05.2019 15:21:22;347
636934368826500612;14.05.2019 15:21:22;346
636934368826970602;14.05.2019 15:21:22;346
636934368827440143;14.05.2019 15:21:22;346
636934368827908798;14.05.2019 15:21:22;346
636934368828534978;14.05.2019 15:21:22;346
636934368829002719;14.05.2019 15:21:22;345
636934368829472576;14.05.2019 15:21:22;346
636934368829942411;14.05.2019 15:21:22;346
636934368830412007;14.05.2019 15:21:23;346
636934368831038531;14.05.2019 15:21:23;346
636934368831508078;14.05.2019 15:21:23;347
636934368831976719;14.05.2019 15:21:23;346
636934368832445401;14.05.2019 15:21:23;347
636934368832914039;14.05.2019 15:21:23;347
636934368833538910;14.05.2019 15:21:23;347
636934368834008772;14.05.2019 15:21:23;348
636934368834477371;14.05.2019 15:21:23;347
636934368834946012;14.05.2019 15:21:23;347
636934368835570863;14.05.2019 15:21:23;349
636934368836039881;14.05.2019 15:21:23;347
636934368836509505;14.05.2019 15:21:23;348
636934368836978495;14.05.2019 15:21:23;347
636934368837603368;14.05.2019 15:21:23;347
636934368838074474;14.05.2019 15:21:23;347
636934368838543633;14.05.2019 15:21:23;347
636934368839013230;14.05.2019 15:21:23;347
636934368839481868;14.05.2019 15:21:23;348
636934368839949548;14.05.2019 15:21:23;348
636934368840575615;14.05.2019 15:21:24;349
636934368841046599;14.05.2019 15:21:24;348
636934368841515470;14.05.2019 15:21:24;348
636934368841985011;14.05.2019 15:21:24;349
636934368842609876;14.05.2019 15:21:24;348
636934368843078882;14.05.2019 15:21:24;348
636934368843548465;14.05.2019 15:21:24;349
636934368844017078;14.05.2019 15:21:24;348
636934368844641968;14.05.2019 15:21:24;348
636934368845110600;14.05.2019 15:21:24;348
636934368845579197;14.05.2019 15:21:24;348
636934368846047840;14.05.2019 15:21:24;349
636934368846516520;14.05.2019 15:21:24;348
636934368847142756;14.05.2019 15:21:24;349
636934368847611372;14.05.2019 15:21:24;348
636934368848081509;14.05.2019 15:21:24;349
636934368848552413;14.05.2019 15:21:24;349
636934368849020123;14.05.2019 15:21:24;349
636934368849645949;14.05.2019 15:21:24;349
636934368850115499;14.05.2019 15:21:25;350
636934368850584131;14.05.2019 15:21:25;349
636934368851052778;14.05.2019 15:21:25;349
636934368851678185;14.05.2019 15:21:25;349
636934368852146845;14.05.2019 15:21:25;349
636934368852616365;14.05.2019 15:21:25;349
636934368853085028;14.05.2019 15:21:25;349
636934368853553655;14.05.2019 15:21:25;349
636934368854178500;14.05.2019 15:21:25;349
636934368854646259;14.05.2019 15:21:25;349
636934368855114898;14.05.2019 15:21:25;349
636934368855584464;14.05.2019 15:21:25;349
636934368856053116;14.05.2019 15:21:25;349
636934368856677922;14.05.2019 15:21:25;350
636934368857146555;14.05.2019 15:21:25;350
636934368857614314;14.05.2019 15:21:25;350
636934368858082955;14.05.2019 15:21:25;350
636934368858708690;14.05.2019 15:21:25;350
636934368859177752;14.05.2019 15:21:25;350
636934368859648498;14.05.2019 15:21:25;350
636934368860116214;14.05.2019 15:21:26;350
636934368860743178;14.05.2019 15:21:26;350
636934368861211822;14.05.2019 15:21:26;350
636934368861682327;14.05.2019 15:21:26;350
636934368862153334;14.05.2019 15:21:26;350
636934368862621992;14.05.2019 15:21:26;350
636934368863091594;14.05.2019 15:21:26;350
636934368863716450;14.05.2019 15:21:26;350
636934368864185094;14.05.2019 15:21:26;350
636934368864653723;14.05.2019 15:21:26;351
636934368865122334;14.05.2019 15:21:26;350
636934368865747946;14.05.2019 15:21:26;351
636934368866217488;14.05.2019 15:21:26;352
636934368866686417;14.05.2019 15:21:26;351
636934368867155966;14.05.2019 15:21:26;351
636934368867780850;14.05.2019 15:21:26;352
636934368868249821;14.05.2019 15:21:26;351
636934368868719434;14.05.2019 15:21:26;351
636934368869189089;14.05.2019 15:21:26;351
636934368869658630;14.05.2019 15:21:26;351
636934368870283486;14.05.2019 15:21:27;351
636934368870752135;14.05.2019 15:21:27;351
636934368871222433;14.05.2019 15:21:27;351
636934368871693487;14.05.2019 15:21:27;351
636934368872163898;14.05.2019 15:21:27;351
636934368872788760;14.05.2019 15:21:27;352
636934368873258617;14.05.2019 15:21:27;351
636934368873728233;14.05.2019 15:21:27;351
636934368874196871;14.05.2019 15:21:27;352
636934368874820780;14.05.2019 15:21:27;351
636934368875289407;14.05.2019 15:21:27;351
636934368875760106;14.05.2019 15:21:27;352
636934368876229058;14.05.2019 15:21:27;352
636934368876698618;14.05.2019 15:21:27;351
636934368877324009;14.05.2019 15:21:27;352
636934368877792658;14.05.2019 15:21:27;352
636934368878263452;14.05.2019 15:21:27;352
636934368878732095;14.05.2019 15:21:27;352
636934368879200753;14.05.2019 15:21:27;353
636934368879826845;14.05.2019 15:21:27;352
636934368880294569;14.05.2019 15:21:28;352
636934368880764102;14.05.2019 15:21:28;352
636934368881232809;14.05.2019 15:21:28;352
636934368881857906;14.05.2019 15:21:28;352
636934368882327450;14.05.2019 15:21:28;353
636934368882795462;14.05.2019 15:21:28;352
636934368883264782;14.05.2019 15:21:28;351
636934368883733414;14.05.2019 15:21:28;352
636934368884358257;14.05.2019 15:21:28;351
636934368884826529;14.05.2019 15:21:28;351
636934368885295549;14.05.2019 15:21:28;351
636934368885764182;14.05.2019 15:21:28;351
636934368886232133;14.05.2019 15:21:28;351
636934368886859012;14.05.2019 15:21:28;351
636934368887327597;14.05.2019 15:21:28;352
636934368887796285;14.05.2019 15:21:28;352
636934368888264926;14.05.2019 15:21:28;352
636934368888888821;14.05.2019 15:21:28;352
636934368889357467;14.05.2019 15:21:28;352
636934368889827634;14.05.2019 15:21:28;352
636934368890297198;14.05.2019 15:21:29;353
636934368890923639;14.05.2019 15:21:29;352
636934368891394579;14.05.2019 15:21:29;352
636934368891864813;14.05.2019 15:21:29;353
636934368892334366;14.05.2019 15:21:29;352
636934368892803029;14.05.2019 15:21:29;352
636934368893429234;14.05.2019 15:21:29;352
636934368893898243;14.05.2019 15:21:29;352
636934368894368172;14.05.2019 15:21:29;352
636934368894837719;14.05.2019 15:21:29;352
636934368895305532;14.05.2019 15:21:29;353
636934368895930333;14.05.2019 15:21:29;353
636934368896400134;14.05.2019 15:21:29;352
636934368896869723;14.05.2019 15:21:29;353
636934368897338352;14.05.2019 15:21:29;353
636934368897963173;14.05.2019 15:21:29;353
636934368898430927;14.05.2019 15:21:29;353
636934368898900504;14.05.2019 15:21:29;353
636934368899369134;14.05.2019 15:21:29;353
636934368899837802;14.05.2019 15:21:29;354
636934368900462620;14.05.2019 15:21:30;353
636934368900931263;14.05.2019 15:21:30;353
636934368901399902;14.05.2019 15:21:30;353
636934368901868825;14.05.2019 15:21:30;354
636934368902337485;14.05.2019 15:21:30;353
636934368902963259;14.05.2019 15:21:30;353
636934368903431902;14.05.2019 15:21:30;354
636934368903900837;14.05.2019 15:21:30;354
636934368904526640;14.05.2019 15:21:30;354
636934368904995284;14.05.2019 15:21:30;354
636934368905463977;14.05.2019 15:21:30;354
636934368905932563;14.05.2019 15:21:30;354
636934368906401220;14.05.2019 15:21:30;355
636934368907026060;14.05.2019 15:21:30;354
636934368907493762;14.05.2019 15:21:30;354
636934368907963339;14.05.2019 15:21:30;354
636934368908432041;14.05.2019 15:21:30;354
636934368908900634;14.05.2019 15:21:30;354
636934368909525471;14.05.2019 15:21:30;354
636934368909993636;14.05.2019 15:21:30;354
636934368910462700;14.05.2019 15:21:31;354
636934368910931341;14.05.2019 15:21:31;354
636934368911556236;14.05.2019 15:21:31;354
636934368912024882;14.05.2019 15:21:31;354
636934368912493526;14.05.2019 15:21:31;354
636934368912962220;14.05.2019 15:21:31;355
636934368913430810;14.05.2019 15:21:31;354
636934368914056032;14.05.2019 15:21:31;354
636934368914524684;14.05.2019 15:21:31;355
636934368914994264;14.05.2019 15:21:31;353
636934368915462905;14.05.2019 15:21:31;354
636934368915931546;14.05.2019 15:21:31;353
636934368916556352;14.05.2019 15:21:31;353
636934368917024991;14.05.2019 15:21:31;353
636934368917492748;14.05.2019 15:21:31;353
636934368917962278;14.05.2019 15:21:31;353
636934368918587131;14.05.2019 15:21:31;353
636934368919055816;14.05.2019 15:21:31;353
636934368919523571;14.05.2019 15:21:31;353
636934368919993048;14.05.2019 15:21:31;353
636934368920617910;14.05.2019 15:21:32;353
636934368921086512;14.05.2019 15:21:32;354
636934368921555366;14.05.2019 15:21:32;353
636934368922025495;14.05.2019 15:21:32;353
636934368922494964;14.05.2019 15:21:32;353
636934368923120796;14.05.2019 15:21:32;353
636934368923589373;14.05.2019 15:21:32;353
636934368924058000;14.05.2019 15:21:32;354
636934368924526651;14.05.2019 15:21:32;353
636934368924995290;14.05.2019 15:21:32;353
636934368925620104;14.05.2019 15:21:32;353
636934368926088781;14.05.2019 15:21:32;353
636934368926556533;14.05.2019 15:21:32;353
636934368927025171;14.05.2019 15:21:32;353
636934368927650925;14.05.2019 15:21:32;353
636934368928120973;14.05.2019 15:21:32;353
636934368928589641;14.05.2019 15:21:32;353
636934368929057620;14.05.2019 15:21:32;355
636934368929526089;14.05.2019 15:21:32;353
636934368930151777;14.05.2019 15:21:33;354
636934368930619747;14.05.2019 15:21:33;354
636934368931088166;14.05.2019 15:21:33;353
636934368931557691;14.05.2019 15:21:33;354
636934368932025655;14.05.2019 15:21:33;353
636934368932651188;14.05.2019 15:21:33;354
636934368933119826;14.05.2019 15:21:33;354
636934368933587804;14.05.2019 15:21:33;353
636934368934057113;14.05.2019 15:21:33;354
636934368934681083;14.05.2019 15:21:33;354
636934368935150596;14.05.2019 15:21:33;354
636934368935618913;14.05.2019 15:21:33;354
636934368936087842;14.05.2019 15:21:33;354
636934368936712291;14.05.2019 15:21:33;354
636934368937180951;14.05.2019 15:21:33;355
636934368937650999;14.05.2019 15:21:33;354
636934368938121785;14.05.2019 15:21:33;354
636934368938590423;14.05.2019 15:21:33;355
636934368939214755;14.05.2019 15:21:33;354
636934368939683410;14.05.2019 15:21:33;354
636934368940152960;14.05.2019 15:21:34;354
636934368940620697;14.05.2019 15:21:34;354
636934368941090588;14.05.2019 15:21:34;354
636934368941715466;14.05.2019 15:21:34;354
636934368942184104;14.05.2019 15:21:34;354
636934368942655202;14.05.2019 15:21:34;355
636934368943124757;14.05.2019 15:21:34;355
636934368943752019;14.05.2019 15:21:34;356
636934368944219770;14.05.2019 15:21:34;355
636934368944688411;14.05.2019 15:21:34;355
636934368945157980;14.05.2019 15:21:34;356
636934368945626981;14.05.2019 15:21:34;355
636934368946252810;14.05.2019 15:21:34;355
636934368946720486;14.05.2019 15:21:34;356
636934368947189133;14.05.2019 15:21:34;355
636934368947658735;14.05.2019 15:21:34;355
636934368948127378;14.05.2019 15:21:34;355
636934368948751268;14.05.2019 15:21:34;355
636934368949220219;14.05.2019 15:21:34;356
636934368949689004;14.05.2019 15:21:34;356
636934368950158182;14.05.2019 15:21:35;356
636934368950782933;14.05.2019 15:21:35;356
636934368951251579;14.05.2019 15:21:35;356
636934368951720217;14.05.2019 15:21:35;357
636934368952187963;14.05.2019 15:21:35;356
636934368952813751;14.05.2019 15:21:35;356
636934368953283527;14.05.2019 15:21:35;357
636934368953752168;14.05.2019 15:21:35;356
636934368954222061;14.05.2019 15:21:35;356
636934368954690040;14.05.2019 15:21:35;356
636934368955315880;14.05.2019 15:21:35;356
636934368955785352;14.05.2019 15:21:35;355
636934368956253594;14.05.2019 15:21:35;356
636934368956722744;14.05.2019 15:21:35;356
636934368957191208;14.05.2019 15:21:35;357
636934368957816172;14.05.2019 15:21:35;356
636934368958284832;14.05.2019 15:21:35;357
636934368958753468;14.05.2019 15:21:35;357
636934368959222097;14.05.2019 15:21:35;357
636934368959847294;14.05.2019 15:21:35;358
636934368960316132;14.05.2019 15:21:36;357
636934368960784595;14.05.2019 15:21:36;357
636934368961253239;14.05.2019 15:21:36;358
636934368961722822;14.05.2019 15:21:36;357
636934368962347617;14.05.2019 15:21:36;357
636934368962816311;14.05.2019 15:21:36;357
636934368963284863;14.05.2019 15:21:36;357
636934368963753335;14.05.2019 15:21:36;357
636934368964221291;14.05.2019 15:21:36;357
636934368964847034;14.05.2019 15:21:36;357
636934368965315104;14.05.2019 15:21:36;357
636934368965785853;14.05.2019 15:21:36;357
636934368966411397;14.05.2019 15:21:36;358
636934368966880060;14.05.2019 15:21:36;357
636934368967351194;14.05.2019 15:21:36;357
636934368967819951;14.05.2019 15:21:36;358
636934368968289382;14.05.2019 15:21:36;357
636934368968913451;14.05.2019 15:21:36;358
636934368969381987;14.05.2019 15:21:36;358
636934368969851907;14.05.2019 15:21:36;358
636934368970321559;14.05.2019 15:21:37;357
636934368970790164;14.05.2019 15:21:37;357
636934368971414333;14.05.2019 15:21:37;358
636934368971882705;14.05.2019 15:21:37;358
636934368972351393;14.05.2019 15:21:37;357
636934368972819984;14.05.2019 15:21:37;358
636934368973444835;14.05.2019 15:21:37;357
636934368973914033;14.05.2019 15:21:37;358
636934368974382120;14.05.2019 15:21:37;358
636934368974851650;14.05.2019 15:21:37;358
636934368975320282;14.05.2019 15:21:37;358
636934368975945393;14.05.2019 15:21:37;358
636934368976414666;14.05.2019 15:21:37;357
636934368976883190;14.05.2019 15:21:37;357
636934368977353003;14.05.2019 15:21:37;358
636934368977821669;14.05.2019 15:21:37;358
636934368978447409;14.05.2019 15:21:37;358
636934368978916050;14.05.2019 15:21:37;358
636934368979383804;14.05.2019 15:21:37;358
636934368979853342;14.05.2019 15:21:37;358
636934368980478204;14.05.2019 15:21:38;358
636934368980945934;14.05.2019 15:21:38;358
636934368981414572;14.05.2019 15:21:38;358
636934368981883212;14.05.2019 15:21:38;358
636934368982508955;14.05.2019 15:21:38;358
636934368982977657;14.05.2019 15:21:38;359
636934368983446256;14.05.2019 15:21:38;359
636934368983914847;14.05.2019 15:21:38;360
636934368984382629;14.05.2019 15:21:38;359
636934368985008372;14.05.2019 15:21:38;359
636934368985477049;14.05.2019 15:21:38;360
636934368985945679;14.05.2019 15:21:38;359
636934368986413444;14.05.2019 15:21:38;359
636934368986882944;14.05.2019 15:21:38;359
636934368987506897;14.05.2019 15:21:38;359
636934368987976427;14.05.2019 15:21:38;359
636934368988444572;14.05.2019 15:21:38;359
636934368988914152;14.05.2019 15:21:38;359
636934368989538983;14.05.2019 15:21:38;359
636934368990007610;14.05.2019 15:21:39;359
636934368990476257;14.05.2019 15:21:39;359
636934368990944341;14.05.2019 15:21:39;359
636934368991414198;14.05.2019 15:21:39;360
636934368992039963;14.05.2019 15:21:39;360
636934368992508731;14.05.2019 15:21:39;360
636934368992978292;14.05.2019 15:21:39;360
636934368993446079;14.05.2019 15:21:39;361
636934368993915482;14.05.2019 15:21:39;359
636934368994539584;14.05.2019 15:21:39;360
636934368995009059;14.05.2019 15:21:39;360
636934368995477706;14.05.2019 15:21:39;360
636934368995946355;14.05.2019 15:21:39;360
636934368996570302;14.05.2019 15:21:39;360
636934368997039841;14.05.2019 15:21:39;360
636934368997507581;14.05.2019 15:21:39;361
636934368997977125;14.05.2019 15:21:39;361
636934368998601920;14.05.2019 15:21:39;361
636934368999069786;14.05.2019 15:21:39;361
636934368999540590;14.05.2019 15:21:39;361
636934369000009206;14.05.2019 15:21:40;362
636934369000477819;14.05.2019 15:21:40;361
636934369001101811;14.05.2019 15:21:40;361
636934369001570898;14.05.2019 15:21:40;361
636934369002040315;14.05.2019 15:21:40;361
636934369002509166;14.05.2019 15:21:40;361
636934369002979211;14.05.2019 15:21:40;361
636934369003605334;14.05.2019 15:21:40;361
636934369004073116;14.05.2019 15:21:40;361
636934369004541759;14.05.2019 15:21:40;361
636934369005011292;14.05.2019 15:21:40;361
636934369005637695;14.05.2019 15:21:40;361
636934369006107546;14.05.2019 15:21:40;361
636934369006576209;14.05.2019 15:21:40;362
636934369007047224;14.05.2019 15:21:40;361
636934369007515873;14.05.2019 15:21:40;360
636934369008139838;14.05.2019 15:21:40;362
636934369008608692;14.05.2019 15:21:40;361
636934369009077116;14.05.2019 15:21:40;361
636934369009546647;14.05.2019 15:21:40;361
636934369010015287;14.05.2019 15:21:41;361
636934369010640108;14.05.2019 15:21:41;361
636934369011179398;14.05.2019 15:21:41;361
636934369011677706;14.05.2019 15:21:41;361
636934369012183738;14.05.2019 15:21:41;361
636934369012653609;14.05.2019 15:21:41;361
636934369013122829;14.05.2019 15:21:41;362
636934369013590910;14.05.2019 15:21:41;362
636934369014216778;14.05.2019 15:21:41;362
636934369014686341;14.05.2019 15:21:41;363
636934369015154974;14.05.2019 15:21:41;362
636934369015624088;14.05.2019 15:21:41;362
636934369016094220;14.05.2019 15:21:41;363
636934369016564243;14.05.2019 15:21:41;362
636934369017189116;14.05.2019 15:21:41;362
636934369017660475;14.05.2019 15:21:41;363
636934369018130540;14.05.2019 15:21:41;362
636934369018599499;14.05.2019 15:21:41;362
636934369019225289;14.05.2019 15:21:41;362
636934369019693076;14.05.2019 15:21:41;362
636934369020162546;14.05.2019 15:21:42;362
636934369020631139;14.05.2019 15:21:42;362
636934369021255417;14.05.2019 15:21:42;363
636934369021724742;14.05.2019 15:21:42;363
636934369022193366;14.05.2019 15:21:42;363
636934369022661957;14.05.2019 15:21:42;364
636934369023130612;14.05.2019 15:21:42;363
636934369023754559;14.05.2019 15:21:42;363
636934369024224114;14.05.2019 15:21:42;364
636934369024692741;14.05.2019 15:21:42;363
636934369025161374;14.05.2019 15:21:42;363
636934369025630380;14.05.2019 15:21:42;363
636934369026255250;14.05.2019 15:21:42;363
636934369026726219;14.05.2019 15:21:42;363
636934369027194906;14.05.2019 15:21:42;363
636934369027662578;14.05.2019 15:21:42;364
636934369028288717;14.05.2019 15:21:42;363
636934369028757380;14.05.2019 15:21:42;363
636934369029226915;14.05.2019 15:21:42;364
636934369029695833;14.05.2019 15:21:42;364
636934369030165399;14.05.2019 15:21:43;364
636934369030790635;14.05.2019 15:21:43;365
636934369031259290;14.05.2019 15:21:43;364
636934369031729133;14.05.2019 15:21:43;364
636934369032198677;14.05.2019 15:21:43;365
636934369032667612;14.05.2019 15:21:43;364
636934369033293615;14.05.2019 15:21:43;364
636934369033762469;14.05.2019 15:21:43;364
636934369034231805;14.05.2019 15:21:43;364
636934369034699776;14.05.2019 15:21:43;364
636934369035325674;14.05.2019 15:21:43;365
636934369035796509;14.05.2019 15:21:43;364
636934369036264230;14.05.2019 15:21:43;364
636934369036735464;14.05.2019 15:21:43;364
636934369037205390;14.05.2019 15:21:43;365
636934369037832901;14.05.2019 15:21:43;364
636934369038301561;14.05.2019 15:21:43;365
636934369038771462;14.05.2019 15:21:43;365
636934369039240319;14.05.2019 15:21:43;365
636934369039709949;14.05.2019 15:21:43;364
636934369040335842;14.05.2019 15:21:44;366
636934369040804422;14.05.2019 15:21:44;365
636934369041272104;14.05.2019 15:21:44;365
636934369041740745;14.05.2019 15:21:44;365
636934369042366499;14.05.2019 15:21:44;365
636934369042836843;14.05.2019 15:21:44;365
636934369043306390;14.05.2019 15:21:44;365
636934369043774144;14.05.2019 15:21:44;366
636934369044401120;14.05.2019 15:21:44;366
636934369044869755;14.05.2019 15:21:44;365
636934369045338391;14.05.2019 15:21:44;366
636934369045807369;14.05.2019 15:21:44;366
636934369046276027;14.05.2019 15:21:44;366
636934369046901775;14.05.2019 15:21:44;367
636934369047371987;14.05.2019 15:21:44;366
636934369047842833;14.05.2019 15:21:44;366
636934369048311790;14.05.2019 15:21:44;367
636934369048780447;14.05.2019 15:21:44;366
636934369049405631;14.05.2019 15:21:44;367
636934369049875147;14.05.2019 15:21:44;366
636934369050343375;14.05.2019 15:21:45;366
636934369050813243;14.05.2019 15:21:45;366
636934369051438437;14.05.2019 15:21:45;366
636934369051908929;14.05.2019 15:21:45;367
636934369052377564;14.05.2019 15:21:45;366
636934369052846208;14.05.2019 15:21:45;366
636934369053314821;14.05.2019 15:21:45;367
636934369053939685;14.05.2019 15:21:45;367
636934369054408348;14.05.2019 15:21:45;367
636934369054876986;14.05.2019 15:21:45;368
636934369055344732;14.05.2019 15:21:45;367
636934369055814279;14.05.2019 15:21:45;367
636934369056439163;14.05.2019 15:21:45;367
636934369056907134;14.05.2019 15:21:45;367
636934369057376398;14.05.2019 15:21:45;367
636934369057845036;14.05.2019 15:21:45;367
636934369058469294;14.05.2019 15:21:45;366
636934369058938863;14.05.2019 15:21:45;367
636934369059407487;14.05.2019 15:21:45;366
636934369059876128;14.05.2019 15:21:45;366
636934369060500086;14.05.2019 15:21:46;366
636934369060969680;14.05.2019 15:21:46;365
636934369061438271;14.05.2019 15:21:46;365
636934369061906909;14.05.2019 15:21:46;364
636934369062375592;14.05.2019 15:21:46;364
636934369062999500;14.05.2019 15:21:46;364
636934369063469039;14.05.2019 15:21:46;362
636934369063937680;14.05.2019 15:21:46;361
636934369064406315;14.05.2019 15:21:46;361
636934369064874975;14.05.2019 15:21:46;359
636934369065498920;14.05.2019 15:21:46;358
636934369065968450;14.05.2019 15:21:46;356
636934369066437080;14.05.2019 15:21:46;355
636934369066905732;14.05.2019 15:21:46;353
636934369067531790;14.05.2019 15:21:46;352
636934369068000514;14.05.2019 15:21:46;351
636934369068470942;14.05.2019 15:21:46;349
636934369068939879;14.05.2019 15:21:46;348
636934369069409138;14.05.2019 15:21:46;348
636934369070033967;14.05.2019 15:21:47;346
636934369070503943;14.05.2019 15:21:47;345
636934369070972564;14.05.2019 15:21:47;345
636934369071441557;14.05.2019 15:21:47;343
636934369071911115;14.05.2019 15:21:47;343
636934369072536503;14.05.2019 15:21:47;343
636934369073007349;14.05.2019 15:21:47;342
636934369073477702;14.05.2019 15:21:47;342
636934369073947260;14.05.2019 15:21:47;341
636934369074572103;14.05.2019 15:21:47;340
636934369075040865;14.05.2019 15:21:47;340
636934369075509127;14.05.2019 15:21:47;340
636934369075978025;14.05.2019 15:21:47;340
636934369076446669;14.05.2019 15:21:47;340
636934369077071566;14.05.2019 15:21:47;339
636934369077540174;14.05.2019 15:21:47;340
636934369078009172;14.05.2019 15:21:47;339
636934369078478478;14.05.2019 15:21:47;339
636934369078946437;14.05.2019 15:21:47;340
636934369079572150;14.05.2019 15:21:47;339
636934369080040868;14.05.2019 15:21:48;339
636934369080509462;14.05.2019 15:21:48;340
636934369081133684;14.05.2019 15:21:48;339
636934369081603255;14.05.2019 15:21:48;339
636934369082073049;14.05.2019 15:21:48;339
636934369082541706;14.05.2019 15:21:48;338
636934369083011200;14.05.2019 15:21:48;339
636934369083635461;14.05.2019 15:21:48;339
636934369084104728;14.05.2019 15:21:48;339
636934369084573374;14.05.2019 15:21:48;339
636934369085041971;14.05.2019 15:21:48;340
636934369085510977;14.05.2019 15:21:48;340
636934369086135850;14.05.2019 15:21:48;340
636934369086605386;14.05.2019 15:21:48;340
636934369087074027;14.05.2019 15:21:48;342
636934369087542668;14.05.2019 15:21:48;340
636934369088167510;14.05.2019 15:21:48;341
636934369088635865;14.05.2019 15:21:48;341
636934369089103908;14.05.2019 15:21:48;341
636934369089573449;14.05.2019 15:21:48;341
636934369090042071;14.05.2019 15:21:49;341
636934369090666885;14.05.2019 15:21:49;341
636934369091135850;14.05.2019 15:21:49;341
636934369091605416;14.05.2019 15:21:49;341
636934369092074401;14.05.2019 15:21:49;342
636934369092543069;14.05.2019 15:21:49;342
636934369093168820;14.05.2019 15:21:49;342
636934369093637445;14.05.2019 15:21:49;343
636934369094106091;14.05.2019 15:21:49;341
636934369094574743;14.05.2019 15:21:49;341
636934369095198690;14.05.2019 15:21:49;341
636934369095667326;14.05.2019 15:21:49;341
636934369096136864;14.05.2019 15:21:49;341
636934369096605524;14.05.2019 15:21:49;341
636934369097230835;14.05.2019 15:21:49;340
636934369097699869;14.05.2019 15:21:49;340
636934369098170583;14.05.2019 15:21:49;339
636934369098639326;14.05.2019 15:21:49;340
636934369099107329;14.05.2019 15:21:49;340
636934369099733086;14.05.2019 15:21:49;339
636934369100201735;14.05.2019 15:21:50;340
636934369100670371;14.05.2019 15:21:50;340
636934369101139009;14.05.2019 15:21:50;340
636934369101607658;14.05.2019 15:21:50;341
636934369102232472;14.05.2019 15:21:50;340
636934369102700260;14.05.2019 15:21:50;340
636934369103169790;14.05.2019 15:21:50;340
636934369103638428;14.05.2019 15:21:50;340
636934369104263276;14.05.2019 15:21:50;339
636934369104731881;14.05.2019 15:21:50;340
636934369105200730;14.05.2019 15:21:50;339
636934369105668309;14.05.2019 15:21:50;339
636934369106293166;14.05.2019 15:21:50;339
636934369106762687;14.05.2019 15:21:50;339
636934369107231328;14.05.2019 15:21:50;339
636934369107700005;14.05.2019 15:21:50;340
636934369108168618;14.05.2019 15:21:50;339
636934369108637838;14.05.2019 15:21:50;339
636934369109262714;14.05.2019 15:21:50;340
636934369109732302;14.05.2019 15:21:50;341
636934369110200951;14.05.2019 15:21:51;340
636934369110669598;14.05.2019 15:21:51;340
636934369111293487;14.05.2019 15:21:51;341
636934369111763399;14.05.2019 15:21:51;340
636934369112233304;14.05.2019 15:21:51;341
636934369112701967;14.05.2019 15:21:51;341
636934369113326878;14.05.2019 15:21:51;341
636934369113796353;14.05.2019 15:21:51;341
636934369114265332;14.05.2019 15:21:51;341
636934369114734901;14.05.2019 15:21:51;342
636934369115203517;14.05.2019 15:21:51;341
636934369115827719;14.05.2019 15:21:51;342
636934369116297521;14.05.2019 15:21:51;343
636934369116768306;14.05.2019 15:21:51;342
636934369117237277;14.05.2019 15:21:51;342
636934369117706017;14.05.2019 15:21:51;343
636934369118331056;14.05.2019 15:21:51;343
636934369118800318;14.05.2019 15:21:51;343
636934369119268288;14.05.2019 15:21:51;343
636934369119737594;14.05.2019 15:21:51;343
636934369120362846;14.05.2019 15:21:52;343
636934369120831509;14.05.2019 15:21:52;343
636934369121301114;14.05.2019 15:21:52;343
636934369121771326;14.05.2019 15:21:52;343
636934369122240845;14.05.2019 15:21:52;343
636934369122866034;14.05.2019 15:21:52;344
636934369123334680;14.05.2019 15:21:52;344
636934369123805568;14.05.2019 15:21:52;343
636934369124274483;14.05.2019 15:21:52;345
636934369124744074;14.05.2019 15:21:52;344
636934369125368687;14.05.2019 15:21:52;344
636934369125836868;14.05.2019 15:21:52;345
636934369126306165;14.05.2019 15:21:52;344
636934369126774809;14.05.2019 15:21:52;344
636934369127399995;14.05.2019 15:21:52;345
636934369127869575;14.05.2019 15:21:52;344
636934369128337287;14.05.2019 15:21:52;344
636934369128808095;14.05.2019 15:21:52;344
636934369129433173;14.05.2019 15:21:52;344
636934369129901833;14.05.2019 15:21:52;345
636934369130371382;14.05.2019 15:21:53;345
636934369130839106;14.05.2019 15:21:53;345
636934369131308647;14.05.2019 15:21:53;345
636934369131933811;14.05.2019 15:21:53;345
636934369132403350;14.05.2019 15:21:53;347
636934369132873852;14.05.2019 15:21:53;345
636934369133342513;14.05.2019 15:21:53;346
636934369133812034;14.05.2019 15:21:53;347
636934369134436007;14.05.2019 15:21:53;346
636934369134905562;14.05.2019 15:21:53;346
636934369135373336;14.05.2019 15:21:53;346
636934369135842475;14.05.2019 15:21:53;346
636934369136467700;14.05.2019 15:21:53;346
636934369136936316;14.05.2019 15:21:53;346
636934369137406583;14.05.2019 15:21:53;346
636934369137876149;14.05.2019 15:21:53;347
636934369138344599;14.05.2019 15:21:53;346
636934369138969621;14.05.2019 15:21:53;347
636934369139438855;14.05.2019 15:21:53;346
636934369139907515;14.05.2019 15:21:53;347
636934369140377600;14.05.2019 15:21:54;348
636934369140846709;14.05.2019 15:21:54;347
636934369141473535;14.05.2019 15:21:54;347
636934369141943062;14.05.2019 15:21:54;348
636934369142413047;14.05.2019 15:21:54;347
636934369142883134;14.05.2019 15:21:54;347
636934369143507131;14.05.2019 15:21:54;347
636934369143975772;14.05.2019 15:21:54;347
636934369144445294;14.05.2019 15:21:54;347
636934369144913926;14.05.2019 15:21:54;347
636934369145382537;14.05.2019 15:21:54;348
636934369146007737;14.05.2019 15:21:54;348
636934369146477261;14.05.2019 15:21:54;347
636934369146945040;14.05.2019 15:21:54;349
636934369147414587;14.05.2019 15:21:54;348
636934369147883663;14.05.2019 15:21:54;348
636934369148509425;14.05.2019 15:21:54;349
636934369148978074;14.05.2019 15:21:54;348
636934369149445870;14.05.2019 15:21:54;348
636934369150071616;14.05.2019 15:21:55;349
636934369150539750;14.05.2019 15:21:55;348
636934369151008842;14.05.2019 15:21:55;348
636934369151477843;14.05.2019 15:21:55;348
636934369151947695;14.05.2019 15:21:55;348
636934369152573781;14.05.2019 15:21:55;348
636934369153042704;14.05.2019 15:21:55;348
636934369153513553;14.05.2019 15:21:55;348
636934369153981227;14.05.2019 15:21:55;349
636934369154450760;14.05.2019 15:21:55;349
636934369155074722;14.05.2019 15:21:55;350
636934369155544293;14.05.2019 15:21:55;349
636934369156014660;14.05.2019 15:21:55;349
636934369156485916;14.05.2019 15:21:55;350
636934369157112973;14.05.2019 15:21:55;350
636934369157580688;14.05.2019 15:21:55;349
636934369158050235;14.05.2019 15:21:55;349
636934369158518898;14.05.2019 15:21:55;348
636934369158987508;14.05.2019 15:21:55;349
636934369159612359;14.05.2019 15:21:55;349
636934369160080484;14.05.2019 15:21:56;349
636934369160548746;14.05.2019 15:21:56;349
636934369161018309;14.05.2019 15:21:56;349
636934369161486911;14.05.2019 15:21:56;350
636934369162111734;14.05.2019 15:21:56;350
636934369162580403;14.05.2019 15:21:56;350
636934369163049049;14.05.2019 15:21:56;351
636934369163517687;14.05.2019 15:21:56;350
636934369164141657;14.05.2019 15:21:56;350
636934369164611187;14.05.2019 15:21:56;351
636934369165078936;14.05.2019 15:21:56;350
636934369165548477;14.05.2019 15:21:56;350
636934369166173322;14.05.2019 15:21:56;351
636934369166641968;14.05.2019 15:21:56;350
636934369167110573;14.05.2019 15:21:56;350
636934369167578352;14.05.2019 15:21:56;349
636934369168047209;14.05.2019 15:21:56;350
636934369168672340;14.05.2019 15:21:56;350
636934369169142998;14.05.2019 15:21:56;350
636934369169612871;14.05.2019 15:21:56;350
636934369170082391;14.05.2019 15:21:57;350
636934369170550181;14.05.2019 15:21:57;350
636934369171176564;14.05.2019 15:21:57;351
636934369171646110;14.05.2019 15:21:57;350
636934369172115161;14.05.2019 15:21:57;350
636934369172584797;14.05.2019 15:21:57;351
636934369173208672;14.05.2019 15:21:57;349
636934369173679513;14.05.2019 15:21:57;349
636934369174149891;14.05.2019 15:21:57;348
636934369174618992;14.05.2019 15:21:57;348
636934369175088090;14.05.2019 15:21:57;347
636934369175712043;14.05.2019 15:21:57;347
636934369176181869;14.05.2019 15:21:57;346
636934369176653020;14.05.2019 15:21:57;346
636934369177122573;14.05.2019 15:21:57;346
636934369177591479;14.05.2019 15:21:57;345
636934369178216377;14.05.2019 15:21:57;345
636934369178686401;14.05.2019 15:21:57;344
636934369179155947;14.05.2019 15:21:57;344
636934369179626104;14.05.2019 15:21:57;343
636934369180250974;14.05.2019 15:21:58;343
636934369180719615;14.05.2019 15:21:58;343
636934369181189142;14.05.2019 15:21:58;342
636934369181658018;14.05.2019 15:21:58;341
636934369182127565;14.05.2019 15:21:58;341
636934369182752108;14.05.2019 15:21:58;340
636934369183220771;14.05.2019 15:21:58;340
636934369183690301;14.05.2019 15:21:58;340
636934369184158934;14.05.2019 15:21:58;340
636934369184626691;14.05.2019 15:21:58;340
636934369185252035;14.05.2019 15:21:58;340
636934369185720183;14.05.2019 15:21:58;341
636934369186191539;14.05.2019 15:21:58;340
636934369186661387;14.05.2019 15:21:58;340
636934369187287482;14.05.2019 15:21:58;341
636934369187756142;14.05.2019 15:21:58;340
636934369188224783;14.05.2019 15:21:58;340
636934369188694344;14.05.2019 15:21:58;340
636934369189162957;14.05.2019 15:21:58;340
636934369189787774;14.05.2019 15:21:58;339
636934369190255875;14.05.2019 15:21:59;340
636934369190724197;14.05.2019 15:21:59;340
636934369191193719;14.05.2019 15:21:59;341
636934369191662648;14.05.2019 15:21:59;341
636934369192288410;14.05.2019 15:21:59;342
636934369192757018;14.05.2019 15:21:59;342
636934369193225019;14.05.2019 15:21:59;342
636934369193694333;14.05.2019 15:21:59;343
636934369194319192;14.05.2019 15:21:59;342
636934369194786938;14.05.2019 15:21:59;343
636934369195256479;14.05.2019 15:21:59;344
636934369195725098;14.05.2019 15:21:59;343
636934369196350344;14.05.2019 15:21:59;344
636934369196819888;14.05.2019 15:21:59;344
636934369197288837;14.05.2019 15:21:59;343
636934369197758766;14.05.2019 15:21:59;344
636934369198227504;14.05.2019 15:21:59;344
636934369198853263;14.05.2019 15:21:59;344
636934369199323187;14.05.2019 15:21:59;345
636934369199792326;14.05.2019 15:21:59;345
636934369200261848;14.05.2019 15:22:00;344
636934369200730484;14.05.2019 15:22:00;345
636934369201354484;14.05.2019 15:22:00;345
636934369201823526;14.05.2019 15:22:00;346
636934369202293070;14.05.2019 15:22:00;345
636934369202762426;14.05.2019 15:22:00;346
636934369203388271;14.05.2019 15:22:00;347
636934369203855948;14.05.2019 15:22:00;345
636934369204325514;14.05.2019 15:22:00;346
636934369204795598;14.05.2019 15:22:00;346
636934369205263242;14.05.2019 15:22:00;346
636934369205890525;14.05.2019 15:22:00;346
636934369206361441;14.05.2019 15:22:00;346
636934369206831278;14.05.2019 15:22:00;346
636934369207299916;14.05.2019 15:22:00;346
636934369207767925;14.05.2019 15:22:00;346
636934369208393707;14.05.2019 15:22:00;347
636934369208863320;14.05.2019 15:22:00;347
636934369209331014;14.05.2019 15:22:00;347
636934369209801120;14.05.2019 15:22:00;348
636934369210426874;14.05.2019 15:22:01;347
636934369210895512;14.05.2019 15:22:01;347
636934369211364441;14.05.2019 15:22:01;348
636934369211834395;14.05.2019 15:22:01;347
636934369212304008;14.05.2019 15:22:01;347
636934369212929086;14.05.2019 15:22:01;347
636934369213398641;14.05.2019 15:22:01;347
636934369213867285;14.05.2019 15:22:01;347
636934369214335920;14.05.2019 15:22:01;347
636934369214804597;14.05.2019 15:22:01;348
636934369215429415;14.05.2019 15:22:01;347
636934369215898053;14.05.2019 15:22:01;347
636934369216366688;14.05.2019 15:22:01;348
636934369216835334;14.05.2019 15:22:01;348
636934369217461507;14.05.2019 15:22:01;348
636934369217930721;14.05.2019 15:22:01;349
636934369218401936;14.05.2019 15:22:01;348
636934369218872003;14.05.2019 15:22:01;348
636934369219498062;14.05.2019 15:22:01;349
636934369219967576;14.05.2019 15:22:01;347
636934369220436255;14.05.2019 15:22:02;347
636934369220904907;14.05.2019 15:22:02;348
636934369221373559;14.05.2019 15:22:02;347
636934369221998363;14.05.2019 15:22:02;348
636934369222466150;14.05.2019 15:22:02;348
636934369222935680;14.05.2019 15:22:02;348
636934369223404327;14.05.2019 15:22:02;348
636934369223872943;14.05.2019 15:22:02;348
636934369224497813;14.05.2019 15:22:02;349
636934369224966431;14.05.2019 15:22:02;348
636934369225435100;14.05.2019 15:22:02;348
636934369225904259;14.05.2019 15:22:02;349
636934369226530312;14.05.2019 15:22:02;348
636934369226998964;14.05.2019 15:22:02;348
636934369227468802;14.05.2019 15:22:02;349
636934369227940016;14.05.2019 15:22:02;348
636934369228409635;14.05.2019 15:22:02;349
636934369229036018;14.05.2019 15:22:02;349
636934369229504675;14.05.2019 15:22:02;349
636934369229974654;14.05.2019 15:22:02;349
636934369230444237;14.05.2019 15:22:03;349
636934369230913150;14.05.2019 15:22:03;349
636934369231540497;14.05.2019 15:22:03;349
636934369232010442;14.05.2019 15:22:03;349
636934369232480790;14.05.2019 15:22:03;351
636934369232950622;14.05.2019 15:22:03;349
636934369233577343;14.05.2019 15:22:03;350
636934369234046219;14.05.2019 15:22:03;351
636934369234516716;14.05.2019 15:22:03;350
636934369234984459;14.05.2019 15:22:03;350
636934369235453965;14.05.2019 15:22:03;349
636934369236078860;14.05.2019 15:22:03;350
636934369236549232;14.05.2019 15:22:03;350
636934369237018776;14.05.2019 15:22:03;349
636934369237486852;14.05.2019 15:22:03;350
636934369237956701;14.05.2019 15:22:03;350
636934369238583754;14.05.2019 15:22:03;349
636934369239052672;14.05.2019 15:22:03;350
636934369239522249;14.05.2019 15:22:03;350
636934369239991247;14.05.2019 15:22:03;350
636934369240617004;14.05.2019 15:22:04;351
636934369241085645;14.05.2019 15:22:04;350
636934369241554299;14.05.2019 15:22:04;350
636934369242022929;14.05.2019 15:22:04;351
636934369242491010;14.05.2019 15:22:04;350
636934369243118144;14.05.2019 15:22:04;350
636934369243585826;14.05.2019 15:22:04;350
636934369244055647;14.05.2019 15:22:04;350
636934369244525227;14.05.2019 15:22:04;350
636934369244992951;14.05.2019 15:22:04;350
636934369245618655;14.05.2019 15:22:04;350
636934369246087329;14.05.2019 15:22:04;351
636934369246555965;14.05.2019 15:22:04;351
636934369247180175;14.05.2019 15:22:04;352
636934369247648575;14.05.2019 15:22:04;351
636934369248119471;14.05.2019 15:22:04;351
636934369248589483;14.05.2019 15:22:04;352
636934369249058357;14.05.2019 15:22:04;351
636934369249684510;14.05.2019 15:22:04;351
636934369250154475;14.05.2019 15:22:05;351
636934369250623113;14.05.2019 15:22:05;351
636934369251091754;14.05.2019 15:22:05;350
636934369251560398;14.05.2019 15:22:05;350
636934369252185304;14.05.2019 15:22:05;351
636934369252652933;14.05.2019 15:22:05;351
636934369253121574;14.05.2019 15:22:05;351
636934369253591193;14.05.2019 15:22:05;351
636934369254216021;14.05.2019 15:22:05;351
636934369254684654;14.05.2019 15:22:05;351
636934369255153270;14.05.2019 15:22:05;353
636934369255620996;14.05.2019 15:22:05;352
636934369256090632;14.05.2019 15:22:05;352
636934369256715325;14.05.2019 15:22:05;353
636934369257183120;14.05.2019 15:22:05;352
636934369257652717;14.05.2019 15:22:05;352
636934369258120405;14.05.2019 15:22:05;352
636934369258589932;14.05.2019 15:22:05;352
636934369259214750;14.05.2019 15:22:05;352
636934369259683809;14.05.2019 15:22:05;352
636934369260153397;14.05.2019 15:22:06;352
636934369260621107;14.05.2019 15:22:06;352
636934369261246969;14.05.2019 15:22:06;352
636934369261715496;14.05.2019 15:22:06;352
636934369262183611;14.05.2019 15:22:06;352
636934369262653551;14.05.2019 15:22:06;353
636934369263279313;14.05.2019 15:22:06;352
636934369263747971;14.05.2019 15:22:06;353
636934369264216656;14.05.2019 15:22:06;353
636934369264684346;14.05.2019 15:22:06;354
636934369265153835;14.05.2019 15:22:06;353
636934369265778730;14.05.2019 15:22:06;353
636934369266248795;14.05.2019 15:22:06;353
636934369266718730;14.05.2019 15:22:06;353
636934369267186445;14.05.2019 15:22:06;353
636934369267655975;14.05.2019 15:22:06;353
636934369268280823;14.05.2019 15:22:06;353
636934369268749464;14.05.2019 15:22:06;353
636934369269219108;14.05.2019 15:22:06;353
636934369269687386;14.05.2019 15:22:06;354
636934369270312023;14.05.2019 15:22:07;353
636934369270781495;14.05.2019 15:22:07;354
636934369271250205;14.05.2019 15:22:07;353
636934369271719215;14.05.2019 15:22:07;354
636934369272188565;14.05.2019 15:22:07;354
636934369272814008;14.05.2019 15:22:07;354
636934369273282644;14.05.2019 15:22:07;354
636934369273752165;14.05.2019 15:22:07;354
636934369274220114;14.05.2019 15:22:07;354
636934369274689638;14.05.2019 15:22:07;354
636934369275314494;14.05.2019 15:22:07;354
636934369275783138;14.05.2019 15:22:07;354
636934369276253347;14.05.2019 15:22:07;355
636934369276722908;14.05.2019 15:22:07;354
636934369277348362;14.05.2019 15:22:07;355
636934369277817920;14.05.2019 15:22:07;356
636934369278286849;14.05.2019 15:22:07;355
636934369278756457;14.05.2019 15:22:07;355
636934369279382613;14.05.2019 15:22:07;356
636934369279850361;14.05.2019 15:22:07;355
636934369280319858;14.05.2019 15:22:08;355
636934369280787643;14.05.2019 15:22:08;355
636934369281257165;14.05.2019 15:22:08;355
636934369281881184;14.05.2019 15:22:08;355
636934369282350698;14.05.2019 15:22:08;355
636934369282820594;14.05.2019 15:22:08;355
636934369283289271;14.05.2019 15:22:08;355
636934369283757970;14.05.2019 15:22:08;355
636934369284381917;14.05.2019 15:22:08;356
636934369284851797;14.05.2019 15:22:08;356
636934369285321396;14.05.2019 15:22:08;356
636934369285790001;14.05.2019 15:22:08;357
636934369286414860;14.05.2019 15:22:08;356
636934369286882592;14.05.2019 15:22:08;356
636934369287352441;14.05.2019 15:22:08;357
636934369287821098;14.05.2019 15:22:08;356
636934369288290637;14.05.2019 15:22:08;356
636934369288915487;14.05.2019 15:22:08;357
636934369289383239;14.05.2019 15:22:08;356
636934369289852725;14.05.2019 15:22:08;357
636934369290320518;14.05.2019 15:22:09;356
636934369290790056;14.05.2019 15:22:09;357
636934369291415167;14.05.2019 15:22:09;357
636934369291884717;14.05.2019 15:22:09;357
636934369292353687;14.05.2019 15:22:09;356
636934369292824511;14.05.2019 15:22:09;357
636934369293450673;14.05.2019 15:22:09;357
636934369293919588;14.05.2019 15:22:09;358
636934369294390359;14.05.2019 15:22:09;357
636934369294858382;14.05.2019 15:22:09;357
636934369295327699;14.05.2019 15:22:09;358
636934369295952921;14.05.2019 15:22:09;357
636934369296422135;14.05.2019 15:22:09;357
636934369296892915;14.05.2019 15:22:09;357
636934369297361572;14.05.2019 15:22:09;358
636934369297830529;14.05.2019 15:22:09;358
636934369298456031;14.05.2019 15:22:09;358
636934369298924683;14.05.2019 15:22:09;359
636934369299393490;14.05.2019 15:22:09;358
636934369299862336;14.05.2019 15:22:09;359
636934369300486998;14.05.2019 15:22:10;360
636934369300956537;14.05.2019 15:22:10;359
636934369301424296;14.05.2019 15:22:10;359
636934369301893824;14.05.2019 15:22:10;360
636934369302518057;14.05.2019 15:22:10;359
636934369302986409;14.05.2019 15:22:10;359
636934369303455945;14.05.2019 15:22:10;359
636934369303924625;14.05.2019 15:22:10;359
636934369304393551;14.05.2019 15:22:10;359
636934369305019324;14.05.2019 15:22:10;359
636934369305487065;14.05.2019 15:22:10;359
636934369305957841;14.05.2019 15:22:10;359
636934369306426826;14.05.2019 15:22:10;359
636934369306896445;14.05.2019 15:22:10;360
636934369307521603;14.05.2019 15:22:10;360
636934369307990263;14.05.2019 15:22:10;359
636934369308459882;14.05.2019 15:22:10;361
636934369308928434;14.05.2019 15:22:10;360
636934369309553290;14.05.2019 15:22:10;360
636934369310022286;14.05.2019 15:22:11;361
636934369310491176;14.05.2019 15:22:11;360
636934369310960446;14.05.2019 15:22:11;360
636934369311429087;14.05.2019 15:22:11;361
636934369312053990;14.05.2019 15:22:11;360
636934369312521744;14.05.2019 15:22:11;360
636934369312991222;14.05.2019 15:22:11;360
636934369313459860;14.05.2019 15:22:11;360
636934369313928545;14.05.2019 15:22:11;360
636934369314553321;14.05.2019 15:22:11;361
636934369315021111;14.05.2019 15:22:11;360
636934369315490639;14.05.2019 15:22:11;361
636934369316116731;14.05.2019 15:22:11;361
636934369316587244;14.05.2019 15:22:11;362
636934369317058035;14.05.2019 15:22:11;361
636934369317526986;14.05.2019 15:22:11;361
636934369317996417;14.05.2019 15:22:11;361
636934369318620500;14.05.2019 15:22:11;361
636934369319090080;14.05.2019 15:22:11;361
636934369319558674;14.05.2019 15:22:11;361
636934369320027317;14.05.2019 15:22:12;361
636934369320496000;14.05.2019 15:22:12;361
636934369321120075;14.05.2019 15:22:12;361
636934369321589444;14.05.2019 15:22:12;362
636934369322057559;14.05.2019 15:22:12;361
636934369322527161;14.05.2019 15:22:12;362
636934369323153466;14.05.2019 15:22:12;363
636934369323622126;14.05.2019 15:22:12;362
636934369324091909;14.05.2019 15:22:12;362
636934369324562619;14.05.2019 15:22:12;363
636934369325030451;14.05.2019 15:22:12;362
636934369325596122;14.05.2019 15:22:12;362
636934369326064774;14.05.2019 15:22:12;363
636934369326535745;14.05.2019 15:22:12;362
636934369327161499;14.05.2019 15:22:12;363
636934369327630713;14.05.2019 15:22:12;362
636934369328100291;14.05.2019 15:22:12;363
636934369328570245;14.05.2019 15:22:12;363
636934369329039764;14.05.2019 15:22:12;363
636934369329663758;14.05.2019 15:22:12;364
636934369330133308;14.05.2019 15:22:13;363
636934369330601960;14.05.2019 15:22:13;363
636934369331071548;14.05.2019 15:22:13;364
636934369331540643;14.05.2019 15:22:13;363
636934369332166043;14.05.2019 15:22:13;363
636934369332635595;14.05.2019 15:22:13;364
636934369333105638;14.05.2019 15:22:13;363
636934369333729502;14.05.2019 15:22:13;363
636934369334199556;14.05.2019 15:22:13;365
636934369334669108;14.05.2019 15:22:13;364
636934369335137746;14.05.2019 15:22:13;363
636934369335607634;14.05.2019 15:22:13;364
636934369336231925;14.05.2019 15:22:13;364
636934369336701982;14.05.2019 15:22:13;364
636934369337171498;14.05.2019 15:22:13;364
636934369337641937;14.05.2019 15:22:13;364
636934369338111486;14.05.2019 15:22:13;364
636934369338579548;14.05.2019 15:22:13;364
636934369339205615;14.05.2019 15:22:13;365
636934369339675461;14.05.2019 15:22:13;364
636934369340145008;14.05.2019 15:22:14;364
636934369340770333;14.05.2019 15:22:14;365
636934369341239985;14.05.2019 15:22:14;364
636934369341708587;14.05.2019 15:22:14;364
636934369342177227;14.05.2019 15:22:14;364
636934369342645868;14.05.2019 15:22:14;364
636934369343270617;14.05.2019 15:22:14;364
636934369343738404;14.05.2019 15:22:14;365
636934369344207045;14.05.2019 15:22:14;364
636934369344676581;14.05.2019 15:22:14;365
636934369345145221;14.05.2019 15:22:14;365
636934369345770094;14.05.2019 15:22:14;365
636934369346238746;14.05.2019 15:22:14;365
636934369346706459;14.05.2019 15:22:14;366
636934369347175995;14.05.2019 15:22:14;366
636934369347800848;14.05.2019 15:22:14;366
636934369348270730;14.05.2019 15:22:14;366
636934369348740568;14.05.2019 15:22:14;366
636934369349208372;14.05.2019 15:22:14;366
636934369349678298;14.05.2019 15:22:14;366
636934369350303540;14.05.2019 15:22:15;365
636934369350772402;14.05.2019 15:22:15;366
636934369351241087;14.05.2019 15:22:15;366
636934369351709457;14.05.2019 15:22:15;366
636934369352178987;14.05.2019 15:22:15;367
636934369352803846;14.05.2019 15:22:15;366
636934369353272478;14.05.2019 15:22:15;366
636934369353740230;14.05.2019 15:22:15;367
636934369354209752;14.05.2019 15:22:15;366
636934369354834037;14.05.2019 15:22:15;367
636934369355303664;14.05.2019 15:22:15;367
636934369355772322;14.05.2019 15:22:15;367
636934369356240938;14.05.2019 15:22:15;367
636934369356864833;14.05.2019 15:22:15;367
636934369357333703;14.05.2019 15:22:15;367
636934369357804971;14.05.2019 15:22:15;367
636934369358276019;14.05.2019 15:22:15;367
636934369358745583;14.05.2019 15:22:15;367
636934369359369533;14.05.2019 15:22:15;367
636934369359839382;14.05.2019 15:22:15;368
636934369360308931;14.05.2019 15:22:16;368
636934369360777622;14.05.2019 15:22:16;367
636934369361246207;14.05.2019 15:22:16;368
636934369361870166;14.05.2019 15:22:16;368
636934369362340023;14.05.2019 15:22:16;368
636934369362809581;14.05.2019 15:22:16;368
636934369363278499;14.05.2019 15:22:16;368
636934369363904303;14.05.2019 15:22:16;368
636934369364372007;14.05.2019 15:22:16;368
636934369364843299;14.05.2019 15:22:16;368
636934369365312876;14.05.2019 15:22:16;368
636934369365781490;14.05.2019 15:22:16;368
636934369366406335;14.05.2019 15:22:16;368
636934369366874183;14.05.2019 15:22:16;369
636934369367343145;14.05.2019 15:22:16;368
636934369367813158;14.05.2019 15:22:16;368
636934369368282777;14.05.2019 15:22:16;369
636934369368907932;14.05.2019 15:22:16;368
636934369369376916;14.05.2019 15:22:16;369
636934369369846441;14.05.2019 15:22:16;369
636934369370317517;14.05.2019 15:22:17;368
636934369370942731;14.05.2019 15:22:17;369
636934369371412319;14.05.2019 15:22:17;369
636934369371880007;14.05.2019 15:22:17;369
636934369372349529;14.05.2019 15:22:17;369
636934369372973701;14.05.2019 15:22:17;368
636934369373443070;14.05.2019 15:22:17;369
636934369373911706;14.05.2019 15:22:17;369
636934369374379421;14.05.2019 15:22:17;369
636934369374848943;14.05.2019 15:22:17;370
636934369375472918;14.05.2019 15:22:17;369
636934369375942445;14.05.2019 15:22:17;369
636934369376411092;14.05.2019 15:22:17;370
636934369376879652;14.05.2019 15:22:17;369
636934369377348357;14.05.2019 15:22:17;369
636934369377973809;14.05.2019 15:22:17;369
636934369378443405;14.05.2019 15:22:17;368
636934369378912041;14.05.2019 15:22:17;368
636934369379380618;14.05.2019 15:22:17;368
636934369380006613;14.05.2019 15:22:18;368
636934369380474356;14.05.2019 15:22:18;368
636934369380942997;14.05.2019 15:22:18;368
636934369381412571;14.05.2019 15:22:18;369
636934369381881162;14.05.2019 15:22:18;369
636934369382505736;14.05.2019 15:22:18;369
636934369382973770;14.05.2019 15:22:18;370
636934369383443361;14.05.2019 15:22:18;369
636934369383911052;14.05.2019 15:22:18;369
636934369384380632;14.05.2019 15:22:18;370
636934369385005438;14.05.2019 15:22:18;369
636934369385474118;14.05.2019 15:22:18;369
636934369385942770;14.05.2019 15:22:18;369
636934369386411399;14.05.2019 15:22:18;369
636934369387036258;14.05.2019 15:22:18;369
636934369387506459;14.05.2019 15:22:18;369
636934369387976000;14.05.2019 15:22:18;369
636934369388444655;14.05.2019 15:22:18;369
636934369389069772;14.05.2019 15:22:18;370
636934369389539346;14.05.2019 15:22:18;370
636934369390007981;14.05.2019 15:22:19;370
636934369390476719;14.05.2019 15:22:19;370
636934369390944379;14.05.2019 15:22:19;371
636934369391569208;14.05.2019 15:22:19;370
636934369392038805;14.05.2019 15:22:19;370
636934369392508725;14.05.2019 15:22:19;371
636934369392977693;14.05.2019 15:22:19;370
636934369393447209;14.05.2019 15:22:19;371
636934369394071559;14.05.2019 15:22:19;370
636934369394540216;14.05.2019 15:22:19;370
636934369395009802;14.05.2019 15:22:19;370
636934369395478382;14.05.2019 15:22:19;371
636934369396103676;14.05.2019 15:22:19;371
636934369396572607;14.05.2019 15:22:19;371
636934369397041863;14.05.2019 15:22:19;371
636934369397511801;14.05.2019 15:22:19;372
636934369397979677;14.05.2019 15:22:19;371
636934369398605290;14.05.2019 15:22:19;371
636934369399073049;14.05.2019 15:22:19;372
636934369399542568;14.05.2019 15:22:19;371
636934369400011218;14.05.2019 15:22:20;371
636934369400479900;14.05.2019 15:22:20;372
636934369401103822;14.05.2019 15:22:20;371
636934369401572461;14.05.2019 15:22:20;371
636934369402042320;14.05.2019 15:22:20;371
636934369402668085;14.05.2019 15:22:20;370
636934369403136782;14.05.2019 15:22:20;370
636934369403605375;14.05.2019 15:22:20;370
636934369404073119;14.05.2019 15:22:20;372
636934369404542640;14.05.2019 15:22:20;371
636934369405167436;14.05.2019 15:22:20;371
636934369405636176;14.05.2019 15:22:20;372
636934369406104842;14.05.2019 15:22:20;371
636934369406572530;14.05.2019 15:22:20;371
636934369407042057;14.05.2019 15:22:20;373
636934369407666287;14.05.2019 15:22:20;372
636934369408135588;14.05.2019 15:22:20;372
636934369408604630;14.05.2019 15:22:20;372
636934369409073326;14.05.2019 15:22:20;372
636934369409700651;14.05.2019 15:22:20;372
636934369410169309;14.05.2019 15:22:21;372
636934369410638844;14.05.2019 15:22:21;372
636934369411107477;14.05.2019 15:22:21;373
636934369411575625;14.05.2019 15:22:21;373
636934369412201013;14.05.2019 15:22:21;374
636934369412669041;14.05.2019 15:22:21;373
636934369413138655;14.05.2019 15:22:21;373
636934369413607306;14.05.2019 15:22:21;374
636934369414076183;14.05.2019 15:22:21;373
636934369414701940;14.05.2019 15:22:21;373
636934369415170583;14.05.2019 15:22:21;373
636934369415639260;14.05.2019 15:22:21;372
636934369416107898;14.05.2019 15:22:21;372
636934369416732760;14.05.2019 15:22:21;372
636934369417201392;14.05.2019 15:22:21;373
636934369417670091;14.05.2019 15:22:21;373
636934369418138962;14.05.2019 15:22:21;373
636934369418764794;14.05.2019 15:22:21;373
636934369419233446;14.05.2019 15:22:21;373
636934369419702050;14.05.2019 15:22:21;373
636934369420170611;14.05.2019 15:22:22;374
636934369420639338;14.05.2019 15:22:22;373
636934369421263252;14.05.2019 15:22:22;373
636934369421732782;14.05.2019 15:22:22;373
636934369422201417;14.05.2019 15:22:22;372
636934369422670075;14.05.2019 15:22:22;372
636934369423138702;14.05.2019 15:22:22;371
636934369423762669;14.05.2019 15:22:22;370
636934369424232196;14.05.2019 15:22:22;370
636934369424700166;14.05.2019 15:22:22;369
636934369425169827;14.05.2019 15:22:22;368
636934369425795547;14.05.2019 15:22:22;367
636934369426263340;14.05.2019 15:22:22;365
636934369426732865;14.05.2019 15:22:22;365
636934369427201509;14.05.2019 15:22:22;363
636934369427670113;14.05.2019 15:22:22;361
636934369428294116;14.05.2019 15:22:22;359
636934369428762757;14.05.2019 15:22:22;357
636934369429232285;14.05.2019 15:22:22;355
636934369429700984;14.05.2019 15:22:22;352
636934369430169788;14.05.2019 15:22:23;350
636934369430794661;14.05.2019 15:22:23;347
636934369431263304;14.05.2019 15:22:23;345
636934369431732826;14.05.2019 15:22:23;342
636934369432201473;14.05.2019 15:22:23;340
636934369432826285;14.05.2019 15:22:23;337
636934369433294937;14.05.2019 15:22:23;335
636934369433762716;14.05.2019 15:22:23;332
636934369434232257;14.05.2019 15:22:23;330
636934369434857185;14.05.2019 15:22:23;328
636934369435325743;14.05.2019 15:22:23;326
636934369435794392;14.05.2019 15:22:23;324
636934369436263099;14.05.2019 15:22:23;323
636934369436731654;14.05.2019 15:22:23;321
636934369437356505;14.05.2019 15:22:23;319
636934369437824841;14.05.2019 15:22:23;318
636934369438294413;14.05.2019 15:22:23;316
636934369438762996;14.05.2019 15:22:23;314
636934369439232146;14.05.2019 15:22:23;313
636934369439858188;14.05.2019 15:22:23;311
636934369440329115;14.05.2019 15:22:24;309
636934369440797825;14.05.2019 15:22:24;307
636934369441266599;14.05.2019 15:22:24;306
636934369441892366;14.05.2019 15:22:24;303
636934369442360115;14.05.2019 15:22:24;301
636934369442828753;14.05.2019 15:22:24;300
636934369443299525;14.05.2019 15:22:24;297
636934369443769071;14.05.2019 15:22:24;295
636934369444395407;14.05.2019 15:22:24;293
636934369444864070;14.05.2019 15:22:24;291
636934369445333598;14.05.2019 15:22:24;290
636934369445802247;14.05.2019 15:22:24;288
636934369446270893;14.05.2019 15:22:24;287
636934369446897287;14.05.2019 15:22:24;286
636934369447366906;14.05.2019 15:22:24;285
636934369447836264;14.05.2019 15:22:24;285
636934369448460766;14.05.2019 15:22:24;284
636934369448930313;14.05.2019 15:22:24;283
636934369449398940;14.05.2019 15:22:24;284
636934369449868040;14.05.2019 15:22:24;281
636934369450337945;14.05.2019 15:22:25;280
636934369450807500;14.05.2019 15:22:25;279
636934369451431458;14.05.2019 15:22:25;278
636934369451900977;14.05.2019 15:22:25;277
636934369452369638;14.05.2019 15:22:25;276
636934369452838220;14.05.2019 15:22:25;276
636934369453306889;14.05.2019 15:22:25;275
636934369453931764;14.05.2019 15:22:25;275
636934369454400402;14.05.2019 15:22:25;276
636934369454869046;14.05.2019 15:22:25;275
636934369455336795;14.05.2019 15:22:25;275
636934369455962535;14.05.2019 15:22:25;277
636934369456431181;14.05.2019 15:22:25;275
636934369456901285;14.05.2019 15:22:25;276
636934369457369995;14.05.2019 15:22:25;277
636934369457994793;14.05.2019 15:22:25;276
636934369458463437;14.05.2019 15:22:25;277
636934369458932986;14.05.2019 15:22:25;277
636934369459401635;14.05.2019 15:22:25;278
636934369459869356;14.05.2019 15:22:25;279
636934369460494210;14.05.2019 15:22:26;279
636934369460962851;14.05.2019 15:22:26;280
636934369461432375;14.05.2019 15:22:26;281
636934369461901033;14.05.2019 15:22:26;281
636934369462369654;14.05.2019 15:22:26;282
636934369462994582;14.05.2019 15:22:26;282
636934369463462265;14.05.2019 15:22:26;283
636934369463931795;14.05.2019 15:22:26;285
636934369464556704;14.05.2019 15:22:26;284
636934369465024403;14.05.2019 15:22:26;284
636934369465493930;14.05.2019 15:22:26;285
636934369465961679;14.05.2019 15:22:26;285
636934369466431201;14.05.2019 15:22:26;285
636934369467055666;14.05.2019 15:22:26;285
636934369467524698;14.05.2019 15:22:26;286
636934369467992452;14.05.2019 15:22:26;287
636934369468461087;14.05.2019 15:22:26;287
636934369468930617;14.05.2019 15:22:26;288
636934369469554587;14.05.2019 15:22:26;288
636934369470025281;14.05.2019 15:22:27;288
636934369470493099;14.05.2019 15:22:27;290
636934369470961698;14.05.2019 15:22:27;290
636934369471586560;14.05.2019 15:22:27;290
636934369472055597;14.05.2019 15:22:27;291
636934369472525130;14.05.2019 15:22:27;291
636934369472994970;14.05.2019 15:22:27;291
636934369473462733;14.05.2019 15:22:27;292
636934369474087589;14.05.2019 15:22:27;291
636934369474558325;14.05.2019 15:22:27;291
636934369475027309;14.05.2019 15:22:27;292
636934369475496861;14.05.2019 15:22:27;292
636934369475964580;14.05.2019 15:22:27;293
636934369476590333;14.05.2019 15:22:27;293
636934369477058941;14.05.2019 15:22:27;294
636934369477529435;14.05.2019 15:22:27;294
636934369477998145;14.05.2019 15:22:27;294
636934369478623838;14.05.2019 15:22:27;295
636934369479092537;14.05.2019 15:22:27;294
636934369479560477;14.05.2019 15:22:27;294
636934369480030035;14.05.2019 15:22:28;296
636934369480655243;14.05.2019 15:22:28;295
636934369481123942;14.05.2019 15:22:28;295
636934369481593381;14.05.2019 15:22:28;295
636934369482062393;14.05.2019 15:22:28;295
636934369482532239;14.05.2019 15:22:28;295
636934369483002204;14.05.2019 15:22:28;295
636934369483627986;14.05.2019 15:22:28;295
636934369484096610;14.05.2019 15:22:28;296
636934369484565204;14.05.2019 15:22:28;296
636934369485035042;14.05.2019 15:22:28;297
636934369485659776;14.05.2019 15:22:28;297
636934369486128547;14.05.2019 15:22:28;297
636934369486597188;14.05.2019 15:22:28;298
636934369487067128;14.05.2019 15:22:28;297
636934369487691477;14.05.2019 15:22:28;297
636934369488160564;14.05.2019 15:22:28;298
636934369488629205;14.05.2019 15:22:28;298
636934369489097851;14.05.2019 15:22:28;298
636934369489566453;14.05.2019 15:22:28;297
636934369490191337;14.05.2019 15:22:29;298
636934369490659942;14.05.2019 15:22:29;298
636934369491128625;14.05.2019 15:22:29;298
636934369491597296;14.05.2019 15:22:29;298
636934369492066258;14.05.2019 15:22:29;299
636934369492692004;14.05.2019 15:22:29;299
636934369493161902;14.05.2019 15:22:29;300
636934369493630837;14.05.2019 15:22:29;299
636934369494100384;14.05.2019 15:22:29;299
636934369494725245;14.05.2019 15:22:29;300
636934369495193047;14.05.2019 15:22:29;299
636934369495661629;14.05.2019 15:22:29;300
636934369496131182;14.05.2019 15:22:29;300
636934369496599803;14.05.2019 15:22:29;300
636934369497224618;14.05.2019 15:22:29;301
636934369497692405;14.05.2019 15:22:29;301
636934369498161043;14.05.2019 15:22:29;301
636934369498630568;14.05.2019 15:22:29;301
636934369499099336;14.05.2019 15:22:29;301
636934369499726345;14.05.2019 15:22:29;301
636934369500194097;14.05.2019 15:22:30;302
636934369500662735;14.05.2019 15:22:30;302
636934369501132271;14.05.2019 15:22:30;302
636934369501757501;14.05.2019 15:22:30;303
636934369502227402;14.05.2019 15:22:30;303
636934369502696334;14.05.2019 15:22:30;304
636934369503165584;14.05.2019 15:22:30;302
636934369503791804;14.05.2019 15:22:30;303
636934369504260459;14.05.2019 15:22:30;303
636934369504729440;14.05.2019 15:22:30;303
636934369505200433;14.05.2019 15:22:30;303
636934369505669429;14.05.2019 15:22:30;304
636934369506295385;14.05.2019 15:22:30;304
636934369506765336;14.05.2019 15:22:30;304
636934369507235312;14.05.2019 15:22:30;305
636934369507705189;14.05.2019 15:22:30;304
636934369508174680;14.05.2019 15:22:30;304
636934369508798703;14.05.2019 15:22:30;305
636934369509268828;14.05.2019 15:22:30;305
636934369509738492;14.05.2019 15:22:30;305
636934369510208382;14.05.2019 15:22:31;305
636934369510833258;14.05.2019 15:22:31;305
636934369511302854;14.05.2019 15:22:31;305
636934369511771550;14.05.2019 15:22:31;305
636934369512241452;14.05.2019 15:22:31;305
636934369512711281;14.05.2019 15:22:31;306
636934369513335276;14.05.2019 15:22:31;306
636934369513804820;14.05.2019 15:22:31;306
636934369514272926;14.05.2019 15:22:31;306
636934369514744310;14.05.2019 15:22:31;305
636934369515214247;14.05.2019 15:22:31;307
636934369515839513;14.05.2019 15:22:31;306
636934369516309415;14.05.2019 15:22:31;306
636934369516779156;14.05.2019 15:22:31;307
636934369517248714;14.05.2019 15:22:31;307
636934369517875055;14.05.2019 15:22:31;307
636934369518346031;14.05.2019 15:22:31;307
636934369518814597;14.05.2019 15:22:31;307
636934369519283936;14.05.2019 15:22:31;308
636934369519753541;14.05.2019 15:22:31;308
636934369520379442;14.05.2019 15:22:32;308
636934369520849000;14.05.2019 15:22:32;308
636934369521317644;14.05.2019 15:22:32;309
636934369521786276;14.05.2019 15:22:32;308
636934369522254928;14.05.2019 15:22:32;309
636934369522879773;14.05.2019 15:22:32;309
636934369523347516;14.05.2019 15:22:32;309
636934369523817044;14.05.2019 15:22:32;309
636934369524286020;14.05.2019 15:22:32;309
636934369524912982;14.05.2019 15:22:32;309
636934369525380991;14.05.2019 15:22:32;309
636934369525850812;14.05.2019 15:22:32;308
636934369526320705;14.05.2019 15:22:32;308
636934369526790620;14.05.2019 15:22:32;309
636934369527416945;14.05.2019 15:22:32;309
636934369527885902;14.05.2019 15:22:32;310
636934369528354562;14.05.2019 15:22:32;309
636934369528823203;14.05.2019 15:22:32;310
636934369529291863;14.05.2019 15:22:32;311
636934369529919229;14.05.2019 15:22:32;310
636934369530387887;14.05.2019 15:22:33;310
636934369530856533;14.05.2019 15:22:33;311
636934369531484310;14.05.2019 15:22:33;310
636934369531954219;14.05.2019 15:22:33;311
636934369532423772;14.05.2019 15:22:33;311
636934369532892698;14.05.2019 15:22:33;311
636934369533361350;14.05.2019 15:22:33;311
636934369533829996;14.05.2019 15:22:33;311
636934369534455750;14.05.2019 15:22:33;312
636934369534923859;14.05.2019 15:22:33;312
636934369535392985;14.05.2019 15:22:33;313
636934369535861656;14.05.2019 15:22:33;312
636934369536330610;14.05.2019 15:22:33;313
636934369536957566;14.05.2019 15:22:33;312
636934369537426877;14.05.2019 15:22:33;313
636934369537896784;14.05.2019 15:22:33;312
636934369538366714;14.05.2019 15:22:33;312
636934369538992847;14.05.2019 15:22:33;312
636934369539462399;14.05.2019 15:22:33;312
636934369539931040;14.05.2019 15:22:33;312
636934369540399687;14.05.2019 15:22:34;312
636934369541023642;14.05.2019 15:22:34;312
636934369541493173;14.05.2019 15:22:34;313
636934369541962065;14.05.2019 15:22:34;313
636934369542431607;14.05.2019 15:22:34;312
636934369542900575;14.05.2019 15:22:34;313
636934369543525567;14.05.2019 15:22:34;314
636934369543994991;14.05.2019 15:22:34;313
636934369544463189;14.05.2019 15:22:34;313
636934369544934057;14.05.2019 15:22:34;313
636934369545402665;14.05.2019 15:22:34;314
636934369546026937;14.05.2019 15:22:34;314
636934369546497705;14.05.2019 15:22:34;314
636934369546965883;14.05.2019 15:22:34;314
636934369547435729;14.05.2019 15:22:34;314
636934369548060605;14.05.2019 15:22:34;314
636934369548529246;14.05.2019 15:22:34;315
636934369548998779;14.05.2019 15:22:34;315
636934369549467395;14.05.2019 15:22:34;315
636934369549936121;14.05.2019 15:22:34;315
636934369550560349;14.05.2019 15:22:35;315
636934369551028652;14.05.2019 15:22:35;315
636934369551498320;14.05.2019 15:22:35;315
636934369551967119;14.05.2019 15:22:35;316
636934369552436674;14.05.2019 15:22:35;316
636934369553061530;14.05.2019 15:22:35;316
636934369553529545;14.05.2019 15:22:35;316
636934369553998804;14.05.2019 15:22:35;316
636934369554624028;14.05.2019 15:22:35;316
636934369555093880;14.05.2019 15:22:35;316
636934369555563430;14.05.2019 15:22:35;317
636934369556031464;14.05.2019 15:22:35;317
636934369556502047;14.05.2019 15:22:35;317
636934369556971178;14.05.2019 15:22:35;317
636934369557598558;14.05.2019 15:22:35;318
636934369558067653;14.05.2019 15:22:35;317
636934369558536314;14.05.2019 15:22:35;317
636934369559005849;14.05.2019 15:22:35;317
636934369559474803;14.05.2019 15:22:35;317
636934369560100565;14.05.2019 15:22:36;317
636934369560569547;14.05.2019 15:22:36;317
636934369561038418;14.05.2019 15:22:36;318
636934369561663058;14.05.2019 15:22:36;318
636934369562133846;14.05.2019 15:22:36;319
636934369562602731;14.05.2019 15:22:36;318
636934369563072286;14.05.2019 15:22:36;320
636934369563540032;14.05.2019 15:22:36;319
636934369564165808;14.05.2019 15:22:36;319
636934369564634914;14.05.2019 15:22:36;320
636934369565103577;14.05.2019 15:22:36;319
636934369565573063;14.05.2019 15:22:36;319
636934369566040861;14.05.2019 15:22:36;319
636934369566666604;14.05.2019 15:22:36;319
636934369567136547;14.05.2019 15:22:36;320
636934369567604232;14.05.2019 15:22:36;320
636934369568075306;14.05.2019 15:22:36;321
636934369568700179;14.05.2019 15:22:36;320
636934369569170166;14.05.2019 15:22:36;320
636934369569640414;14.05.2019 15:22:36;320
636934369570111587;14.05.2019 15:22:37;321
636934369570581494;14.05.2019 15:22:37;321
636934369571207514;14.05.2019 15:22:37;321
636934369571677063;14.05.2019 15:22:37;321
636934369572145696;14.05.2019 15:22:37;321
636934369572614300;14.05.2019 15:22:37;321
636934369573082980;14.05.2019 15:22:37;321
636934369573707836;14.05.2019 15:22:37;321
636934369574176522;14.05.2019 15:22:37;322
636934369574645121;14.05.2019 15:22:37;322
636934369575113751;14.05.2019 15:22:37;323
636934369575738610;14.05.2019 15:22:37;322
636934369576207248;14.05.2019 15:22:37;322
636934369576675924;14.05.2019 15:22:37;322
636934369577144563;14.05.2019 15:22:37;322
636934369577613176;14.05.2019 15:22:37;322
636934369578239592;14.05.2019 15:22:37;322
636934369578708249;14.05.2019 15:22:37;323
636934369579178076;14.05.2019 15:22:37;322
636934369579647664;14.05.2019 15:22:37;324
636934369580116233;14.05.2019 15:22:38;323
636934369580741092;14.05.2019 15:22:38;323
636934369581209996;14.05.2019 15:22:38;323
636934369581679537;14.05.2019 15:22:38;323
636934369582148184;14.05.2019 15:22:38;324
636934369582773048;14.05.2019 15:22:38;323
636934369583243290;14.05.2019 15:22:38;324
636934369583712865;14.05.2019 15:22:38;324
636934369584181835;14.05.2019 15:22:38;324
636934369584809207;14.05.2019 15:22:38;325
636934369585279253;14.05.2019 15:22:38;326
636934369585749121;14.05.2019 15:22:38;325
636934369586218715;14.05.2019 15:22:38;326
636934369586687320;14.05.2019 15:22:38;325
636934369587311278;14.05.2019 15:22:38;325
636934369587782202;14.05.2019 15:22:38;325
636934369588251128;14.05.2019 15:22:38;324
636934369588720445;14.05.2019 15:22:38;325
636934369589190917;14.05.2019 15:22:38;325
636934369589659880;14.05.2019 15:22:38;325
636934369590285927;14.05.2019 15:22:39;326
636934369590755180;14.05.2019 15:22:39;327
636934369591224120;14.05.2019 15:22:39;326
636934369591849874;14.05.2019 15:22:39;327
636934369592318886;14.05.2019 15:22:39;326
636934369592788325;14.05.2019 15:22:39;326
636934369593257437;14.05.2019 15:22:39;326
636934369593726992;14.05.2019 15:22:39;327
636934369594353605;14.05.2019 15:22:39;327
636934369594823118;14.05.2019 15:22:39;327
636934369595291197;14.05.2019 15:22:39;328
636934369595759910;14.05.2019 15:22:39;327
636934369596229390;14.05.2019 15:22:39;328
636934369596853953;14.05.2019 15:22:39;329
636934369597323502;14.05.2019 15:22:39;328
636934369597792140;14.05.2019 15:22:39;327
636934369598260784;14.05.2019 15:22:39;329
636934369598886208;14.05.2019 15:22:39;328
636934369599356378;14.05.2019 15:22:39;328
636934369599826418;14.05.2019 15:22:39;328
636934369600295998;14.05.2019 15:22:40;329
636934369600764243;14.05.2019 15:22:40;329
636934369601390365;14.05.2019 15:22:40;330
636934369601860233;14.05.2019 15:22:40;329
636934369602330079;14.05.2019 15:22:40;331
636934369602799981;14.05.2019 15:22:40;329
636934369603269949;14.05.2019 15:22:40;330
636934369603895736;14.05.2019 15:22:40;329
636934369604364643;14.05.2019 15:22:40;329
636934369604835567;14.05.2019 15:22:40;329
636934369605303534;14.05.2019 15:22:40;330
636934369605929363;14.05.2019 15:22:40;330
636934369606397389;14.05.2019 15:22:40;330
636934369606866622;14.05.2019 15:22:40;330
636934369607335208;14.05.2019 15:22:40;330
636934369607804004;14.05.2019 15:22:40;330
636934369608429572;14.05.2019 15:22:40;332
636934369608898232;14.05.2019 15:22:40;331
636934369609367760;14.05.2019 15:22:40;331
636934369609838055;14.05.2019 15:22:40;332
636934369610306718;14.05.2019 15:22:41;331
636934369610932419;14.05.2019 15:22:41;331
636934369611401093;14.05.2019 15:22:41;331
636934369611869700;14.05.2019 15:22:41;331
636934369612338834;14.05.2019 15:22:41;331
636934369612964949;14.05.2019 15:22:41;331
636934369613435645;14.05.2019 15:22:41;332
636934369613903380;14.05.2019 15:22:41;331
636934369614374373;14.05.2019 15:22:41;332
636934369614999249;14.05.2019 15:22:41;333
636934369615469106;14.05.2019 15:22:41;332
636934369615936932;14.05.2019 15:22:41;333
636934369616407000;14.05.2019 15:22:41;333
636934369616876646;14.05.2019 15:22:41;332
636934369617345273;14.05.2019 15:22:41;333
636934369617970035;14.05.2019 15:22:41;333
636934369618438718;14.05.2019 15:22:41;332
636934369618907370;14.05.2019 15:22:41;333
636934369619377374;14.05.2019 15:22:41;333
636934369620002424;14.05.2019 15:22:42;333
636934369620472012;14.05.2019 15:22:42;333
636934369620939991;14.05.2019 15:22:42;333
636934369621409302;14.05.2019 15:22:42;334
636934369622034593;14.05.2019 15:22:42;334
636934369622504162;14.05.2019 15:22:42;334
636934369622973992;14.05.2019 15:22:42;335
636934369623442669;14.05.2019 15:22:42;334
636934369623911309;14.05.2019 15:22:42;334
636934369624536168;14.05.2019 15:22:42;335
636934369625005264;14.05.2019 15:22:42;334
636934369625476016;14.05.2019 15:22:42;334
636934369625944654;14.05.2019 15:22:42;335
636934369626413294;14.05.2019 15:22:42;334
636934369627038142;14.05.2019 15:22:42;335
636934369627506819;14.05.2019 15:22:42;335
636934369627975460;14.05.2019 15:22:42;335
636934369628444101;14.05.2019 15:22:42;335
636934369629069279;14.05.2019 15:22:42;335
636934369629539343;14.05.2019 15:22:42;335
636934369630009306;14.05.2019 15:22:43;335
636934369630477949;14.05.2019 15:22:43;336
636934369630946540;14.05.2019 15:22:43;337
636934369631573804;14.05.2019 15:22:43;336
636934369632042464;14.05.2019 15:22:43;336
636934369632511984;14.05.2019 15:22:43;336
636934369632980627;14.05.2019 15:22:43;336
636934369633448384;14.05.2019 15:22:43;336
636934369634073656;14.05.2019 15:22:43;336
636934369634541876;14.05.2019 15:22:43;336
636934369635011744;14.05.2019 15:22:43;336
636934369635482468;14.05.2019 15:22:43;337
636934369636107782;14.05.2019 15:22:43;337
636934369636577736;14.05.2019 15:22:43;337
636934369637047748;14.05.2019 15:22:43;337
636934369637518240;14.05.2019 15:22:43;338
636934369637987797;14.05.2019 15:22:43;337
636934369638611978;14.05.2019 15:22:43;337
636934369639082214;14.05.2019 15:22:43;338
636934369639652698;14.05.2019 15:22:43;338
636934369640086286;14.05.2019 15:22:44;338
636934369640555337;14.05.2019 15:22:44;337
636934369641025000;14.05.2019 15:22:44;338
636934369641651294;14.05.2019 15:22:44;338
636934369642119965;14.05.2019 15:22:44;338
636934369642589878;14.05.2019 15:22:44;339
636934369643060962;14.05.2019 15:22:44;339
636934369643530470;14.05.2019 15:22:44;339
636934369644155335;14.05.2019 15:22:44;340
636934369644624001;14.05.2019 15:22:44;339
636934369645093517;14.05.2019 15:22:44;339
636934369645562155;14.05.2019 15:22:44;340
636934369646032691;14.05.2019 15:22:44;339
636934369646657619;14.05.2019 15:22:44;339
636934369647127055;14.05.2019 15:22:44;340
636934369647596029;14.05.2019 15:22:44;339
636934369648067168;14.05.2019 15:22:44;339
636934369648692900;14.05.2019 15:22:44;339
636934369649160679;14.05.2019 15:22:44;339
636934369649630215;14.05.2019 15:22:44;339
636934369650098886;14.05.2019 15:22:45;340
636934369650567544;14.05.2019 15:22:45;341
636934369651192353;14.05.2019 15:22:45;340
636934369651660781;14.05.2019 15:22:45;340
636934369652130613;14.05.2019 15:22:45;341
636934369652600184;14.05.2019 15:22:45;341
636934369653068864;14.05.2019 15:22:45;341
636934369653693706;14.05.2019 15:22:45;341
636934369654162339;14.05.2019 15:22:45;341
636934369654631221;14.05.2019 15:22:45;341
636934369655100197;14.05.2019 15:22:45;341
636934369655725627;14.05.2019 15:22:45;341
636934369656195805;14.05.2019 15:22:45;341
636934369656665959;14.05.2019 15:22:45;341
636934369657135467;14.05.2019 15:22:45;342
636934369657604501;14.05.2019 15:22:45;341
636934369658231784;14.05.2019 15:22:45;342
636934369658701018;14.05.2019 15:22:45;343
636934369659169964;14.05.2019 15:22:45;342
636934369659637721;14.05.2019 15:22:45;342
636934369660107254;14.05.2019 15:22:46;343
636934369660732104;14.05.2019 15:22:46;342
636934369661200745;14.05.2019 15:22:46;342
636934369661669411;14.05.2019 15:22:46;342
636934369662138093;14.05.2019 15:22:46;342
636934369662761988;14.05.2019 15:22:46;342
636934369663231510;14.05.2019 15:22:46;342
636934369663700159;14.05.2019 15:22:46;343
636934369664167963;14.05.2019 15:22:46;343
636934369664793041;14.05.2019 15:22:46;343
636934369665261408;14.05.2019 15:22:46;343
636934369665730894;14.05.2019 15:22:46;343
636934369666199576;14.05.2019 15:22:46;343
636934369666667555;14.05.2019 15:22:46;345
636934369667292397;14.05.2019 15:22:46;343
636934369667762032;14.05.2019 15:22:46;344
636934369668231574;14.05.2019 15:22:46;344
636934369668699336;14.05.2019 15:22:46;343
636934369669168027;14.05.2019 15:22:46;343
636934369669793867;14.05.2019 15:22:46;344
636934369670265142;14.05.2019 15:22:47;343
636934369670735008;14.05.2019 15:22:47;344
636934369671205092;14.05.2019 15:22:47;344
636934369671830478;14.05.2019 15:22:47;344
636934369672298598;14.05.2019 15:22:47;344
636934369672768125;14.05.2019 15:22:47;344
636934369673238265;14.05.2019 15:22:47;344
636934369673707820;14.05.2019 15:22:47;344
636934369674333258;14.05.2019 15:22:47;345
636934369674801755;14.05.2019 15:22:47;345
636934369675271473;14.05.2019 15:22:47;345
636934369675741017;14.05.2019 15:22:47;345
636934369676209652;14.05.2019 15:22:47;345
636934369676835293;14.05.2019 15:22:47;344
636934369677304252;14.05.2019 15:22:47;345
636934369677775096;14.05.2019 15:22:47;345
636934369678401972;14.05.2019 15:22:47;345
636934369678871948;14.05.2019 15:22:47;345
636934369679340614;14.05.2019 15:22:47;346
636934369679809593;14.05.2019 15:22:47;345
636934369680279142;14.05.2019 15:22:48;346
636934369680748085;14.05.2019 15:22:48;346
636934369681375099;14.05.2019 15:22:48;347
636934369681845164;14.05.2019 15:22:48;346
636934369682315318;14.05.2019 15:22:48;346
636934369682783701;14.05.2019 15:22:48;346
636934369683253544;14.05.2019 15:22:48;346
636934369683879617;14.05.2019 15:22:48;346
636934369684349529;14.05.2019 15:22:48;347
636934369684819098;14.05.2019 15:22:48;346
636934369685444370;14.05.2019 15:22:48;347
636934369685913022;14.05.2019 15:22:48;347
636934369686381668;14.05.2019 15:22:48;347
636934369686852448;14.05.2019 15:22:48;347
636934369687320191;14.05.2019 15:22:48;348
636934369687946317;14.05.2019 15:22:48;348
636934369688417431;14.05.2019 15:22:48;348
636934369688887053;14.05.2019 15:22:48;348
636934369689354990;14.05.2019 15:22:48;349
636934369689823365;14.05.2019 15:22:48;348
636934369690292956;14.05.2019 15:22:49;348
636934369690919574;14.05.2019 15:22:49;348
636934369691389177;14.05.2019 15:22:49;348
636934369691858086;14.05.2019 15:22:49;348
636934369692482954;14.05.2019 15:22:49;348
636934369692954060;14.05.2019 15:22:49;348
636934369693423172;14.05.2019 15:22:49;348
636934369693893096;14.05.2019 15:22:49;348
636934369694362642;14.05.2019 15:22:49;350
636934369694986609;14.05.2019 15:22:49;349
636934369695456178;14.05.2019 15:22:49;349
636934369695924819;14.05.2019 15:22:49;350
636934369696393457;14.05.2019 15:22:49;349
636934369696862054;14.05.2019 15:22:49;349
636934369697486029;14.05.2019 15:22:49;349
636934369697955930;14.05.2019 15:22:49;349
636934369698425887;14.05.2019 15:22:49;349
636934369698895500;14.05.2019 15:22:49;350
636934369699520570;14.05.2019 15:22:49;349
636934369699989413;14.05.2019 15:22:49;350
636934369700458758;14.05.2019 15:22:50;349
636934369700927396;14.05.2019 15:22:50;350
636934369701396366;14.05.2019 15:22:50;350
636934369702023467;14.05.2019 15:22:50;350
636934369702491371;14.05.2019 15:22:50;350
636934369702962588;14.05.2019 15:22:50;350
636934369703432459;14.05.2019 15:22:50;350
636934369703901116;14.05.2019 15:22:50;351
636934369704526865;14.05.2019 15:22:50;350
636934369704994614;14.05.2019 15:22:50;351
636934369705464196;14.05.2019 15:22:50;351
636934369705932776;14.05.2019 15:22:50;351
636934369706557638;14.05.2019 15:22:50;351
636934369707025387;14.05.2019 15:22:50;351
636934369707494033;14.05.2019 15:22:50;351
636934369707963563;14.05.2019 15:22:50;351
636934369708589531;14.05.2019 15:22:50;351
636934369709059080;14.05.2019 15:22:50;352
636934369709529275;14.05.2019 15:22:50;351
636934369709997935;14.05.2019 15:22:50;351
636934369710467889;14.05.2019 15:22:51;352
636934369710937428;14.05.2019 15:22:51;351
636934369711564027;14.05.2019 15:22:51;351
636934369712032687;14.05.2019 15:22:51;352
636934369712501325;14.05.2019 15:22:51;352
636934369712972435;14.05.2019 15:22:51;351
636934369713598158;14.05.2019 15:22:51;352
636934369714065948;14.05.2019 15:22:51;352
636934369714535002;14.05.2019 15:22:51;352
636934369715003219;14.05.2019 15:22:51;352
636934369715629053;14.05.2019 15:22:51;353
636934369716099257;14.05.2019 15:22:51;352
636934369716568828;14.05.2019 15:22:51;353
636934369717037444;14.05.2019 15:22:51;354
636934369717505204;14.05.2019 15:22:51;353
636934369718130980;14.05.2019 15:22:51;353
636934369718599635;14.05.2019 15:22:51;354
636934369719068572;14.05.2019 15:22:51;353
636934369719538122;14.05.2019 15:22:51;353
636934369720006161;14.05.2019 15:22:52;353
636934369720630826;14.05.2019 15:22:52;353
636934369721099910;14.05.2019 15:22:52;353
636934369721568887;14.05.2019 15:22:52;353
636934369722037527;14.05.2019 15:22:52;354
636934369722662422;14.05.2019 15:22:52;354
636934369723130143;14.05.2019 15:22:52;354
636934369723599771;14.05.2019 15:22:52;355
636934369724067420;14.05.2019 15:22:52;354
636934369724536944;14.05.2019 15:22:52;354
636934369725161872;14.05.2019 15:22:52;355
636934369725629555;14.05.2019 15:22:52;355
636934369726099124;14.05.2019 15:22:52;354
636934369726567717;14.05.2019 15:22:52;354
636934369727036355;14.05.2019 15:22:52;354
636934369727660331;14.05.2019 15:22:52;354
636934369728130240;14.05.2019 15:22:52;354
636934369728599751;14.05.2019 15:22:52;354
636934369729069207;14.05.2019 15:22:52;355
636934369729694082;14.05.2019 15:22:52;355
636934369730163607;14.05.2019 15:22:53;356
636934369730632248;14.05.2019 15:22:53;355
636934369731100886;14.05.2019 15:22:53;355
636934369731725035;14.05.2019 15:22:53;356
636934369732194391;14.05.2019 15:22:53;355
636934369732664254;14.05.2019 15:22:53;355
636934369733134460;14.05.2019 15:22:53;356
636934369733604010;14.05.2019 15:22:53;355
636934369734228855;14.05.2019 15:22:53;355
636934369734697493;14.05.2019 15:22:53;355
636934369735166186;14.05.2019 15:22:53;355
636934369735634794;14.05.2019 15:22:53;355
636934369736103412;14.05.2019 15:22:53;355
636934369736727620;14.05.2019 15:22:53;355
636934369737197001;14.05.2019 15:22:53;355
636934369737664672;14.05.2019 15:22:53;356
636934369738134308;14.05.2019 15:22:53;356
636934369738760330;14.05.2019 15:22:53;356
636934369739229306;14.05.2019 15:22:53;356
636934369739698169;14.05.2019 15:22:53;357
636934369740167777;14.05.2019 15:22:54;356
636934369740637329;14.05.2019 15:22:54;356
636934369741261310;14.05.2019 15:22:54;356
636934369741730790;14.05.2019 15:22:54;356
636934369742198636;14.05.2019 15:22:54;356
636934369742668105;14.05.2019 15:22:54;356
636934369743136807;14.05.2019 15:22:54;357
636934369743762716;14.05.2019 15:22:54;357
636934369744231672;14.05.2019 15:22:54;357
636934369744700327;14.05.2019 15:22:54;358
636934369745170179;14.05.2019 15:22:54;357
636934369745795935;14.05.2019 15:22:54;358
636934369746264870;14.05.2019 15:22:54;357
636934369746733583;14.05.2019 15:22:54;358
636934369747202174;14.05.2019 15:22:54;358
636934369747672031;14.05.2019 15:22:54;358
636934369748297835;14.05.2019 15:22:54;358
636934369748766437;14.05.2019 15:22:54;358
636934369749235094;14.05.2019 15:22:54;358
636934369749702826;14.05.2019 15:22:54;358
636934369750172736;14.05.2019 15:22:55;358
636934369750798767;14.05.2019 15:22:55;358
636934369751267427;14.05.2019 15:22:55;359
636934369751736062;14.05.2019 15:22:55;359
636934369752204706;14.05.2019 15:22:55;359
636934369752831992;14.05.2019 15:22:55;359
636934369753301868;14.05.2019 15:22:55;359
636934369753771418;14.05.2019 15:22:55;359
636934369754240023;14.05.2019 15:22:55;360
636934369754864020;14.05.2019 15:22:55;359
636934369755335058;14.05.2019 15:22:55;359
636934369755804599;14.05.2019 15:22:55;359
636934369756273240;14.05.2019 15:22:55;359
636934369756740997;14.05.2019 15:22:55;359
636934369757367072;14.05.2019 15:22:55;359
636934369757836691;14.05.2019 15:22:55;360
636934369758304498;14.05.2019 15:22:55;360
636934369758773939;14.05.2019 15:22:55;360
636934369759242732;14.05.2019 15:22:55;361
636934369759867395;14.05.2019 15:22:55;360
636934369760336041;14.05.2019 15:22:56;360
636934369760805034;14.05.2019 15:22:56;361
636934369761273747;14.05.2019 15:22:56;360
636934369761898611;14.05.2019 15:22:56;360
636934369762367199;14.05.2019 15:22:56;361
636934369762838220;14.05.2019 15:22:56;360
636934369763308058;14.05.2019 15:22:56;360
636934369763777566;14.05.2019 15:22:56;360
636934369764401621;14.05.2019 15:22:56;360
636934369764871102;14.05.2019 15:22:56;361
636934369765339901;14.05.2019 15:22:56;361
636934369765808519;14.05.2019 15:22:56;361
636934369766277504;14.05.2019 15:22:56;361
636934369766903551;14.05.2019 15:22:56;361
636934369767373106;14.05.2019 15:22:56;362
636934369767841800;14.05.2019 15:22:56;361
636934369768468091;14.05.2019 15:22:56;361
636934369768937680;14.05.2019 15:22:56;361
636934369769406315;14.05.2019 15:22:56;360
636934369769874914;14.05.2019 15:22:56;360
636934369770343932;14.05.2019 15:22:57;360
636934369770970013;14.05.2019 15:22:57;360
636934369771439576;14.05.2019 15:22:57;360
636934369771909671;14.05.2019 15:22:57;360
636934369772379293;14.05.2019 15:22:57;360
636934369772848214;14.05.2019 15:22:57;360
636934369773317766;14.05.2019 15:22:57;360
636934369773941894;14.05.2019 15:22:57;361
636934369774411260;14.05.2019 15:22:57;359
636934369774880228;14.05.2019 15:22:57;359
636934369775506312;14.05.2019 15:22:57;360
636934369775976185;14.05.2019 15:22:57;359
636934369776445777;14.05.2019 15:22:57;359
636934369776914484;14.05.2019 15:22:57;359
636934369777383058;14.05.2019 15:22:57;359
636934369778007909;14.05.2019 15:22:57;359
636934369778476522;14.05.2019 15:22:57;358
636934369778944265;14.05.2019 15:22:57;359
636934369779413258;14.05.2019 15:22:57;359
636934369779882436;14.05.2019 15:22:57;359
636934369780508448;14.05.2019 15:22:58;359
636934369780978225;14.05.2019 15:22:58;359
636934369781446256;14.05.2019 15:22:58;359
636934369781917260;14.05.2019 15:22:58;360
636934369782542136;14.05.2019 15:22:58;359
636934369783011993;14.05.2019 15:22:58;359
636934369783481750;14.05.2019 15:22:58;360
636934369783951297;14.05.2019 15:22:58;359
636934369784419902;14.05.2019 15:22:58;359
636934369785044816;14.05.2019 15:22:58;359
636934369785512770;14.05.2019 15:22:58;359
636934369785981192;14.05.2019 15:22:58;360
636934369786451165;14.05.2019 15:22:58;359
636934369786921341;14.05.2019 15:22:58;360
636934369787547100;14.05.2019 15:22:58;360
636934369788017467;14.05.2019 15:22:58;360
636934369788487100;14.05.2019 15:22:58;361
636934369788955719;14.05.2019 15:22:58;360
636934369789581836;14.05.2019 15:22:58;360
636934369790050404;14.05.2019 15:22:59;361
636934369790519004;14.05.2019 15:22:59;360
636934369790987664;14.05.2019 15:22:59;360
636934369791611888;14.05.2019 15:22:59;361
636934369792081180;14.05.2019 15:22:59;361
636934369792550071;14.05.2019 15:22:59;361
636934369793019637;14.05.2019 15:22:59;360
636934369793488574;14.05.2019 15:22:59;361
636934369793958124;14.05.2019 15:22:59;361
636934369794583229;14.05.2019 15:22:59;361
636934369795053100;14.05.2019 15:22:59;362
636934369795524187;14.05.2019 15:22:59;361
636934369795994244;14.05.2019 15:22:59;362
636934369796620064;14.05.2019 15:22:59;363
636934369797090883;14.05.2019 15:22:59;362
636934369797559864;14.05.2019 15:22:59;362
636934369798029414;14.05.2019 15:22:59;363
636934369798655861;14.05.2019 15:22:59;363
636934369799127164;14.05.2019 15:22:59;362
636934369799597971;14.05.2019 15:22:59;361
636934369800066607;14.05.2019 15:23:00;362
636934369800535247;14.05.2019 15:23:00;362
636934369801003885;14.05.2019 15:23:00;362
636934369801629135;14.05.2019 15:23:00;362
636934369802099053;14.05.2019 15:23:00;362
636934369802568919;14.05.2019 15:23:00;362
636934369803038485;14.05.2019 15:23:00;363
636934369803662438;14.05.2019 15:23:00;363
636934369804131929;14.05.2019 15:23:00;363
636934369804599767;14.05.2019 15:23:00;363
636934369805069236;14.05.2019 15:23:00;363
636934369805696527;14.05.2019 15:23:00;363
636934369806166432;14.05.2019 15:23:00;363
636934369806635084;14.05.2019 15:23:00;363
636934369807103165;14.05.2019 15:23:00;363
636934369807573207;14.05.2019 15:23:00;363
636934369808198851;14.05.2019 15:23:00;364
636934369808669885;14.05.2019 15:23:00;363
636934369809139690;14.05.2019 15:23:00;364
636934369809608619;14.05.2019 15:23:00;364
636934369810077877;14.05.2019 15:23:01;364
636934369810701963;14.05.2019 15:23:01;364
636934369811171372;14.05.2019 15:23:01;364
636934369811640040;14.05.2019 15:23:01;364
636934369812108659;14.05.2019 15:23:01;364
636934369812734873;14.05.2019 15:23:01;364
636934369813202541;14.05.2019 15:23:01;364
636934369813672248;14.05.2019 15:23:01;364
636934369814139823;14.05.2019 15:23:01;364
636934369814608696;14.05.2019 15:23:01;364
636934369815235979;14.05.2019 15:23:01;364
636934369815705532;14.05.2019 15:23:01;364
636934369816174486;14.05.2019 15:23:01;365
636934369816644287;14.05.2019 15:23:01;364
636934369817113795;14.05.2019 15:23:01;364
636934369817738943;14.05.2019 15:23:01;366
636934369818208481;14.05.2019 15:23:01;365
636934369818677482;14.05.2019 15:23:01;365
636934369819147370;14.05.2019 15:23:01;365
636934369819774600;14.05.2019 15:23:01;365
636934369820243266;14.05.2019 15:23:02;365
636934369820712805;14.05.2019 15:23:02;365
636934369821181429;14.05.2019 15:23:02;365
636934369821650072;14.05.2019 15:23:02;365
636934369822274879;14.05.2019 15:23:02;365
636934369822742675;14.05.2019 15:23:02;365
636934369823213745;14.05.2019 15:23:02;365
636934369823683292;14.05.2019 15:23:02;366
636934369824151938;14.05.2019 15:23:02;367
636934369824775905;14.05.2019 15:23:02;366
636934369825245674;14.05.2019 15:23:02;366
636934369825715220;14.05.2019 15:23:02;367
636934369826183867;14.05.2019 15:23:02;366
636934369826808712;14.05.2019 15:23:02;366
636934369827277350;14.05.2019 15:23:02;365
636934369827745110;14.05.2019 15:23:02;366
636934369828214709;14.05.2019 15:23:02;366
636934369828840785;14.05.2019 15:23:02;366
636934369829308835;14.05.2019 15:23:02;366
636934369829777194;14.05.2019 15:23:02;366
636934369830246715;14.05.2019 15:23:03;366
636934369830715365;14.05.2019 15:23:03;367
636934369831339875;14.05.2019 15:23:03;366
636934369831808202;14.05.2019 15:23:03;366
636934369832276608;14.05.2019 15:23:03;367
636934369832746473;14.05.2019 15:23:03;366
636934369833216075;14.05.2019 15:23:03;367
636934369833840300;14.05.2019 15:23:03;367
636934369834309511;14.05.2019 15:23:03;366
636934369834777266;14.05.2019 15:23:03;367
636934369835246826;14.05.2019 15:23:03;367
636934369835873062;14.05.2019 15:23:03;367
636934369836340747;14.05.2019 15:23:03;367
636934369836811593;14.05.2019 15:23:03;367
636934369837279342;14.05.2019 15:23:03;368
636934369837749160;14.05.2019 15:23:03;367
636934369838376466;14.05.2019 15:23:03;368
636934369838847246;14.05.2019 15:23:03;369
636934369839317612;14.05.2019 15:23:03;368
636934369839787517;14.05.2019 15:23:03;367
636934369840257144;14.05.2019 15:23:04;368
636934369840883715;14.05.2019 15:23:04;368
636934369841353262;14.05.2019 15:23:04;368
636934369841821013;14.05.2019 15:23:04;367
636934369842290544;14.05.2019 15:23:04;368
636934369842916782;14.05.2019 15:23:04;368
636934369843385443;14.05.2019 15:23:04;368
636934369843854973;14.05.2019 15:23:04;368
636934369844323616;14.05.2019 15:23:04;368
636934369844792268;14.05.2019 15:23:04;368
636934369845417130;14.05.2019 15:23:04;369
636934369845884862;14.05.2019 15:23:04;368
636934369846356074;14.05.2019 15:23:04;369
636934369846825216;14.05.2019 15:23:04;369
636934369847293561;14.05.2019 15:23:04;369
636934369847919112;14.05.2019 15:23:04;369
636934369848389360;14.05.2019 15:23:04;370
636934369848858910;14.05.2019 15:23:04;369
636934369849328094;14.05.2019 15:23:04;369
636934369849952756;14.05.2019 15:23:04;369
636934369850423583;14.05.2019 15:23:05;369
636934369850892683;14.05.2019 15:23:05;369
636934369851361618;14.05.2019 15:23:05;370
636934369851830284;14.05.2019 15:23:05;369
636934369852455159;14.05.2019 15:23:05;370
636934369852925077;14.05.2019 15:23:05;370
636934369853394699;14.05.2019 15:23:05;371
636934369853863331;14.05.2019 15:23:05;370
636934369854331903;14.05.2019 15:23:05;370
636934369854955873;14.05.2019 15:23:05;369
636934369855424514;14.05.2019 15:23:05;370
636934369855894074;14.05.2019 15:23:05;370
636934369856363133;14.05.2019 15:23:05;369
636934369856990536;14.05.2019 15:23:05;370
636934369857459190;14.05.2019 15:23:05;370
636934369857930344;14.05.2019 15:23:05;370
636934369858401537;14.05.2019 15:23:05;371
636934369859026684;14.05.2019 15:23:05;370
636934369859496558;14.05.2019 15:23:05;370
636934369859965215;14.05.2019 15:23:05;372
636934369860434790;14.05.2019 15:23:06;370
636934369860903430;14.05.2019 15:23:06;370
636934369861528819;14.05.2019 15:23:06;371
636934369861998338;14.05.2019 15:23:06;370
636934369862466336;14.05.2019 15:23:06;370
636934369862935650;14.05.2019 15:23:06;370
636934369863404296;14.05.2019 15:23:06;371
636934369864028241;14.05.2019 15:23:06;371
636934369864497782;14.05.2019 15:23:06;370
636934369864965534;14.05.2019 15:23:06;371
636934369865435089;14.05.2019 15:23:06;371
636934369866059915;14.05.2019 15:23:06;371
636934369866527666;14.05.2019 15:23:06;372
636934369866997252;14.05.2019 15:23:06;371
636934369867464948;14.05.2019 15:23:06;371
636934369867934497;14.05.2019 15:23:06;372
636934369868559298;14.05.2019 15:23:06;371
636934369869028343;14.05.2019 15:23:06;371
636934369869498189;14.05.2019 15:23:06;371
636934369869966944;14.05.2019 15:23:06;371
636934369870436383;14.05.2019 15:23:07;371
636934369871061524;14.05.2019 15:23:07;372
636934369871530185;14.05.2019 15:23:07;372
636934369871998875;14.05.2019 15:23:07;372
636934369872624579;14.05.2019 15:23:07;372
636934369873093201;14.05.2019 15:23:07;372
636934369873563446;14.05.2019 15:23:07;372
636934369874032103;14.05.2019 15:23:07;372
636934369874500808;14.05.2019 15:23:07;373
636934369875126204;14.05.2019 15:23:07;372
636934369875596809;14.05.2019 15:23:07;372
636934369876066716;14.05.2019 15:23:07;373
636934369876537726;14.05.2019 15:23:07;372
636934369877005694;14.05.2019 15:23:07;372
636934369877474093;14.05.2019 15:23:07;372
636934369878101368;14.05.2019 15:23:07;372
636934369878571333;14.05.2019 15:23:07;372
636934369879041310;14.05.2019 15:23:07;372
636934369879666421;14.05.2019 15:23:07;372
636934369880135006;14.05.2019 15:23:08;373
636934369880604312;14.05.2019 15:23:08;373
636934369881074186;14.05.2019 15:23:08;374
636934369881544306;14.05.2019 15:23:08;373
636934369882170068;14.05.2019 15:23:08;373
636934369882637809;14.05.2019 15:23:08;373
636934369883106458;14.05.2019 15:23:08;373
636934369883575994;14.05.2019 15:23:08;373
636934369884044632;14.05.2019 15:23:08;373
636934369884669618;14.05.2019 15:23:08;374
636934369885139168;14.05.2019 15:23:08;373
636934369885607811;14.05.2019 15:23:08;373
636934369886076449;14.05.2019 15:23:08;374
636934369886700411;14.05.2019 15:23:08;373
636934369887170445;14.05.2019 15:23:08;374
636934369887639964;14.05.2019 15:23:08;375
636934369888110140;14.05.2019 15:23:08;374
636934369888579955;14.05.2019 15:23:08;374
636934369889207386;14.05.2019 15:23:08;375
636934369889678362;14.05.2019 15:23:08;374
636934369890147369;14.05.2019 15:23:09;374
636934369890616793;14.05.2019 15:23:09;374
636934369891086337;14.05.2019 15:23:09;374
636934369891711194;14.05.2019 15:23:09;374
636934369892179192;14.05.2019 15:23:09;374
636934369892648492;14.05.2019 15:23:09;374
636934369893118319;14.05.2019 15:23:09;374
636934369893743981;14.05.2019 15:23:09;374
636934369894213309;14.05.2019 15:23:09;375
636934369894682474;14.05.2019 15:23:09;375
636934369895151402;14.05.2019 15:23:09;375
636934369895621171;14.05.2019 15:23:09;376
636934369896248352;14.05.2019 15:23:09;375
636934369896716214;14.05.2019 15:23:09;375
636934369897184747;14.05.2019 15:23:09;376
636934369897653629;14.05.2019 15:23:09;375
636934369898122923;14.05.2019 15:23:09;375
636934369898748974;14.05.2019 15:23:09;376
636934369899217626;14.05.2019 15:23:09;375
636934369899686333;14.05.2019 15:23:09;375
636934369900155406;14.05.2019 15:23:10;375
636934369900781235;14.05.2019 15:23:10;376
636934369901248920;14.05.2019 15:23:10;376
636934369901718937;14.05.2019 15:23:10;376
636934369902188786;14.05.2019 15:23:10;376
636934369902814305;14.05.2019 15:23:10;375
636934369903284760;14.05.2019 15:23:10;376
636934369903754301;14.05.2019 15:23:10;376
636934369904222059;14.05.2019 15:23:10;375
636934369904691589;14.05.2019 15:23:10;376
636934369905159747;14.05.2019 15:23:10;375
636934369905786618;14.05.2019 15:23:10;375
636934369906256874;14.05.2019 15:23:10;375
636934369906726493;14.05.2019 15:23:10;375
636934369907195516;14.05.2019 15:23:10;375
636934369907821345;14.05.2019 15:23:10;375
636934369908290008;14.05.2019 15:23:10;375
636934369908758676;14.05.2019 15:23:10;376
636934369909227284;14.05.2019 15:23:10;375
636934369909852043;14.05.2019 15:23:10;375
636934369910320698;14.05.2019 15:23:11;376
636934369910789347;14.05.2019 15:23:11;375
636934369911257974;14.05.2019 15:23:11;375
636934369911726623;14.05.2019 15:23:11;376
636934369912351507;14.05.2019 15:23:11;375
636934369912820112;14.05.2019 15:23:11;375
636934369913288744;14.05.2019 15:23:11;375
636934369913757380;14.05.2019 15:23:11;376
636934369914225137;14.05.2019 15:23:11;376
636934369914850874;14.05.2019 15:23:11;376
636934369915321152;14.05.2019 15:23:11;376
636934369915790713;14.05.2019 15:23:11;376
636934369916259348;14.05.2019 15:23:11;376
636934369916884193;14.05.2019 15:23:11;377
636934369917353316;14.05.2019 15:23:11;376
636934369917821979;14.05.2019 15:23:11;376
636934369918291795;14.05.2019 15:23:11;376
636934369918761350;14.05.2019 15:23:11;376
636934369919387766;14.05.2019 15:23:11;376
636934369919856603;14.05.2019 15:23:11;376
636934369920327596;14.05.2019 15:23:12;376
636934369920798548;14.05.2019 15:23:12;376
636934369921266211;14.05.2019 15:23:12;376
636934369921892261;14.05.2019 15:23:12;376
636934369922362160;14.05.2019 15:23:12;376
636934369922831701;14.05.2019 15:23:12;376
636934369923301647;14.05.2019 15:23:12;377
636934369923926495;14.05.2019 15:23:12;376
636934369924395147;14.05.2019 15:23:12;376
636934369924862887;14.05.2019 15:23:12;377
636934369925333235;14.05.2019 15:23:12;376
636934369925802784;14.05.2019 15:23:12;377
636934369926429103;14.05.2019 15:23:12;377
636934369926898185;14.05.2019 15:23:12;377
636934369927367729;14.05.2019 15:23:12;377
636934369927836369;14.05.2019 15:23:12;377
636934369928304126;14.05.2019 15:23:12;377
636934369928929864;14.05.2019 15:23:12;377
636934369929399438;14.05.2019 15:23:12;377
636934369929869054;14.05.2019 15:23:12;378
636934369930337692;14.05.2019 15:23:13;377
636934369930963926;14.05.2019 15:23:13;377
636934369931432500;14.05.2019 15:23:13;379
636934369931901138;14.05.2019 15:23:13;377
636934369932369779;14.05.2019 15:23:13;378
636934369932994632;14.05.2019 15:23:13;377
636934369933463597;14.05.2019 15:23:13;377
636934369933933144;14.05.2019 15:23:13;377
636934369934401782;14.05.2019 15:23:13;377
636934369934869539;14.05.2019 15:23:13;377
636934369935495315;14.05.2019 15:23:13;378
636934369935963956;14.05.2019 15:23:13;377
636934369936433822;14.05.2019 15:23:13;377
636934369936902767;14.05.2019 15:23:13;377
636934369937371425;14.05.2019 15:23:13;378
636934369937997442;14.05.2019 15:23:13;379
636934369938466994;14.05.2019 15:23:13;378
636934369938935657;14.05.2019 15:23:13;378
636934369939404267;14.05.2019 15:23:13;379
636934369940028237;14.05.2019 15:23:14;378
636934369940498102;14.05.2019 15:23:14;378
636934369940967624;14.05.2019 15:23:14;378
636934369941436304;14.05.2019 15:23:14;378
636934369941904025;14.05.2019 15:23:14;378
636934369942528876;14.05.2019 15:23:14;378
636934369942999065;14.05.2019 15:23:14;378
636934369943468651;14.05.2019 15:23:14;378
636934369943938203;14.05.2019 15:23:14;378
636934369944406811;14.05.2019 15:23:14;378
636934369945030805;14.05.2019 15:23:14;379
636934369945500075;14.05.2019 15:23:14;379
636934369945969625;14.05.2019 15:23:14;379
636934369946438266;14.05.2019 15:23:14;379
636934369947063116;14.05.2019 15:23:14;379
636934369947530871;14.05.2019 15:23:14;380
636934369948000717;14.05.2019 15:23:14;379
636934369948470335;14.05.2019 15:23:14;379
636934369949095471;14.05.2019 15:23:14;379
636934369949564445;14.05.2019 15:23:14;380
636934369950032764;14.05.2019 15:23:15;379
636934369950502347;14.05.2019 15:23:15;380
636934369950970946;14.05.2019 15:23:15;381
636934369951595919;14.05.2019 15:23:15;380
636934369952063546;14.05.2019 15:23:15;380
636934369952533095;14.05.2019 15:23:15;380
636934369953001816;14.05.2019 15:23:15;380
636934369953470424;14.05.2019 15:23:15;379
636934369954136537;14.05.2019 15:23:15;380
636934369954565619;14.05.2019 15:23:15;380
636934369955034238;14.05.2019 15:23:15;380
636934369955503308;14.05.2019 15:23:15;380
636934369956129079;14.05.2019 15:23:15;380
636934369956598072;14.05.2019 15:23:15;380
636934369957068832;14.05.2019 15:23:15;381
636934369957537226;14.05.2019 15:23:15;381
636934369958006155;14.05.2019 15:23:15;381
636934369958631427;14.05.2019 15:23:15;381
636934369959102830;14.05.2019 15:23:15;382
636934369959572377;14.05.2019 15:23:15;381
636934369960040403;14.05.2019 15:23:16;381
636934369960509695;14.05.2019 15:23:16;381
636934369961134545;14.05.2019 15:23:16;381
636934369961603217;14.05.2019 15:23:16;381
636934369962070904;14.05.2019 15:23:16;381
636934369962696032;14.05.2019 15:23:16;381
636934369963166881;14.05.2019 15:23:16;381
636934369963637763;14.05.2019 15:23:16;381
636934369964107629;14.05.2019 15:23:16;381
636934369964577486;14.05.2019 15:23:16;381
636934369965046146;14.05.2019 15:23:16;381
636934369965673648;14.05.2019 15:23:16;383
636934369966142306;14.05.2019 15:23:16;381
636934369966611844;14.05.2019 15:23:16;381
636934369967080507;14.05.2019 15:23:16;382
636934369967548223;14.05.2019 15:23:16;382
636934369968175384;14.05.2019 15:23:16;382
636934369968645826;14.05.2019 15:23:16;381
636934369969115444;14.05.2019 15:23:16;382
636934369969740198;14.05.2019 15:23:16;382
636934369970210285;14.05.2019 15:23:17;381
636934369970680223;14.05.2019 15:23:17;382
636934369971149775;14.05.2019 15:23:17;382
636934369971618410;14.05.2019 15:23:17;382
636934369972087331;14.05.2019 15:23:17;383
636934369972713088;14.05.2019 15:23:17;382
636934369973180845;14.05.2019 15:23:17;382
636934369973651580;14.05.2019 15:23:17;383
636934369974120168;14.05.2019 15:23:17;382
636934369974588909;14.05.2019 15:23:17;382
636934369975212831;14.05.2019 15:23:17;383
636934369975682303;14.05.2019 15:23:17;382
636934369976150947;14.05.2019 15:23:17;382
636934369976775839;14.05.2019 15:23:17;381
636934369977244483;14.05.2019 15:23:17;382
636934369977713118;14.05.2019 15:23:17;382
636934369978181781;14.05.2019 15:23:17;382
636934369978650405;14.05.2019 15:23:17;382
636934369979274328;14.05.2019 15:23:17;382
636934369979743285;14.05.2019 15:23:17;382
636934369980212809;14.05.2019 15:23:18;383
636934369980681447;14.05.2019 15:23:18;382
636934369981150085;14.05.2019 15:23:18;382
636934369981775313;14.05.2019 15:23:18;383
636934369982244943;14.05.2019 15:23:18;383
636934369982713573;14.05.2019 15:23:18;382
636934369983181252;14.05.2019 15:23:18;382
636934369983807070;14.05.2019 15:23:18;382
636934369984277085;14.05.2019 15:23:18;382
636934369984746019;14.05.2019 15:23:18;382
636934369985216688;14.05.2019 15:23:18;383
636934369985686238;14.05.2019 15:23:18;382
636934369986312612;14.05.2019 15:23:18;383
636934369986781270;14.05.2019 15:23:18;384
636934369987250869;14.05.2019 15:23:18;383
636934369987719579;14.05.2019 15:23:18;383
636934369988188201;14.05.2019 15:23:18;383
636934369988814329;14.05.2019 15:23:18;383
636934369989282299;14.05.2019 15:23:18;383
636934369989751879;14.05.2019 15:23:18;383
636934369990221470;14.05.2019 15:23:19;383
636934369990847634;14.05.2019 15:23:19;384
636934369991316291;14.05.2019 15:23:19;384
636934369991784916;14.05.2019 15:23:19;384
636934369992254673;14.05.2019 15:23:19;384
636934369992879524;14.05.2019 15:23:19;384
636934369993348223;14.05.2019 15:23:19;385
636934369993816847;14.05.2019 15:23:19;384
636934369994285446;14.05.2019 15:23:19;384
636934369994753181;14.05.2019 15:23:19;385
636934369995380209;14.05.2019 15:23:19;384
636934369995848861;14.05.2019 15:23:19;384
636934369996317491;14.05.2019 15:23:19;384
636934369996786165;14.05.2019 15:23:19;385
636934369997254576;14.05.2019 15:23:19;384
636934369997879391;14.05.2019 15:23:19;384
636934369998348262;14.05.2019 15:23:19;384
636934369998816902;14.05.2019 15:23:19;384
636934369999284895;14.05.2019 15:23:19;384
636934369999909466;14.05.2019 15:23:19;385
636934370000378098;14.05.2019 15:23:20;385
636934370000849028;14.05.2019 15:23:20;385
636934370001317015;14.05.2019 15:23:20;386
636934370001786287;14.05.2019 15:23:20;384
636934370002410210;14.05.2019 15:23:20;385
636934370002878851;14.05.2019 15:23:20;385
636934370003348395;14.05.2019 15:23:20;384
636934370003817105;14.05.2019 15:23:20;385
636934370004285696;14.05.2019 15:23:20;385
636934370004910635;14.05.2019 15:23:20;385
636934370005381658;14.05.2019 15:23:20;385
636934370005851693;14.05.2019 15:23:20;385
636934370006320273;14.05.2019 15:23:20;386
636934370006945365;14.05.2019 15:23:20;385
636934370007414025;14.05.2019 15:23:20;385
636934370007883860;14.05.2019 15:23:20;385
636934370008353401;14.05.2019 15:23:20;385
636934370008978609;14.05.2019 15:23:20;385
636934370009449486;14.05.2019 15:23:20;385
636934370009917215;14.05.2019 15:23:20;385
636934370010387427;14.05.2019 15:23:21;385
636934370010856982;14.05.2019 15:23:21;385
636934370011325656;14.05.2019 15:23:21;385
636934370011950471;14.05.2019 15:23:21;385
636934370012418219;14.05.2019 15:23:21;385
636934370012889268;14.05.2019 15:23:21;386
636934370013358862;14.05.2019 15:23:21;385
636934370013982773;14.05.2019 15:23:21;385
636934370014452378;14.05.2019 15:23:21;387
636934370014920318;14.05.2019 15:23:21;385
636934370015389657;14.05.2019 15:23:21;386
636934370016014508;14.05.2019 15:23:21;386
636934370016483199;14.05.2019 15:23:21;386
636934370016951850;14.05.2019 15:23:21;386
636934370017420477;14.05.2019 15:23:21;386
636934370017889129;14.05.2019 15:23:21;386
636934370018513974;14.05.2019 15:23:21;386
636934370018982615;14.05.2019 15:23:21;386
636934370019450552;14.05.2019 15:23:21;386
636934370019919891;14.05.2019 15:23:21;386
636934370020388535;14.05.2019 15:23:22;386
636934370021013389;14.05.2019 15:23:22;387
636934370021482027;14.05.2019 15:23:22;386
636934370021950678;14.05.2019 15:23:22;386
636934370022419311;14.05.2019 15:23:22;387
636934370023044489;14.05.2019 15:23:22;386
636934370023514074;14.05.2019 15:23:22;386
636934370023982687;14.05.2019 15:23:22;386
636934370024451314;14.05.2019 15:23:22;386
636934370025075849;14.05.2019 15:23:22;386
636934370025544875;14.05.2019 15:23:22;387
636934370026013499;14.05.2019 15:23:22;386
636934370026482448;14.05.2019 15:23:22;387
636934370026951964;14.05.2019 15:23:22;387
636934370027419873;14.05.2019 15:23:22;387
636934370028045849;14.05.2019 15:23:22;387
636934370028515401;14.05.2019 15:23:22;387
636934370028984031;14.05.2019 15:23:22;388
636934370029452644;14.05.2019 15:23:22;387
636934370030076860;14.05.2019 15:23:23;387
636934370030545282;14.05.2019 15:23:23;387
636934370031014810;14.05.2019 15:23:23;387
636934370031483456;14.05.2019 15:23:23;387
636934370032107819;14.05.2019 15:23:23;387
636934370032576480;14.05.2019 15:23:23;387
636934370033046295;14.05.2019 15:23:23;387
636934370033515847;14.05.2019 15:23:23;387
636934370033984488;14.05.2019 15:23:23;388
636934370034609378;14.05.2019 15:23:23;388
636934370035078016;14.05.2019 15:23:23;388
636934370035546657;14.05.2019 15:23:23;389
636934370036015322;14.05.2019 15:23:23;388
636934370036483894;14.05.2019 15:23:23;388
636934370037107864;14.05.2019 15:23:23;389
636934370037577427;14.05.2019 15:23:23;388
636934370038046087;14.05.2019 15:23:23;388
636934370038670921;14.05.2019 15:23:23;388
636934370039139878;14.05.2019 15:23:23;388
636934370039608535;14.05.2019 15:23:23;388
636934370040078129;14.05.2019 15:23:24;388
636934370040546704;14.05.2019 15:23:24;389
636934370041172474;14.05.2019 15:23:24;388
636934370041641428;14.05.2019 15:23:24;389
636934370042109465;14.05.2019 15:23:24;389
636934370042578746;14.05.2019 15:23:24;389
636934370043047633;14.05.2019 15:23:24;389
636934370043517704;14.05.2019 15:23:24;389
636934370044142577;14.05.2019 15:23:24;388
636934370044611439;14.05.2019 15:23:24;388
636934370045081083;14.05.2019 15:23:24;388
636934370045708862;14.05.2019 15:23:24;388
636934370046178423;14.05.2019 15:23:24;389
636934370046648247;14.05.2019 15:23:24;389
636934370047116211;14.05.2019 15:23:24;389
636934370047585525;14.05.2019 15:23:24;389
636934370048210783;14.05.2019 15:23:24;389
636934370048681613;14.05.2019 15:23:24;390
636934370049150248;14.05.2019 15:23:24;389
636934370049618061;14.05.2019 15:23:24;390
636934370050086704;14.05.2019 15:23:25;389
636934370050712719;14.05.2019 15:23:25;390
636934370051182335;14.05.2019 15:23:25;390
636934370051650973;14.05.2019 15:23:25;389
636934370052118658;14.05.2019 15:23:25;390
636934370052744844;14.05.2019 15:23:25;389
636934370053214432;14.05.2019 15:23:25;390
636934370053683004;14.05.2019 15:23:25;390
636934370054151667;14.05.2019 15:23:25;390
636934370054619418;14.05.2019 15:23:25;390
636934370055245507;14.05.2019 15:23:25;389
636934370055714170;14.05.2019 15:23:25;391
636934370056183690;14.05.2019 15:23:25;390
636934370056652699;14.05.2019 15:23:25;390
636934370057121647;14.05.2019 15:23:25;391
636934370057747113;14.05.2019 15:23:25;390
636934370058215740;14.05.2019 15:23:25;390
636934370058683960;14.05.2019 15:23:25;390
636934370059153429;14.05.2019 15:23:25;390
636934370059779211;14.05.2019 15:23:25;390
636934370060247868;14.05.2019 15:23:26;391
636934370060716462;14.05.2019 15:23:26;391
636934370061185105;14.05.2019 15:23:26;391
636934370061810325;14.05.2019 15:23:26;391
636934370062279905;14.05.2019 15:23:26;391
636934370062750244;14.05.2019 15:23:26;391
636934370063221303;14.05.2019 15:23:26;392
636934370063690883;14.05.2019 15:23:26;391
636934370064314809;14.05.2019 15:23:26;391
636934370064783715;14.05.2019 15:23:26;391
636934370065253564;14.05.2019 15:23:26;391
636934370065723435;14.05.2019 15:23:26;391
636934370066192976;14.05.2019 15:23:26;391
636934370066816949;14.05.2019 15:23:26;391
636934370067286859;14.05.2019 15:23:26;391
636934370067756411;14.05.2019 15:23:26;391
636934370068225276;14.05.2019 15:23:26;392
636934370068851033;14.05.2019 15:23:26;391
636934370069319990;14.05.2019 15:23:26;392
636934370069789545;14.05.2019 15:23:26;391
636934370070258241;14.05.2019 15:23:27;391
636934370070727173;14.05.2019 15:23:27;391
636934370071354625;14.05.2019 15:23:27;392
636934370071823282;14.05.2019 15:23:27;391
636934370072292813;14.05.2019 15:23:27;392
636934370072761775;14.05.2019 15:23:27;392
636934370073231324;14.05.2019 15:23:27;392
636934370073856178;14.05.2019 15:23:27;392
636934370074324830;14.05.2019 15:23:27;392
636934370074793460;14.05.2019 15:23:27;392
636934370075261521;14.05.2019 15:23:27;392
636934370075888805;14.05.2019 15:23:27;393
636934370076357454;14.05.2019 15:23:27;392
636934370076827037;14.05.2019 15:23:27;392
636934370077295677;14.05.2019 15:23:27;393
636934370077764315;14.05.2019 15:23:27;392
636934370078389174;14.05.2019 15:23:27;392
636934370078856879;14.05.2019 15:23:27;392
636934370079325847;14.05.2019 15:23:27;392
636934370079795385;14.05.2019 15:23:27;392
636934370080264037;14.05.2019 15:23:28;392
636934370080890060;14.05.2019 15:23:28;393
636934370081360152;14.05.2019 15:23:28;392
636934370081829369;14.05.2019 15:23:28;393
636934370082299359;14.05.2019 15:23:28;394
636934370082925119;14.05.2019 15:23:28;393
636934370083394294;14.05.2019 15:23:28;393
636934370083863841;14.05.2019 15:23:28;394
636934370084332449;14.05.2019 15:23:28;393
636934370084957837;14.05.2019 15:23:28;393
636934370085427448;14.05.2019 15:23:28;393
636934370085895997;14.05.2019 15:23:28;393
636934370086364649;14.05.2019 15:23:28;393
636934370086832395;14.05.2019 15:23:28;393
636934370087457248;14.05.2019 15:23:28;393
636934370087927166;14.05.2019 15:23:28;393
636934370088396782;14.05.2019 15:23:28;393
636934370088865423;14.05.2019 15:23:28;394
636934370089334518;14.05.2019 15:23:28;393
636934370089959391;14.05.2019 15:23:28;393
636934370090428935;14.05.2019 15:23:29;393
636934370090897554;14.05.2019 15:23:29;394
636934370091367708;14.05.2019 15:23:29;394
636934370091992578;14.05.2019 15:23:29;394
636934370092461210;14.05.2019 15:23:29;394
636934370092930757;14.05.2019 15:23:29;394
636934370093399933;14.05.2019 15:23:29;394
636934370093869474;14.05.2019 15:23:29;394
636934370094494333;14.05.2019 15:23:29;394
636934370094962968;14.05.2019 15:23:29;394
636934370095431930;14.05.2019 15:23:29;395
636934370095900588;14.05.2019 15:23:29;394
636934370096370531;14.05.2019 15:23:29;394
636934370096995404;14.05.2019 15:23:29;395
636934370097465313;14.05.2019 15:23:29;394
636934370097936409;14.05.2019 15:23:29;394
636934370098405953;14.05.2019 15:23:29;395
636934370099031122;14.05.2019 15:23:29;394
636934370099499780;14.05.2019 15:23:29;394
636934370099969349;14.05.2019 15:23:29;394
636934370100437990;14.05.2019 15:23:30;394
636934370100907112;14.05.2019 15:23:30;394
636934370101532952;14.05.2019 15:23:30;395
636934370102000939;14.05.2019 15:23:30;394
636934370102470483;14.05.2019 15:23:30;395
636934370102939130;14.05.2019 15:23:30;396
636934370103407773;14.05.2019 15:23:30;395
636934370104032693;14.05.2019 15:23:30;395
636934370104500373;14.05.2019 15:23:30;395
636934370104969933;14.05.2019 15:23:30;394
636934370105438959;14.05.2019 15:23:30;395
636934370106064758;14.05.2019 15:23:30;394
636934370106533412;14.05.2019 15:23:30;394
636934370107001114;14.05.2019 15:23:30;395
636934370107470683;14.05.2019 15:23:30;395
636934370108095872;14.05.2019 15:23:30;395
636934370108565454;14.05.2019 15:23:30;395
636934370109034098;14.05.2019 15:23:30;395
636934370109501813;14.05.2019 15:23:30;395
636934370109971377;14.05.2019 15:23:30;395
636934370110596255;14.05.2019 15:23:31;396
636934370111064849;14.05.2019 15:23:31;395
636934370111533484;14.05.2019 15:23:31;395
636934370112001493;14.05.2019 15:23:31;395
636934370112470755;14.05.2019 15:23:31;395
636934370113096379;14.05.2019 15:23:31;396
636934370113566305;14.05.2019 15:23:31;395
636934370114035857;14.05.2019 15:23:31;396
636934370114503828;14.05.2019 15:23:31;396
636934370115129360;14.05.2019 15:23:31;396
636934370115597100;14.05.2019 15:23:31;396
636934370116066625;14.05.2019 15:23:31;397
636934370116535302;14.05.2019 15:23:31;396
636934370117003948;14.05.2019 15:23:31;396
636934370117628810;14.05.2019 15:23:31;397
636934370118096561;14.05.2019 15:23:31;396
636934370118567255;14.05.2019 15:23:31;396
636934370119035915;14.05.2019 15:23:31;396
636934370119504520;14.05.2019 15:23:31;396
636934370120130737;14.05.2019 15:23:32;396
636934370120599400;14.05.2019 15:23:32;396
636934370121068282;14.05.2019 15:23:32;396
636934370121694102;14.05.2019 15:23:32;396
636934370122162762;14.05.2019 15:23:32;396
636934370122631367;14.05.2019 15:23:32;396
636934370123100011;14.05.2019 15:23:32;396
636934370123568701;14.05.2019 15:23:32;397
636934370124193513;14.05.2019 15:23:32;396
636934370124662138;14.05.2019 15:23:32;396
636934370125130787;14.05.2019 15:23:32;396
636934370125599416;14.05.2019 15:23:32;396
636934370126068102;14.05.2019 15:23:32;397
636934370126693193;14.05.2019 15:23:32;396
636934370127162751;14.05.2019 15:23:32;397
636934370127631420;14.05.2019 15:23:32;397
636934370128100063;14.05.2019 15:23:32;396
636934370128724911;14.05.2019 15:23:32;398
636934370129192627;14.05.2019 15:23:32;397
636934370129662193;14.05.2019 15:23:32;397
636934370130130837;14.05.2019 15:23:33;398
636934370130599536;14.05.2019 15:23:33;397
636934370131224323;14.05.2019 15:23:33;397
636934370131692091;14.05.2019 15:23:33;397
636934370132161563;14.05.2019 15:23:33;397
636934370132630475;14.05.2019 15:23:33;397
636934370133099883;14.05.2019 15:23:33;397
636934370133725382;14.05.2019 15:23:33;397
636934370134193101;14.05.2019 15:23:33;397
636934370134662645;14.05.2019 15:23:33;398
636934370135131338;14.05.2019 15:23:33;398
636934370135756455;14.05.2019 15:23:33;398
636934370136225118;14.05.2019 15:23:33;398
636934370136693756;14.05.2019 15:23:33;397
636934370137163292;14.05.2019 15:23:33;398
636934370137789492;14.05.2019 15:23:33;398
636934370138258443;14.05.2019 15:23:33;398
636934370138728056;14.05.2019 15:23:33;398
636934370139195741;14.05.2019 15:23:33;398
636934370139664382;14.05.2019 15:23:33;398
636934370140290258;14.05.2019 15:23:34;398
636934370140759261;14.05.2019 15:23:34;398
636934370141229202;14.05.2019 15:23:34;398
636934370141697853;14.05.2019 15:23:34;398
636934370142167348;14.05.2019 15:23:34;399
636934370142791442;14.05.2019 15:23:34;398
636934370143260917;14.05.2019 15:23:34;399
636934370143729580;14.05.2019 15:23:34;399
636934370144197276;14.05.2019 15:23:34;399
636934370144823010;14.05.2019 15:23:34;398
636934370145290765;14.05.2019 15:23:34;399
636934370145760300;14.05.2019 15:23:34;398
636934370146228938;14.05.2019 15:23:34;399
636934370146697319;14.05.2019 15:23:34;399
636934370147322474;14.05.2019 15:23:34;399
636934370147790176;14.05.2019 15:23:34;399
636934370148259947;14.05.2019 15:23:34;399
636934370148729491;14.05.2019 15:23:34;399
636934370149198171;14.05.2019 15:23:34;400
636934370149822478;14.05.2019 15:23:34;399
636934370150292421;14.05.2019 15:23:35;399
636934370150762351;14.05.2019 15:23:35;399
636934370151231008;14.05.2019 15:23:35;399
636934370151857316;14.05.2019 15:23:35;399
636934370152327168;14.05.2019 15:23:35;399
636934370152798271;14.05.2019 15:23:35;399
636934370153265945;14.05.2019 15:23:35;399
636934370153890843;14.05.2019 15:23:35;399
636934370154360329;14.05.2019 15:23:35;400
636934370154829208;14.05.2019 15:23:35;400
636934370155298749;14.05.2019 15:23:35;400
636934370155767706;14.05.2019 15:23:35;400
636934370156237220;14.05.2019 15:23:35;400
636934370156862112;14.05.2019 15:23:35;400
636934370157331052;14.05.2019 15:23:35;400
636934370157800601;14.05.2019 15:23:35;400
636934370158269580;14.05.2019 15:23:35;400
636934370158894456;14.05.2019 15:23:35;400
636934370159364028;14.05.2019 15:23:35;400
636934370159833062;14.05.2019 15:23:35;401
636934370160302650;14.05.2019 15:23:36;400
636934370160927462;14.05.2019 15:23:36;400
636934370161396111;14.05.2019 15:23:36;400
636934370161864802;14.05.2019 15:23:36;401
636934370162333415;14.05.2019 15:23:36;400
636934370162802020;14.05.2019 15:23:36;400
636934370163427106;14.05.2019 15:23:36;400
636934370163896686;14.05.2019 15:23:36;400
636934370164365324;14.05.2019 15:23:36;401
636934370164834217;14.05.2019 15:23:36;401
636934370165303747;14.05.2019 15:23:36;400
636934370165929230;14.05.2019 15:23:36;401
636934370166397898;14.05.2019 15:23:36;402
636934370166866927;14.05.2019 15:23:36;401
636934370167336532;14.05.2019 15:23:36;400
636934370167961549;14.05.2019 15:23:36;400
636934370168431129;14.05.2019 15:23:36;401
636934370168899975;14.05.2019 15:23:36;401
636934370169368635;14.05.2019 15:23:36;401
636934370169838160;14.05.2019 15:23:36;401
636934370170462129;14.05.2019 15:23:37;402
636934370170932158;14.05.2019 15:23:37;401
636934370171402847;14.05.2019 15:23:37;401
636934370171871479;14.05.2019 15:23:37;401
636934370172340555;14.05.2019 15:23:37;401
636934370172966594;14.05.2019 15:23:37;401
636934370173437731;14.05.2019 15:23:37;401
636934370173906389;14.05.2019 15:23:37;402
636934370174376199;14.05.2019 15:23:37;402
636934370175003152;14.05.2019 15:23:37;402
636934370175473328;14.05.2019 15:23:37;403
636934370175944587;14.05.2019 15:23:37;402
636934370176413300;14.05.2019 15:23:37;402
636934370176882766;14.05.2019 15:23:37;402
636934370177509083;14.05.2019 15:23:37;402
636934370177977959;14.05.2019 15:23:37;402
636934370178447498;14.05.2019 15:23:37;402
636934370178917360;14.05.2019 15:23:37;402
636934370179386915;14.05.2019 15:23:37;403
636934370180011755;14.05.2019 15:23:38;402
636934370180480401;14.05.2019 15:23:38;402
636934370180949048;14.05.2019 15:23:38;403
636934370181417689;14.05.2019 15:23:38;402
636934370182042578;14.05.2019 15:23:38;402
636934370182511233;14.05.2019 15:23:38;403
636934370182979862;14.05.2019 15:23:38;402
636934370183448462;14.05.2019 15:23:38;403
636934370184072420;14.05.2019 15:23:38;402
636934370184541998;14.05.2019 15:23:38;403
636934370185011018;14.05.2019 15:23:38;403
636934370185480623;14.05.2019 15:23:38;403
636934370185949203;14.05.2019 15:23:38;404
636934370186573408;14.05.2019 15:23:38;403
636934370187041811;14.05.2019 15:23:38;403
636934370187511657;14.05.2019 15:23:38;403
636934370187981206;14.05.2019 15:23:38;403
636934370188449889;14.05.2019 15:23:38;403
636934370189073808;14.05.2019 15:23:38;403
636934370189543785;14.05.2019 15:23:38;403
636934370190014841;14.05.2019 15:23:39;403
636934370190484391;14.05.2019 15:23:39;403
636934370191110959;14.05.2019 15:23:39;404
636934370191579886;14.05.2019 15:23:39;403
636934370192050920;14.05.2019 15:23:39;403
636934370192521836;14.05.2019 15:23:39;403
636934370192992067;14.05.2019 15:23:39;404
636934370193617796;14.05.2019 15:23:39;403
636934370194086982;14.05.2019 15:23:39;404
636934370194557992;14.05.2019 15:23:39;403
636934370195027428;14.05.2019 15:23:39;404
636934370195497296;14.05.2019 15:23:39;405
636934370196122169;14.05.2019 15:23:39;404
636934370196592010;14.05.2019 15:23:39;404
636934370197061554;14.05.2019 15:23:39;404
636934370197532018;14.05.2019 15:23:39;404
636934370198158093;14.05.2019 15:23:39;404
636934370198627756;14.05.2019 15:23:39;403
636934370199096316;14.05.2019 15:23:39;404
636934370199565184;14.05.2019 15:23:39;403
636934370200035083;14.05.2019 15:23:40;404
636934370200661164;14.05.2019 15:23:40;404
636934370201131004;14.05.2019 15:23:40;404
636934370201600812;14.05.2019 15:23:40;405
636934370202069760;14.05.2019 15:23:40;404
636934370202539321;14.05.2019 15:23:40;404
636934370203164130;14.05.2019 15:23:40;404
636934370203634004;14.05.2019 15:23:40;404
636934370204104797;14.05.2019 15:23:40;404
636934370204573435;14.05.2019 15:23:40;404
636934370205198591;14.05.2019 15:23:40;404
636934370205667251;14.05.2019 15:23:40;405
636934370206136814;14.05.2019 15:23:40;405
636934370206605646;14.05.2019 15:23:40;405
636934370207075246;14.05.2019 15:23:40;405
636934370207699390;14.05.2019 15:23:40;406
636934370208168743;14.05.2019 15:23:40;405
636934370208637398;14.05.2019 15:23:40;405
636934370209106005;14.05.2019 15:23:40;405
636934370209574643;14.05.2019 15:23:40;405
636934370210199502;14.05.2019 15:23:41;405
636934370210668384;14.05.2019 15:23:41;405
636934370211137950;14.05.2019 15:23:41;405
636934370211606613;14.05.2019 15:23:41;405
636934370212231483;14.05.2019 15:23:41;406
636934370212700399;14.05.2019 15:23:41;405
636934370213170020;14.05.2019 15:23:41;406
636934370213638702;14.05.2019 15:23:41;405
636934370214262553;14.05.2019 15:23:41;405
636934370214732152;14.05.2019 15:23:41;405
636934370215200746;14.05.2019 15:23:41;405
636934370215669362;14.05.2019 15:23:41;405
636934370216138006;14.05.2019 15:23:41;405
636934370216761970;14.05.2019 15:23:41;406
636934370217230655;14.05.2019 15:23:41;405
636934370217700144;14.05.2019 15:23:41;407
636934370218168776;14.05.2019 15:23:41;406
636934370218637464;14.05.2019 15:23:41;406
636934370219261373;14.05.2019 15:23:41;405
636934370219731241;14.05.2019 15:23:41;406
636934370220200793;14.05.2019 15:23:42;406
636934370220669459;14.05.2019 15:23:42;406
636934370221294277;14.05.2019 15:23:42;406
636934370221762036;14.05.2019 15:23:42;407
636934370222231794;14.05.2019 15:23:42;406
636934370222700454;14.05.2019 15:23:42;407
636934370223169976;14.05.2019 15:23:42;406
636934370223794846;14.05.2019 15:23:42;407
636934370224262833;14.05.2019 15:23:42;406
636934370224732111;14.05.2019 15:23:42;406
636934370225200752;14.05.2019 15:23:42;406
636934370225669451;14.05.2019 15:23:42;406
636934370226294246;14.05.2019 15:23:42;408
636934370226763244;14.05.2019 15:23:42;407
636934370227233190;14.05.2019 15:23:42;407
636934370227858955;14.05.2019 15:23:42;407
636934370228327984;14.05.2019 15:23:42;407
636934370228797597;14.05.2019 15:23:42;406
636934370229265504;14.05.2019 15:23:42;407
636934370229734823;14.05.2019 15:23:42;406
636934370230359663;14.05.2019 15:23:43;407
636934370230828351;14.05.2019 15:23:43;407
636934370231297324;14.05.2019 15:23:43;407
636934370231766885;14.05.2019 15:23:43;407
636934370232235542;14.05.2019 15:23:43;407
636934370232859631;14.05.2019 15:23:43;407
636934370233329123;14.05.2019 15:23:43;407
636934370233797713;14.05.2019 15:23:43;407
636934370234266360;14.05.2019 15:23:43;407
636934370234735042;14.05.2019 15:23:43;408
636934370235359009;14.05.2019 15:23:43;408
636934370235828498;14.05.2019 15:23:43;408
636934370236297094;14.05.2019 15:23:43;408
636934370236765771;14.05.2019 15:23:43;408
636934370237390674;14.05.2019 15:23:43;408
636934370237858307;14.05.2019 15:23:43;408
636934370238327948;14.05.2019 15:23:43;407
636934370238795588;14.05.2019 15:23:43;408
636934370239265537;14.05.2019 15:23:43;408
636934370239891305;14.05.2019 15:23:43;408
636934370240360411;14.05.2019 15:23:44;408
636934370240830027;14.05.2019 15:23:44;408
636934370241300145;14.05.2019 15:23:44;409
636934370241769683;14.05.2019 15:23:44;408
636934370242394772;14.05.2019 15:23:44;408
636934370242863432;14.05.2019 15:23:44;409
636934370243333007;14.05.2019 15:23:44;408
636934370243956927;14.05.2019 15:23:44;408
636934370244426451;14.05.2019 15:23:44;408
636934370244895112;14.05.2019 15:23:44;408
636934370245363733;14.05.2019 15:23:44;408
636934370245832462;14.05.2019 15:23:44;409
636934370246456654;14.05.2019 15:23:44;408
636934370246925923;14.05.2019 15:23:44;408
636934370247394526;14.05.2019 15:23:44;408
636934370247863144;14.05.2019 15:23:44;408
636934370248331788;14.05.2019 15:23:44;408
636934370248955755;14.05.2019 15:23:44;408
636934370249425299;14.05.2019 15:23:44;408
636934370249893964;14.05.2019 15:23:44;409
636934370250362600;14.05.2019 15:23:45;409
636934370250987999;14.05.2019 15:23:45;409
636934370251456637;14.05.2019 15:23:45;410
636934370251926228;14.05.2019 15:23:45;409
636934370252396241;14.05.2019 15:23:45;409
636934370252864937;14.05.2019 15:23:45;409
636934370253489782;14.05.2019 15:23:45;410
636934370253957561;14.05.2019 15:23:45;409
636934370254427030;14.05.2019 15:23:45;409
636934370254895583;14.05.2019 15:23:45;409
636934370255364692;14.05.2019 15:23:45;409
636934370255991759;14.05.2019 15:23:45;410
636934370256459516;14.05.2019 15:23:45;409
636934370256929038;14.05.2019 15:23:45;409
636934370257397997;14.05.2019 15:23:45;409
636934370258023831;14.05.2019 15:23:45;409
636934370258492469;14.05.2019 15:23:45;410
636934370258960149;14.05.2019 15:23:45;409
636934370259429219;14.05.2019 15:23:45;409
636934370260055721;14.05.2019 15:23:46;409
636934370260524949;14.05.2019 15:23:46;409
636934370260993903;14.05.2019 15:23:46;410
636934370261461871;14.05.2019 15:23:46;410
636934370261931531;14.05.2019 15:23:46;409
636934370262401075;14.05.2019 15:23:46;410
636934370263026729;14.05.2019 15:23:46;410
636934370263497855;14.05.2019 15:23:46;411
636934370263966513;14.05.2019 15:23:46;410
636934370264436035;14.05.2019 15:23:46;410
636934370265060243;14.05.2019 15:23:46;410
636934370265531441;14.05.2019 15:23:46;410
636934370266000943;14.05.2019 15:23:46;410
636934370266468742;14.05.2019 15:23:46;410
636934370267094474;14.05.2019 15:23:46;410
636934370267563120;14.05.2019 15:23:46;410
636934370268031301;14.05.2019 15:23:46;410
636934370268501704;14.05.2019 15:23:46;411
636934370269007395;14.05.2019 15:23:46;410
636934370269476923;14.05.2019 15:23:46;411
636934370269945888;14.05.2019 15:23:46;411
636934370270571736;14.05.2019 15:23:47;411
636934370271040285;14.05.2019 15:23:47;411
636934370271508929;14.05.2019 15:23:47;411
636934370272133785;14.05.2019 15:23:47;410
636934370272602420;14.05.2019 15:23:47;411
636934370273071103;14.05.2019 15:23:47;410
636934370273539741;14.05.2019 15:23:47;411
636934370274008404;14.05.2019 15:23:47;411
636934370274633238;14.05.2019 15:23:47;411
636934370275100948;14.05.2019 15:23:47;412
636934370275570882;14.05.2019 15:23:47;411
636934370276040438;14.05.2019 15:23:47;411
636934370276509394;14.05.2019 15:23:47;412
636934370277135137;14.05.2019 15:23:47;411
636934370277605285;14.05.2019 15:23:47;411
636934370278074918;14.05.2019 15:23:47;411
636934370278542586;14.05.2019 15:23:47;411
636934370279168639;14.05.2019 15:23:47;411
636934370279637291;14.05.2019 15:23:47;411
636934370280106827;14.05.2019 15:23:48;412
636934370280575756;14.05.2019 15:23:48;411
636934370281045319;14.05.2019 15:23:48;411
636934370281671677;14.05.2019 15:23:48;412
636934370282140371;14.05.2019 15:23:48;412
636934370282610109;14.05.2019 15:23:48;412
636934370283080005;14.05.2019 15:23:48;413
636934370283549515;14.05.2019 15:23:48;411
636934370284174399;14.05.2019 15:23:48;411
636934370284643046;14.05.2019 15:23:48;413
636934370285111684;14.05.2019 15:23:48;412
636934370285580117;14.05.2019 15:23:48;411
636934370286049001;14.05.2019 15:23:48;411
636934370286675046;14.05.2019 15:23:48;412
636934370287143687;14.05.2019 15:23:48;412
636934370287612680;14.05.2019 15:23:48;411
636934370288082263;14.05.2019 15:23:48;412
636934370288707086;14.05.2019 15:23:48;412
636934370289175757;14.05.2019 15:23:48;412
636934370289644412;14.05.2019 15:23:48;413
636934370290113044;14.05.2019 15:23:49;412
636934370290581638;14.05.2019 15:23:49;412
636934370291206500;14.05.2019 15:23:49;412
636934370291675138;14.05.2019 15:23:49;412
636934370292143778;14.05.2019 15:23:49;412
636934370292612458;14.05.2019 15:23:49;412
636934370293081099;14.05.2019 15:23:49;412
636934370293705963;14.05.2019 15:23:49;412
636934370294173665;14.05.2019 15:23:49;412
636934370294643242;14.05.2019 15:23:49;413
636934370295268049;14.05.2019 15:23:49;412
636934370295736077;14.05.2019 15:23:49;413
636934370296205632;14.05.2019 15:23:49;414
636934370296674284;14.05.2019 15:23:49;413
636934370297142906;14.05.2019 15:23:49;413
636934370297767759;14.05.2019 15:23:49;413
636934370298237170;14.05.2019 15:23:49;413
636934370298707116;14.05.2019 15:23:49;413
636934370299176649;14.05.2019 15:23:49;413
636934370299645561;14.05.2019 15:23:49;413
636934370300271390;14.05.2019 15:23:50;413
636934370300740300;14.05.2019 15:23:50;413
636934370301209857;14.05.2019 15:23:50;414
636934370301678809;14.05.2019 15:23:50;413
636934370302305009;14.05.2019 15:23:50;413
636934370302774730;14.05.2019 15:23:50;414
636934370303244280;14.05.2019 15:23:50;413
636934370303712920;14.05.2019 15:23:50;414
636934370304180669;14.05.2019 15:23:50;414
636934370304806445;14.05.2019 15:23:50;414
636934370305274163;14.05.2019 15:23:50;414
636934370305743727;14.05.2019 15:23:50;413
636934370306212368;14.05.2019 15:23:50;414
636934370306681031;14.05.2019 15:23:50;413
636934370307305873;14.05.2019 15:23:50;413
636934370307774511;14.05.2019 15:23:50;413
636934370308243227;14.05.2019 15:23:50;413
636934370308711862;14.05.2019 15:23:50;413
636934370309335721;14.05.2019 15:23:50;415
636934370309805362;14.05.2019 15:23:50;413
636934370310274066;14.05.2019 15:23:51;413
636934370310742655;14.05.2019 15:23:51;415
636934370311367497;14.05.2019 15:23:51;414
636934370311836152;14.05.2019 15:23:51;413
636934370312304770;14.05.2019 15:23:51;413
636934370312773733;14.05.2019 15:23:51;413
636934370313243321;14.05.2019 15:23:51;414
636934370313868174;14.05.2019 15:23:51;413
636934370314337217;14.05.2019 15:23:51;414
636934370314806977;14.05.2019 15:23:51;414
636934370315275637;14.05.2019 15:23:51;414
636934370315744256;14.05.2019 15:23:51;415
636934370316369112;14.05.2019 15:23:51;414
636934370316837748;14.05.2019 15:23:51;414
636934370317306391;14.05.2019 15:23:51;414
636934370317775046;14.05.2019 15:23:51;414
636934370318399885;14.05.2019 15:23:51;414
636934370318868147;14.05.2019 15:23:51;414
636934370319337167;14.05.2019 15:23:51;414
636934370319805805;14.05.2019 15:23:51;414
636934370320429839;14.05.2019 15:23:52;414
636934370320899313;14.05.2019 15:23:52;415
636934370321367938;14.05.2019 15:23:52;414
636934370321836581;14.05.2019 15:23:52;414
636934370322305225;14.05.2019 15:23:52;415
636934370322929142;14.05.2019 15:23:52;414
636934370323398714;14.05.2019 15:23:52;414
636934370323867352;14.05.2019 15:23:52;415
636934370324335995;14.05.2019 15:23:52;414
636934370324804639;14.05.2019 15:23:52;415
636934370325428567;14.05.2019 15:23:52;414
636934370325898144;14.05.2019 15:23:52;414
636934370326366768;14.05.2019 15:23:52;414
636934370326835429;14.05.2019 15:23:52;415
636934370327460260;14.05.2019 15:23:52;415
636934370327927978;14.05.2019 15:23:52;415
636934370328397641;14.05.2019 15:23:52;415
636934370328866263;14.05.2019 15:23:52;416
636934370329334178;14.05.2019 15:23:52;414
636934370329959674;14.05.2019 15:23:52;415
636934370330428318;14.05.2019 15:23:53;414
636934370330896969;14.05.2019 15:23:53;414
636934370331365596;14.05.2019 15:23:53;413
636934370331834234;14.05.2019 15:23:53;412
636934370332459124;14.05.2019 15:23:53;412
636934370332927729;14.05.2019 15:23:53;411
636934370333396375;14.05.2019 15:23:53;409
636934370334021220;14.05.2019 15:23:53;408
636934370334491377;14.05.2019 15:23:53;407
636934370334960336;14.05.2019 15:23:53;405
636934370335430592;14.05.2019 15:23:53;405
636934370335900158;14.05.2019 15:23:53;402
636934370336524358;14.05.2019 15:23:53;400
636934370336994955;14.05.2019 15:23:53;398
636934370337463579;14.05.2019 15:23:53;395
636934370337932217;14.05.2019 15:23:53;392
636934370338401215;14.05.2019 15:23:53;389
636934370338870829;14.05.2019 15:23:53;386
636934370339495923;14.05.2019 15:23:53;383
636934370339965492;14.05.2019 15:23:53;380
636934370340434144;14.05.2019 15:23:54;376
636934370341059297;14.05.2019 15:23:54;373
636934370341527957;14.05.2019 15:23:54;370
636934370341997523;14.05.2019 15:23:54;365
636934370342465236;14.05.2019 15:23:54;361
636934370342934821;14.05.2019 15:23:54;357
636934370343559683;14.05.2019 15:23:54;352
636934370344028321;14.05.2019 15:23:54;347
636934370344496901;14.05.2019 15:23:54;343
636934370344965586;14.05.2019 15:23:54;338
636934370345434216;14.05.2019 15:23:54;333
636934370346059067;14.05.2019 15:23:54;328
636934370346527708;14.05.2019 15:23:54;323
636934370346996343;14.05.2019 15:23:54;317
636934370347465011;14.05.2019 15:23:54;311
636934370348089815;14.05.2019 15:23:54;305
636934370348559669;14.05.2019 15:23:54;300
636934370349027421;14.05.2019 15:23:54;293
636934370349497403;14.05.2019 15:23:54;287
636934370349968534;14.05.2019 15:23:54;280
636934370350594684;14.05.2019 15:23:55;274
636934370351064226;14.05.2019 15:23:55;269
636934370351532947;14.05.2019 15:23:55;263
636934370352001867;14.05.2019 15:23:55;258
636934370352471489;14.05.2019 15:23:55;253
636934370353097985;14.05.2019 15:23:55;250
636934370353568122;14.05.2019 15:23:55;247
636934370354038040;14.05.2019 15:23:55;243
636934370354507587;14.05.2019 15:23:55;242
636934370355132441;14.05.2019 15:23:55;238
636934370355602564;14.05.2019 15:23:55;235
636934370356071205;14.05.2019 15:23:55;231
636934370356539314;14.05.2019 15:23:55;227
636934370357164696;14.05.2019 15:23:55;225
636934370357633911;14.05.2019 15:23:55;222
636934370358103491;14.05.2019 15:23:55;220
636934370358573639;14.05.2019 15:23:55;218
636934370359043180;14.05.2019 15:23:55;217
636934370359667150;14.05.2019 15:23:55;215
636934370360136674;14.05.2019 15:23:56;212
636934370360605312;14.05.2019 15:23:56;210
636934370361073972;14.05.2019 15:23:56;206
636934370361542591;14.05.2019 15:23:56;204
636934370362011232;14.05.2019 15:23:56;203
636934370362636130;14.05.2019 15:23:56;201
636934370363104768;14.05.2019 15:23:56;200
636934370363573694;14.05.2019 15:23:56;199
636934370364201157;14.05.2019 15:23:56;198
636934370364670042;14.05.2019 15:23:56;197
636934370365139583;14.05.2019 15:23:56;196
636934370365608191;14.05.2019 15:23:56;196
636934370366076028;14.05.2019 15:23:56;195
636934370366700837;14.05.2019 15:23:56;195
636934370367172066;14.05.2019 15:23:56;195
636934370367641721;14.05.2019 15:23:56;194
636934370368110337;14.05.2019 15:23:56;194
636934370368578368;14.05.2019 15:23:56;194
636934370369204690;14.05.2019 15:23:56;193
636934370369674763;14.05.2019 15:23:56;193
636934370370144867;14.05.2019 15:23:57;193
636934370370614710;14.05.2019 15:23:57;194
636934370371240777;14.05.2019 15:23:57;195
636934370371709728;14.05.2019 15:23:57;195
636934370372178984;14.05.2019 15:23:57;196
636934370372649498;14.05.2019 15:23:57;196
636934370373120366;14.05.2019 15:23:57;196
636934370373746511;14.05.2019 15:23:57;198
636934370374215157;14.05.2019 15:23:57;197
636934370374683762;14.05.2019 15:23:57;198
636934370375152394;14.05.2019 15:23:57;199
636934370375621412;14.05.2019 15:23:57;198
636934370376248795;14.05.2019 15:23:57;198
636934370376718297;14.05.2019 15:23:57;199
636934370377186974;14.05.2019 15:23:57;200
636934370377655657;14.05.2019 15:23:57;202
636934370378280798;14.05.2019 15:23:57;202
636934370378750376;14.05.2019 15:23:57;203
636934370379219025;14.05.2019 15:23:57;203
636934370379687660;14.05.2019 15:23:57;204
636934370380156304;14.05.2019 15:23:58;203
636934370380780428;14.05.2019 15:23:58;209
636934370381250089;14.05.2019 15:23:58;213
636934370381719641;14.05.2019 15:23:58;213
636934370382188271;14.05.2019 15:23:58;209
636934370382657244;14.05.2019 15:23:58;198
636934370383283042;14.05.2019 15:23:58;188
636934370383751689;14.05.2019 15:23:58;175
636934370384220385;14.05.2019 15:23:58;164
636934370384688918;14.05.2019 15:23:58;157
636934370385312890;14.05.2019 15:23:58;156
636934370385784108;14.05.2019 15:23:58;170
636934370386255098;14.05.2019 15:23:58;185
636934370386723969;14.05.2019 15:23:58;183
636934370387351008;14.05.2019 15:23:58;183
636934370387819959;14.05.2019 15:23:58;187
636934370388289573;14.05.2019 15:23:58;165
636934370388758272;14.05.2019 15:23:58;172
636934370389226913;14.05.2019 15:23:58;187
636934370389851794;14.05.2019 15:23:58;190
636934370390320401;14.05.2019 15:23:59;208
636934370390789039;14.05.2019 15:23:59;198
636934370391257966;14.05.2019 15:23:59;170
636934370391727631;14.05.2019 15:23:59;151
636934370392352144;14.05.2019 15:23:59;141
636934370392822530;14.05.2019 15:23:59;134
636934370393292759;14.05.2019 15:23:59;131
636934370393763674;14.05.2019 15:23:59;129
636934370394388888;14.05.2019 15:23:59;128
636934370394858859;14.05.2019 15:23:59;145
636934370395328827;14.05.2019 15:23:59;138
636934370395800111;14.05.2019 15:23:59;134
636934370396270031;14.05.2019 15:23:59;199
636934370396897506;14.05.2019 15:23:59;204
636934370397367086;14.05.2019 15:23:59;195
636934370397837370;14.05.2019 15:23:59;183
636934370398307307;14.05.2019 15:23:59;170
636934370398776832;14.05.2019 15:23:59;153
636934370399401026;14.05.2019 15:23:59;144
636934370399870329;14.05.2019 15:23:59;138
636934370400340801;14.05.2019 15:24:00;135
636934370400810871;14.05.2019 15:24:00;135
636934370401436706;14.05.2019 15:24:00;138
636934370401905662;14.05.2019 15:24:00;141
636934370402375539;14.05.2019 15:24:00;143
636934370402845155;14.05.2019 15:24:00;144
636934370403313738;14.05.2019 15:24:00;145
636934370403938954;14.05.2019 15:24:00;146
636934370404408678;14.05.2019 15:24:00;148
636934370404877236;14.05.2019 15:24:00;147
636934370405346090;14.05.2019 15:24:00;147
636934370405816008;14.05.2019 15:24:00;146
636934370406442075;14.05.2019 15:24:00;146
636934370406911929;14.05.2019 15:24:00;147
636934370407381509;14.05.2019 15:24:00;149
636934370407850111;14.05.2019 15:24:00;152
636934370408475112;14.05.2019 15:24:00;153
636934370408942722;14.05.2019 15:24:00;154
636934370409412371;14.05.2019 15:24:00;156
636934370409880957;14.05.2019 15:24:00;156
636934370410349539;14.05.2019 15:24:01;156
636934370410974376;14.05.2019 15:24:01;157
636934370411442421;14.05.2019 15:24:01;155
636934370411911752;14.05.2019 15:24:01;153
636934370412380340;14.05.2019 15:24:01;151
636934370412849314;14.05.2019 15:24:01;148
636934370413475112;14.05.2019 15:24:01;146
636934370413943769;14.05.2019 15:24:01;145
636934370414412441;14.05.2019 15:24:01;172
636934370414881073;14.05.2019 15:24:01;230
636934370415505891;14.05.2019 15:24:01;261
636934370415974534;14.05.2019 15:24:01;273
636934370416443219;14.05.2019 15:24:01;282
636934370416911807;14.05.2019 15:24:01;283
636934370417536664;14.05.2019 15:24:01;262
636934370418005346;14.05.2019 15:24:01;251
636934370418475206;14.05.2019 15:24:01;249
636934370418943888;14.05.2019 15:24:01;242
636934370419412754;14.05.2019 15:24:01;242
636934370420039821;14.05.2019 15:24:02;239
636934370420508426;14.05.2019 15:24:02;240
636934370420977460;14.05.2019 15:24:02;241
636934370421446040;14.05.2019 15:24:02;234
636934370421915919;14.05.2019 15:24:02;221
636934370422540800;14.05.2019 15:24:02;219
636934370423011998;14.05.2019 15:24:02;219
636934370423481512;14.05.2019 15:24:02;221
636934370423949299;14.05.2019 15:24:02;219
636934370424575014;14.05.2019 15:24:02;220
636934370425044836;14.05.2019 15:24:02;218
636934370425513764;14.05.2019 15:24:02;216
636934370425982646;14.05.2019 15:24:02;214
636934370426451282;14.05.2019 15:24:02;213
636934370427076797;14.05.2019 15:24:02;212
636934370427545491;14.05.2019 15:24:02;213
636934370428014157;14.05.2019 15:24:02;218
636934370428482767;14.05.2019 15:24:02;221
636934370428951408;14.05.2019 15:24:02;224
636934370429576220;14.05.2019 15:24:02;221
636934370430044855;14.05.2019 15:24:03;222
636934370430513546;14.05.2019 15:24:03;224
636934370430982175;14.05.2019 15:24:03;229
636934370431606103;14.05.2019 15:24:03;239
636934370432075670;14.05.2019 15:24:03;245
636934370432544272;14.05.2019 15:24:03;253
636934370433012932;14.05.2019 15:24:03;255
636934370433637808;14.05.2019 15:24:03;257
636934370434106440;14.05.2019 15:24:03;258
636934370434575086;14.05.2019 15:24:03;259
636934370435043722;14.05.2019 15:24:03;259
636934370435512363;14.05.2019 15:24:03;257
636934370436136845;14.05.2019 15:24:03;260
636934370436605857;14.05.2019 15:24:03;259
636934370437073844;14.05.2019 15:24:03;262
636934370437543100;14.05.2019 15:24:03;265
636934370438011760;14.05.2019 15:24:03;264
636934370438635710;14.05.2019 15:24:03;264
636934370439105276;14.05.2019 15:24:03;266
636934370439573915;14.05.2019 15:24:03;267
636934370440042553;14.05.2019 15:24:04;266
636934370440667403;14.05.2019 15:24:04;265
636934370441135155;14.05.2019 15:24:04;266
636934370441604715;14.05.2019 15:24:04;266
636934370442073329;14.05.2019 15:24:04;261
636934370442541967;14.05.2019 15:24:04;248
636934370443166817;14.05.2019 15:24:04;238
636934370443635464;14.05.2019 15:24:04;242
636934370444104490;14.05.2019 15:24:04;243
636934370444574031;14.05.2019 15:24:04;246
636934370445043098;14.05.2019 15:24:04;249
636934370445667971;14.05.2019 15:24:04;250
636934370446137504;14.05.2019 15:24:04;249
636934370446606209;14.05.2019 15:24:04;254
636934370447231026;14.05.2019 15:24:04;250
636934370447699675;14.05.2019 15:24:04;244
636934370448169643;14.05.2019 15:24:04;245
636934370448638284;14.05.2019 15:24:04;249
636934370449107260;14.05.2019 15:24:04;251
636934370449733064;14.05.2019 15:24:04;242
636934370450202032;14.05.2019 15:24:05;240
636934370450671648;14.05.2019 15:24:05;234
636934370451139671;14.05.2019 15:24:05;232
636934370451608954;14.05.2019 15:24:05;241
636934370452233517;14.05.2019 15:24:05;246
636934370452703748;14.05.2019 15:24:05;236
636934370453172392;14.05.2019 15:24:05;229
636934370453642648;14.05.2019 15:24:05;226
636934370454268404;14.05.2019 15:24:05;226
636934370454736159;14.05.2019 15:24:05;236
636934370455205694;14.05.2019 15:24:05;244
636934370455675485;14.05.2019 15:24:05;249
636934370456143588;14.05.2019 15:24:05;243
636934370456769320;14.05.2019 15:24:05;238
636934370457238227;14.05.2019 15:24:05;239
636934370457708469;14.05.2019 15:24:05;240
636934370458178010;14.05.2019 15:24:05;239
636934370458646056;14.05.2019 15:24:05;245
636934370459273480;14.05.2019 15:24:05;253
636934370459742138;14.05.2019 15:24:05;250
636934370460213106;14.05.2019 15:24:06;265
636934370460682644;14.05.2019 15:24:06;269
636934370461309199;14.05.2019 15:24:06;272
636934370461777853;14.05.2019 15:24:06;277
636934370462249096;14.05.2019 15:24:06;277
636934370462718637;14.05.2019 15:24:06;278
636934370463186394;14.05.2019 15:24:06;277
636934370463812167;14.05.2019 15:24:06;276
636934370464279888;14.05.2019 15:24:06;278
636934370464749876;14.05.2019 15:24:06;280
636934370465219786;14.05.2019 15:24:06;282
636934370465689615;14.05.2019 15:24:06;282
636934370466315385;14.05.2019 15:24:06;284
636934370466783129;14.05.2019 15:24:06;285
636934370467252664;14.05.2019 15:24:06;284
636934370467721538;14.05.2019 15:24:06;280
636934370468347306;14.05.2019 15:24:06;276
636934370468815938;14.05.2019 15:24:06;270
636934370469284864;14.05.2019 15:24:06;266
636934370469754417;14.05.2019 15:24:06;263
636934370470378378;14.05.2019 15:24:07;262
636934370470847955;14.05.2019 15:24:07;262
636934370471315657;14.05.2019 15:24:07;264
636934370471785232;14.05.2019 15:24:07;266
636934370472253875;14.05.2019 15:24:07;267
636934370472877800;14.05.2019 15:24:07;269
636934370473347367;14.05.2019 15:24:07;272
636934370473816035;14.05.2019 15:24:07;280
636934370474284646;14.05.2019 15:24:07;287
636934370474753309;14.05.2019 15:24:07;289
636934370475377214;14.05.2019 15:24:07;290
636934370475846778;14.05.2019 15:24:07;289
636934370476315419;14.05.2019 15:24:07;284
636934370476784057;14.05.2019 15:24:07;280
636934370477408941;14.05.2019 15:24:07;283
636934370477876620;14.05.2019 15:24:07;283
636934370478346200;14.05.2019 15:24:07;283
636934370478813902;14.05.2019 15:24:07;282
636934370479282545;14.05.2019 15:24:07;281
636934370479908319;14.05.2019 15:24:07;278
636934370480377256;14.05.2019 15:24:08;271
636934370480846795;14.05.2019 15:24:08;268
636934370481314565;14.05.2019 15:24:08;265
636934370481784514;14.05.2019 15:24:08;260
636934370482410814;14.05.2019 15:24:08;258
636934370482880604;14.05.2019 15:24:08;255
636934370483350525;14.05.2019 15:24:08;254
636934370483819183;14.05.2019 15:24:08;254
636934370484446280;14.05.2019 15:24:08;249
636934370484914929;14.05.2019 15:24:08;248
636934370485383567;14.05.2019 15:24:08;243
636934370485851363;14.05.2019 15:24:08;241
636934370486476172;14.05.2019 15:24:08;239
636934370486944810;14.05.2019 15:24:08;239
636934370487414690;14.05.2019 15:24:08;237
636934370487884306;14.05.2019 15:24:08;238
636934370488352880;14.05.2019 15:24:08;238
636934370488820970;14.05.2019 15:24:08;241
636934370489446441;14.05.2019 15:24:08;243
636934370489915082;14.05.2019 15:24:08;242
636934370490383720;14.05.2019 15:24:09;241
636934370490852408;14.05.2019 15:24:09;240
636934370491476566;14.05.2019 15:24:09;239
636934370491945908;14.05.2019 15:24:09;237
636934370492414543;14.05.2019 15:24:09;237
636934370492883184;14.05.2019 15:24:09;236
636934370493507993;14.05.2019 15:24:09;235
636934370493975966;14.05.2019 15:24:09;233
636934370494445563;14.05.2019 15:24:09;231
636934370494914566;14.05.2019 15:24:09;229
636934370495384155;14.05.2019 15:24:09;229
636934370496009008;14.05.2019 15:24:09;230
636934370496477990;14.05.2019 15:24:09;230
636934370496946650;14.05.2019 15:24:09;231
636934370497416177;14.05.2019 15:24:09;232
636934370497883932;14.05.2019 15:24:09;231
636934370498508780;14.05.2019 15:24:09;230
636934370498978315;14.05.2019 15:24:09;231
636934370499446956;14.05.2019 15:24:09;229
636934370500071813;14.05.2019 15:24:10;229
636934370500540844;14.05.2019 15:24:10;230
636934370501010435;14.05.2019 15:24:10;229
636934370501479117;14.05.2019 15:24:10;229
636934370501947756;14.05.2019 15:24:10;228
636934370502571703;14.05.2019 15:24:10;228
636934370503041527;14.05.2019 15:24:10;230
636934370503510187;14.05.2019 15:24:10;230
636934370503979726;14.05.2019 15:24:10;230
636934370504448358;14.05.2019 15:24:10;232
636934370504916999;14.05.2019 15:24:10;233
636934370505541836;14.05.2019 15:24:10;234
636934370506010227;14.05.2019 15:24:10;233
636934370506479813;14.05.2019 15:24:10;233
636934370506948484;14.05.2019 15:24:10;233
636934370507573820;14.05.2019 15:24:10;231
636934370508044763;14.05.2019 15:24:10;233
636934370508512697;14.05.2019 15:24:10;233
636934370508981997;14.05.2019 15:24:10;232
636934370509608209;14.05.2019 15:24:10;233
636934370510077143;14.05.2019 15:24:11;233
636934370510545795;14.05.2019 15:24:11;234
636934370511014788;14.05.2019 15:24:11;235
636934370511484035;14.05.2019 15:24:11;235
636934370512108844;14.05.2019 15:24:11;237
636934370512577502;14.05.2019 15:24:11;236
636934370513046101;14.05.2019 15:24:11;235
636934370513514083;14.05.2019 15:24:11;235
636934370513983380;14.05.2019 15:24:11;235
636934370514608267;14.05.2019 15:24:11;235
636934370515076872;14.05.2019 15:24:11;236
636934370515545529;14.05.2019 15:24:11;236
636934370516169726;14.05.2019 15:24:11;235
636934370516639015;14.05.2019 15:24:11;235
636934370517107670;14.05.2019 15:24:11;236
636934370517576286;14.05.2019 15:24:11;235
636934370518044494;14.05.2019 15:24:11;235
636934370518669375;14.05.2019 15:24:11;236
636934370519139363;14.05.2019 15:24:11;235
636934370519610480;14.05.2019 15:24:11;235
636934370520081421;14.05.2019 15:24:12;236
636934370520550073;14.05.2019 15:24:12;236
636934370521017791;14.05.2019 15:24:12;237
636934370521643844;14.05.2019 15:24:12;236
636934370522113383;14.05.2019 15:24:12;237
636934370522582035;14.05.2019 15:24:12;238
636934370523206932;14.05.2019 15:24:12;240
636934370523675842;14.05.2019 15:24:12;242
636934370524145674;14.05.2019 15:24:12;242
636934370524615213;14.05.2019 15:24:12;243
636934370525084200;14.05.2019 15:24:12;243
636934370525711513;14.05.2019 15:24:12;244
636934370526180243;14.05.2019 15:24:12;245
636934370526649787;14.05.2019 15:24:12;245
636934370527118431;14.05.2019 15:24:12;245
636934370527586182;14.05.2019 15:24:12;245
636934370528211750;14.05.2019 15:24:12;246
636934370528680585;14.05.2019 15:24:12;246
636934370529149550;14.05.2019 15:24:12;248
636934370529619097;14.05.2019 15:24:12;247
636934370530245538;14.05.2019 15:24:13;248
636934370530715384;14.05.2019 15:24:13;248
636934370531185136;14.05.2019 15:24:13;248
636934370531654924;14.05.2019 15:24:13;248
636934370532125980;14.05.2019 15:24:13;249
636934370532753413;14.05.2019 15:24:13;249
636934370533222927;14.05.2019 15:24:13;249
636934370533691235;14.05.2019 15:24:13;250
636934370534160267;14.05.2019 15:24:13;250
636934370534627993;14.05.2019 15:24:13;251
636934370535253739;14.05.2019 15:24:13;250
636934370535721837;14.05.2019 15:24:13;251
636934370536191378;14.05.2019 15:24:13;251
636934370536660033;14.05.2019 15:24:13;251
636934370537286130;14.05.2019 15:24:13;251
636934370537755325;14.05.2019 15:24:13;251
636934370538224046;14.05.2019 15:24:13;252
636934370538693596;14.05.2019 15:24:13;251
636934370539162522;14.05.2019 15:24:13;252
636934370539788622;14.05.2019 15:24:13;252
636934370540257590;14.05.2019 15:24:14;252
636934370540726926;14.05.2019 15:24:14;252
636934370541195575;14.05.2019 15:24:14;254
636934370541664169;14.05.2019 15:24:14;253
636934370542290222;14.05.2019 15:24:14;254
636934370542758877;14.05.2019 15:24:14;254
636934370543228914;14.05.2019 15:24:14;254
636934370543697599;14.05.2019 15:24:14;254
636934370544323638;14.05.2019 15:24:14;254
636934370544792268;14.05.2019 15:24:14;254
636934370545261147;14.05.2019 15:24:14;255
636934370545731002;14.05.2019 15:24:14;255
636934370546200875;14.05.2019 15:24:14;256
636934370546826651;14.05.2019 15:24:14;256
636934370547295633;14.05.2019 15:24:14;256
636934370547766632;14.05.2019 15:24:14;257
636934370548236184;14.05.2019 15:24:14;256
636934370548703935;14.05.2019 15:24:14;256
636934370549329664;14.05.2019 15:24:14;257
636934370549799873;14.05.2019 15:24:14;256
636934370550269664;14.05.2019 15:24:15;257
636934370550739543;14.05.2019 15:24:15;256
636934370551364427;14.05.2019 15:24:15;257
636934370551835514;14.05.2019 15:24:15;257
636934370552305053;14.05.2019 15:24:15;257
636934370552773935;14.05.2019 15:24:15;258
636934370553400246;14.05.2019 15:24:15;259
636934370553869859;14.05.2019 15:24:15;259
636934370554339716;14.05.2019 15:24:15;259
636934370554808354;14.05.2019 15:24:15;260
636934370555277283;14.05.2019 15:24:15;260
636934370555747143;14.05.2019 15:24:15;260
636934370556372916;14.05.2019 15:24:15;260
636934370556841549;14.05.2019 15:24:15;260
636934370557310231;14.05.2019 15:24:15;260
636934370557779252;14.05.2019 15:24:15;260
636934370558404124;14.05.2019 15:24:15;260
636934370558873724;14.05.2019 15:24:15;260
636934370559342617;14.05.2019 15:24:15;260
636934370559812432;14.05.2019 15:24:15;261
636934370560438294;14.05.2019 15:24:16;261
636934370560906877;14.05.2019 15:24:16;260
636934370561375543;14.05.2019 15:24:16;261
636934370561844450;14.05.2019 15:24:16;261
636934370562314370;14.05.2019 15:24:16;262
636934370562940465;14.05.2019 15:24:16;261
636934370563410017;14.05.2019 15:24:16;261
636934370563878697;14.05.2019 15:24:16;260
636934370564347366;14.05.2019 15:24:16;260
636934370564816267;14.05.2019 15:24:16;259
636934370565442062;14.05.2019 15:24:16;259
636934370565910703;14.05.2019 15:24:16;259
636934370566379358;14.05.2019 15:24:16;258
636934370566847985;14.05.2019 15:24:16;258
636934370567472836;14.05.2019 15:24:16;259
636934370567940978;14.05.2019 15:24:16;258
636934370568410563;14.05.2019 15:24:16;258
636934370568879157;14.05.2019 15:24:16;259
636934370569347230;14.05.2019 15:24:16;258
636934370569974427;14.05.2019 15:24:16;258
636934370570442165;14.05.2019 15:24:17;258
636934370570912224;14.05.2019 15:24:17;258
636934370571381707;14.05.2019 15:24:17;259
636934370571850725;14.05.2019 15:24:17;259
636934370572476484;14.05.2019 15:24:17;260
636934370572945513;14.05.2019 15:24:17;260
636934370573415079;14.05.2019 15:24:17;260
636934370573883942;14.05.2019 15:24:17;261
636934370574509718;14.05.2019 15:24:17;261
636934370574979558;14.05.2019 15:24:17;261
636934370575448224;14.05.2019 15:24:17;262
636934370575916843;14.05.2019 15:24:17;261
636934370576540801;14.05.2019 15:24:17;262
636934370577010570;14.05.2019 15:24:17;261
636934370577480432;14.05.2019 15:24:17;262
636934370577950226;14.05.2019 15:24:17;262
636934370578419163;14.05.2019 15:24:17;263
636934370578888411;14.05.2019 15:24:17;263
636934370579514824;14.05.2019 15:24:17;264
636934370579983487;14.05.2019 15:24:17;263
636934370580452976;14.05.2019 15:24:18;265
636934370580921669;14.05.2019 15:24:18;264
636934370581547694;14.05.2019 15:24:18;265
636934370582018023;14.05.2019 15:24:18;266
636934370582488930;14.05.2019 15:24:18;266
636934370582959006;14.05.2019 15:24:18;266
636934370583583879;14.05.2019 15:24:18;267
636934370584049810;14.05.2019 15:24:18;266
636934370584519368;14.05.2019 15:24:18;267
636934370584987986;14.05.2019 15:24:18;267
636934370585456627;14.05.2019 15:24:18;268
636934370586081447;14.05.2019 15:24:18;268
636934370586551487;14.05.2019 15:24:18;269
636934370587020120;14.05.2019 15:24:18;269
636934370587489002;14.05.2019 15:24:18;270
636934370587958867;14.05.2019 15:24:18;270
636934370588584613;14.05.2019 15:24:18;276
636934370589053605;14.05.2019 15:24:18;285
636934370589523202;14.05.2019 15:24:18;292
636934370589990901;14.05.2019 15:24:18;297
636934370590616680;14.05.2019 15:24:19;301
636934370591084398;14.05.2019 15:24:19;305
636934370591553964;14.05.2019 15:24:19;308
636934370592022600;14.05.2019 15:24:19;310
636934370592491227;14.05.2019 15:24:19;311
636934370593116138;14.05.2019 15:24:19;310
636934370593584034;14.05.2019 15:24:19;310
636934370594053855;14.05.2019 15:24:19;310
636934370594523432;14.05.2019 15:24:19;312
636934370594992018;14.05.2019 15:24:19;311
636934370595616899;14.05.2019 15:24:19;311
636934370596085531;14.05.2019 15:24:19;312
636934370596553285;14.05.2019 15:24:19;312
636934370597022824;14.05.2019 15:24:19;314
636934370597647644;14.05.2019 15:24:19;314
636934370598117806;14.05.2019 15:24:19;317
636934370598586466;14.05.2019 15:24:19;318
636934370599056567;14.05.2019 15:24:19;320
636934370599683557;14.05.2019 15:24:19;322
636934370600153999;14.05.2019 15:24:20;322
636934370600622656;14.05.2019 15:24:20;323
636934370601091297;14.05.2019 15:24:20;322
636934370601561107;14.05.2019 15:24:20;321
636934370602030656;14.05.2019 15:24:20;320
636934370602655831;14.05.2019 15:24:20;321
636934370603125403;14.05.2019 15:24:20;324
636934370603593612;14.05.2019 15:24:20;325
636934370604063139;14.05.2019 15:24:20;326
636934370604687990;14.05.2019 15:24:20;326
636934370605156633;14.05.2019 15:24:20;326
636934370605625554;14.05.2019 15:24:20;327
636934370606094696;14.05.2019 15:24:20;324
636934370606721509;14.05.2019 15:24:20;326
636934370607190100;14.05.2019 15:24:20;324
636934370607659100;14.05.2019 15:24:20;324
636934370608129816;14.05.2019 15:24:20;322
636934370608598460;14.05.2019 15:24:20;322
636934370609225006;14.05.2019 15:24:20;320
636934370609694575;14.05.2019 15:24:20;320
636934370610164757;14.05.2019 15:24:21;320
636934370610634314;14.05.2019 15:24:21;319
636934370611102060;14.05.2019 15:24:21;319
636934370611728130;14.05.2019 15:24:21;315
636934370612199093;14.05.2019 15:24:21;314
636934370612668662;14.05.2019 15:24:21;317
636934370613137283;14.05.2019 15:24:21;320
636934370613761245;14.05.2019 15:24:21;321
636934370614230124;14.05.2019 15:24:21;321
636934370614699798;14.05.2019 15:24:21;323
636934370615169600;14.05.2019 15:24:21;323
636934370615639155;14.05.2019 15:24:21;323
636934370616263113;14.05.2019 15:24:21;324
636934370616732663;14.05.2019 15:24:21;323
636934370617201276;14.05.2019 15:24:21;321
636934370617669958;14.05.2019 15:24:21;318
636934370618138602;14.05.2019 15:24:21;316
636934370618763115;14.05.2019 15:24:21;317
636934370619231537;14.05.2019 15:24:21;316
636934370619701372;14.05.2019 15:24:21;316
636934370620327200;14.05.2019 15:24:22;312
636934370620795863;14.05.2019 15:24:22;311
636934370621264485;14.05.2019 15:24:22;313
636934370621733192;14.05.2019 15:24:22;315
636934370622201808;14.05.2019 15:24:22;315
636934370622825850;14.05.2019 15:24:22;315
636934370623295488;14.05.2019 15:24:22;316
636934370623765029;14.05.2019 15:24:22;316
636934370624232797;14.05.2019 15:24:22;317
636934370624702327;14.05.2019 15:24:22;318
636934370625326272;14.05.2019 15:24:22;317
636934370625797398;14.05.2019 15:24:22;314
636934370626266948;14.05.2019 15:24:22;312
636934370626736849;14.05.2019 15:24:22;311
636934370627362961;14.05.2019 15:24:22;312
636934370627831842;14.05.2019 15:24:22;312
636934370628301386;14.05.2019 15:24:22;315
636934370628770033;14.05.2019 15:24:22;315
636934370629238690;14.05.2019 15:24:22;315
636934370629863519;14.05.2019 15:24:22;315
636934370630332165;14.05.2019 15:24:23;315
636934370630800806;14.05.2019 15:24:23;316
636934370631269450;14.05.2019 15:24:23;318
636934370631738088;14.05.2019 15:24:23;317
636934370632364515;14.05.2019 15:24:23;317
636934370632834081;14.05.2019 15:24:23;318
636934370633302691;14.05.2019 15:24:23;318
636934370633771340;14.05.2019 15:24:23;319
636934370634239976;14.05.2019 15:24:23;320
636934370634864832;14.05.2019 15:24:23;322
636934370635333467;14.05.2019 15:24:23;323
636934370635802116;14.05.2019 15:24:23;325
636934370636270793;14.05.2019 15:24:23;326
636934370636895625;14.05.2019 15:24:23;326
636934370637365634;14.05.2019 15:24:23;327
636934370637835234;14.05.2019 15:24:23;328
636934370638303317;14.05.2019 15:24:23;329
636934370638772859;14.05.2019 15:24:23;326
636934370639399685;14.05.2019 15:24:23;326
636934370639870814;14.05.2019 15:24:23;327
636934370640339626;14.05.2019 15:24:24;327
636934370640809267;14.05.2019 15:24:24;328
636934370641278811;14.05.2019 15:24:24;328
636934370641903064;14.05.2019 15:24:24;326
636934370642372597;14.05.2019 15:24:24;324
636934370642842717;14.05.2019 15:24:24;324
636934370643468474;14.05.2019 15:24:24;322
636934370643936580;14.05.2019 15:24:24;322
636934370644405761;14.05.2019 15:24:24;323
636934370644874407;14.05.2019 15:24:24;321
636934370645342150;14.05.2019 15:24:24;320
636934370645967630;14.05.2019 15:24:24;319
636934370646436545;14.05.2019 15:24:24;322
636934370646905166;14.05.2019 15:24:24;323
636934370647373810;14.05.2019 15:24:24;324
636934370647842479;14.05.2019 15:24:24;324
636934370648466407;14.05.2019 15:24:24;324
636934370648936009;14.05.2019 15:24:24;322
636934370649404625;14.05.2019 15:24:24;321
636934370649873257;14.05.2019 15:24:24;319
636934370650499286;14.05.2019 15:24:25;318
636934370650967023;14.05.2019 15:24:25;317
636934370651436925;14.05.2019 15:24:25;317
636934370651905585;14.05.2019 15:24:25;317
636934370652375129;14.05.2019 15:24:25;318
636934370652999930;14.05.2019 15:24:25;317
636934370653467720;14.05.2019 15:24:25;316
636934370653937247;14.05.2019 15:24:25;315
636934370654405927;14.05.2019 15:24:25;314
636934370654874537;14.05.2019 15:24:25;313
636934370655499424;14.05.2019 15:24:25;313
636934370655967134;14.05.2019 15:24:25;314
636934370656437199;14.05.2019 15:24:25;317
636934370656906748;14.05.2019 15:24:25;318
636934370657531948;14.05.2019 15:24:25;319
636934370658001725;14.05.2019 15:24:25;319
636934370658471308;14.05.2019 15:24:25;319
636934370658939951;14.05.2019 15:24:25;321
636934370659565869;14.05.2019 15:24:25;321
636934370660035183;14.05.2019 15:24:26;322
636934370660504777;14.05.2019 15:24:26;321
636934370660973409;14.05.2019 15:24:26;320
636934370661442056;14.05.2019 15:24:26;320
636934370662066006;14.05.2019 15:24:26;319
636934370662535611;14.05.2019 15:24:26;319
636934370663004185;14.05.2019 15:24:26;320
636934370663471895;14.05.2019 15:24:26;320
636934370663941464;14.05.2019 15:24:26;321
636934370664565390;14.05.2019 15:24:26;320
636934370665035260;14.05.2019 15:24:26;322
636934370665504893;14.05.2019 15:24:26;321
636934370665972800;14.05.2019 15:24:26;320
636934370666598357;14.05.2019 15:24:26;320
636934370667066120;14.05.2019 15:24:26;320
636934370667535628;14.05.2019 15:24:26;321
636934370668004268;14.05.2019 15:24:26;321
636934370668472244;14.05.2019 15:24:26;322
636934370669097763;14.05.2019 15:24:26;322
636934370669565467;14.05.2019 15:24:26;324
636934370670035055;14.05.2019 15:24:27;326
636934370670502749;14.05.2019 15:24:27;329
636934370670972312;14.05.2019 15:24:27;329
636934370671597232;14.05.2019 15:24:27;329
636934370672065854;14.05.2019 15:24:27;331
636934370672534447;14.05.2019 15:24:27;332
636934370673002163;14.05.2019 15:24:27;333
636934370673627942;14.05.2019 15:24:27;333
636934370674096582;14.05.2019 15:24:27;332
636934370674565237;14.05.2019 15:24:27;331
636934370675033861;14.05.2019 15:24:27;331
636934370675658712;14.05.2019 15:24:27;331
636934370676127356;14.05.2019 15:24:27;331
636934370676596008;14.05.2019 15:24:27;330
636934370677064682;14.05.2019 15:24:27;330
636934370677533275;14.05.2019 15:24:27;330
636934370678157203;14.05.2019 15:24:27;329
636934370678626775;14.05.2019 15:24:27;326
636934370679095424;14.05.2019 15:24:27;324
636934370679564049;14.05.2019 15:24:27;323
636934370680032695;14.05.2019 15:24:28;321
636934370680657548;14.05.2019 15:24:28;320
636934370681126181;14.05.2019 15:24:28;320
636934370681594836;14.05.2019 15:24:28;318
636934370682063510;14.05.2019 15:24:28;316
636934370682688313;14.05.2019 15:24:28;315
636934370683156960;14.05.2019 15:24:28;315
636934370683624731;14.05.2019 15:24:28;315
636934370684094241;14.05.2019 15:24:28;312
636934370684562885;14.05.2019 15:24:28;310
636934370685187727;14.05.2019 15:24:28;307
636934370685655446;14.05.2019 15:24:28;304
636934370686125023;14.05.2019 15:24:28;301
636934370686593664;14.05.2019 15:24:28;299
636934370687062338;14.05.2019 15:24:28;296
636934370687687147;14.05.2019 15:24:28;297
636934370688155206;14.05.2019 15:24:28;297
636934370688624431;14.05.2019 15:24:28;298
636934370689093069;14.05.2019 15:24:28;297
636934370689716995;14.05.2019 15:24:28;294
636934370690186558;14.05.2019 15:24:29;292
636934370690655243;14.05.2019 15:24:29;288
636934370691123843;14.05.2019 15:24:29;285
636934370691748693;14.05.2019 15:24:29;275
636934370692216409;14.05.2019 15:24:29;267
636934370692685986;14.05.2019 15:24:29;263
636934370693154621;14.05.2019 15:24:29;256
636934370693623270;14.05.2019 15:24:29;252
636934370694248121;14.05.2019 15:24:29;248
636934370694716751;14.05.2019 15:24:29;244
636934370695185386;14.05.2019 15:24:29;241
636934370695654027;14.05.2019 15:24:29;236
636934370696122704;14.05.2019 15:24:29;233
636934370696747519;14.05.2019 15:24:29;229
636934370697216165;14.05.2019 15:24:29;226
636934370697684806;14.05.2019 15:24:29;223
636934370698308731;14.05.2019 15:24:29;220
636934370698778311;14.05.2019 15:24:29;219
636934370699248235;14.05.2019 15:24:29;215
636934370699716751;14.05.2019 15:24:29;215
636934370700185882;14.05.2019 15:24:30;216
636934370700811409;14.05.2019 15:24:30;215
636934370701280679;14.05.2019 15:24:30;215
636934370701750652;14.05.2019 15:24:30;212
636934370702220227;14.05.2019 15:24:30;208
636934370702688912;14.05.2019 15:24:30;205
636934370703157475;14.05.2019 15:24:30;201
636934370703782329;14.05.2019 15:24:30;200
636934370704251316;14.05.2019 15:24:30;200
636934370704720871;14.05.2019 15:24:30;198
636934370705345262;14.05.2019 15:24:30;197
636934370705816149;14.05.2019 15:24:30;194
636934370706284804;14.05.2019 15:24:30;191
636934370706753863;14.05.2019 15:24:30;188
636934370707223479;14.05.2019 15:24:30;184
636934370707847870;14.05.2019 15:24:30;180
636934370708317206;14.05.2019 15:24:30;178
636934370708786346;14.05.2019 15:24:30;174
636934370709254915;14.05.2019 15:24:30;173
636934370709723874;14.05.2019 15:24:30;172
636934370710349124;14.05.2019 15:24:31;174
636934370710818720;14.05.2019 15:24:31;176
636934370711288270;14.05.2019 15:24:31;178
636934370711758662;14.05.2019 15:24:31;179
636934370712385945;14.05.2019 15:24:31;180
636934370712854586;14.05.2019 15:24:31;180
636934370713325601;14.05.2019 15:24:31;181
636934370713795153;14.05.2019 15:24:31;183
636934370714264202;14.05.2019 15:24:31;183
636934370714889933;14.05.2019 15:24:31;182
636934370715358001;14.05.2019 15:24:31;182
636934370715826664;14.05.2019 15:24:31;181
636934370716296213;14.05.2019 15:24:31;180
636934370716764848;14.05.2019 15:24:31;178
636934370717389655;14.05.2019 15:24:31;177
636934370717857437;14.05.2019 15:24:31;179
636934370718326973;14.05.2019 15:24:31;181
636934370718795613;14.05.2019 15:24:31;182
636934370719420151;14.05.2019 15:24:31;183
636934370719889108;14.05.2019 15:24:31;182
636934370720356851;14.05.2019 15:24:32;182
636934370720827908;14.05.2019 15:24:32;184
636934370721454410;14.05.2019 15:24:32;183
636934370721924990;14.05.2019 15:24:32;184
636934370722393614;14.05.2019 15:24:32;184
636934370722861357;14.05.2019 15:24:32;184
636934370723330887;14.05.2019 15:24:32;186
636934370723799525;14.05.2019 15:24:32;188
636934370724424379;14.05.2019 15:24:32;189
636934370724892986;14.05.2019 15:24:32;190
636934370725361151;14.05.2019 15:24:32;189
636934370725832219;14.05.2019 15:24:32;191
636934370726300879;14.05.2019 15:24:32;191
636934370726927899;14.05.2019 15:24:32;194
636934370727396784;14.05.2019 15:24:32;195
636934370727865435;14.05.2019 15:24:32;193
636934370728492389;14.05.2019 15:24:32;191
636934370728960991;14.05.2019 15:24:32;191
636934370729429358;14.05.2019 15:24:32;192
636934370729898896;14.05.2019 15:24:32;191
636934370730367479;14.05.2019 15:24:33;189
636934370730993357;14.05.2019 15:24:33;189
636934370731461993;14.05.2019 15:24:33;191
636934370731930689;14.05.2019 15:24:33;194
636934370732399274;14.05.2019 15:24:33;194
636934370732866918;14.05.2019 15:24:33;191
636934370733493023;14.05.2019 15:24:33;189
636934370733962576;14.05.2019 15:24:33;189
636934370734431219;14.05.2019 15:24:33;192
636934370734899882;14.05.2019 15:24:33;196
636934370735524747;14.05.2019 15:24:33;197
636934370735993776;14.05.2019 15:24:33;198
636934370736462436;14.05.2019 15:24:33;200
636934370736931963;14.05.2019 15:24:33;201
636934370737401031;14.05.2019 15:24:33;203
636934370738026829;14.05.2019 15:24:33;204
636934370738494536;14.05.2019 15:24:33;205
636934370738964066;14.05.2019 15:24:33;206
636934370739433045;14.05.2019 15:24:33;207
636934370739902667;14.05.2019 15:24:33;207
636934370740527565;14.05.2019 15:24:34;207
636934370740996205;14.05.2019 15:24:34;208
636934370741464880;14.05.2019 15:24:34;205
636934370741933484;14.05.2019 15:24:34;206
636934370742558568;14.05.2019 15:24:34;206
636934370743028153;14.05.2019 15:24:34;207
636934370743497046;14.05.2019 15:24:34;207
636934370743966696;14.05.2019 15:24:34;208
636934370744591477;14.05.2019 15:24:34;207
636934370745060121;14.05.2019 15:24:34;208
636934370745528795;14.05.2019 15:24:34;209
636934370745997427;14.05.2019 15:24:34;209
636934370746466043;14.05.2019 15:24:34;211
636934370747090935;14.05.2019 15:24:34;210
636934370747559538;14.05.2019 15:24:34;209
636934370748028176;14.05.2019 15:24:34;210
636934370748496822;14.05.2019 15:24:34;211
636934370748965460;14.05.2019 15:24:34;213
636934370749591574;14.05.2019 15:24:34;214
636934370750059542;14.05.2019 15:24:35;217
636934370750528875;14.05.2019 15:24:35;219
636934370750997499;14.05.2019 15:24:35;221
636934370751622320;14.05.2019 15:24:35;222
636934370752090977;14.05.2019 15:24:35;222
636934370752559598;14.05.2019 15:24:35;224
636934370753028261;14.05.2019 15:24:35;225
636934370753496886;14.05.2019 15:24:35;226
636934370754122116;14.05.2019 15:24:35;227
636934370754590768;14.05.2019 15:24:35;227
636934370755060423;14.05.2019 15:24:35;228
636934370755529008;14.05.2019 15:24:35;228
636934370755997657;14.05.2019 15:24:35;228
636934370756623821;14.05.2019 15:24:35;227
636934370757092448;14.05.2019 15:24:35;227
636934370757561092;14.05.2019 15:24:35;227
636934370758029724;14.05.2019 15:24:35;228
636934370758654894;14.05.2019 15:24:35;228
636934370759124488;14.05.2019 15:24:35;228
636934370759593120;14.05.2019 15:24:35;228
636934370760061764;14.05.2019 15:24:36;228
636934370760686570;14.05.2019 15:24:36;230
636934370761155219;14.05.2019 15:24:36;230
636934370761623918;14.05.2019 15:24:36;231
636934370762092542;14.05.2019 15:24:36;232
636934370762561175;14.05.2019 15:24:36;233
636934370763186516;14.05.2019 15:24:36;233
636934370763656176;14.05.2019 15:24:36;233
636934370764125114;14.05.2019 15:24:36;233
636934370764594987;14.05.2019 15:24:36;232
636934370765064581;14.05.2019 15:24:36;233
636934370765689518;14.05.2019 15:24:36;235
636934370766159073;14.05.2019 15:24:36;234
636934370766626819;14.05.2019 15:24:36;235
636934370767096380;14.05.2019 15:24:36;237
636934370767721241;14.05.2019 15:24:36;237
636934370768189071;14.05.2019 15:24:36;237
636934370768658526;14.05.2019 15:24:36;236
636934370769127164;14.05.2019 15:24:36;236
636934370769596179;14.05.2019 15:24:36;236
636934370770222443;14.05.2019 15:24:37;235
636934370770691984;14.05.2019 15:24:37;235
636934370771160949;14.05.2019 15:24:37;235
636934370771630019;14.05.2019 15:24:37;234
636934370772099580;14.05.2019 15:24:37;233
636934370772724455;14.05.2019 15:24:37;231
636934370773193127;14.05.2019 15:24:37;230
636934370773661737;14.05.2019 15:24:37;231
636934370774286588;14.05.2019 15:24:37;229
636934370774755242;14.05.2019 15:24:37;230
636934370775223878;14.05.2019 15:24:37;230
636934370775692480;14.05.2019 15:24:37;230
636934370776161126;14.05.2019 15:24:37;233
636934370776785079;14.05.2019 15:24:37;233
636934370777254612;14.05.2019 15:24:37;236
636934370777723245;14.05.2019 15:24:37;238
636934370778191905;14.05.2019 15:24:37;238
636934370778660526;14.05.2019 15:24:37;239
636934370779285377;14.05.2019 15:24:37;238
636934370779754029;14.05.2019 15:24:37;236
636934370780222689;14.05.2019 15:24:38;239
636934370780691344;14.05.2019 15:24:38;240
636934370781317480;14.05.2019 15:24:38;241
636934370781786517;14.05.2019 15:24:38;242
636934370782256080;14.05.2019 15:24:38;242
636934370782724937;14.05.2019 15:24:38;242
636934370783194493;14.05.2019 15:24:38;243
636934370783819335;14.05.2019 15:24:38;243
636934370784287097;14.05.2019 15:24:38;243
636934370784756628;14.05.2019 15:24:38;244
636934370785225282;14.05.2019 15:24:38;242
636934370785693956;14.05.2019 15:24:38;242
636934370786318796;14.05.2019 15:24:38;242
636934370786787454;14.05.2019 15:24:38;242
636934370787256086;14.05.2019 15:24:38;243
636934370787724716;14.05.2019 15:24:38;242
636934370788193362;14.05.2019 15:24:38;241
636934370788818229;14.05.2019 15:24:38;241
636934370789286142;14.05.2019 15:24:38;241
636934370789755439;14.05.2019 15:24:38;243
636934370790380836;14.05.2019 15:24:39;243
636934370790850804;14.05.2019 15:24:39;243
636934370791320378;14.05.2019 15:24:39;245
636934370791789030;14.05.2019 15:24:39;244
636934370792257668;14.05.2019 15:24:39;244
636934370792882533;14.05.2019 15:24:39;245
636934370793351162;14.05.2019 15:24:39;246
636934370793819800;14.05.2019 15:24:39;246
636934370794288929;14.05.2019 15:24:39;247
636934370794758523;14.05.2019 15:24:39;246
636934370795383321;14.05.2019 15:24:39;244
636934370795852006;14.05.2019 15:24:39;245
636934370796322032;14.05.2019 15:24:39;243
636934370796790917;14.05.2019 15:24:39;243
636934370797415787;14.05.2019 15:24:39;242
636934370797884547;14.05.2019 15:24:39;241
636934370798354288;14.05.2019 15:24:39;241
636934370798825037;14.05.2019 15:24:39;241
636934370799292783;14.05.2019 15:24:39;241
636934370799917631;14.05.2019 15:24:39;243
636934370800386277;14.05.2019 15:24:40;241
636934370800855815;14.05.2019 15:24:40;242
636934370801323833;14.05.2019 15:24:40;241
636934370801792471;14.05.2019 15:24:40;241
636934370802417316;14.05.2019 15:24:40;241
636934370802886591;14.05.2019 15:24:40;242
636934370803355479;14.05.2019 15:24:40;243
636934370803824139;14.05.2019 15:24:40;245
636934370804449885;14.05.2019 15:24:40;245
636934370804918520;14.05.2019 15:24:40;247
636934370805387153;14.05.2019 15:24:40;248
636934370805856043;14.05.2019 15:24:40;248
636934370806481802;14.05.2019 15:24:40;249
636934370806951911;14.05.2019 15:24:40;248
636934370807420561;14.05.2019 15:24:40;248
636934370807890484;14.05.2019 15:24:40;247
636934370808360394;14.05.2019 15:24:40;247
636934370808829054;14.05.2019 15:24:40;247
636934370809456487;14.05.2019 15:24:40;247
636934370809925372;14.05.2019 15:24:40;247
636934370810394672;14.05.2019 15:24:41;249
636934370810863349;14.05.2019 15:24:41;248
636934370811487280;14.05.2019 15:24:41;248
636934370811958267;14.05.2019 15:24:41;249
636934370812426847;14.05.2019 15:24:41;249
636934370812895538;14.05.2019 15:24:41;250
636934370813520676;14.05.2019 15:24:41;250
636934370813990268;14.05.2019 15:24:41;250
636934370814458928;14.05.2019 15:24:41;251
636934370814927918;14.05.2019 15:24:41;251
636934370815397503;14.05.2019 15:24:41;253
636934370816022315;14.05.2019 15:24:41;252
636934370816491003;14.05.2019 15:24:41;251
636934370816959946;14.05.2019 15:24:41;253
636934370817429529;14.05.2019 15:24:41;253
636934370817898170;14.05.2019 15:24:41;253
636934370818523026;14.05.2019 15:24:41;253
636934370818991664;14.05.2019 15:24:41;252
636934370819459723;14.05.2019 15:24:41;253
636934370819929389;14.05.2019 15:24:41;255
636934370820554658;14.05.2019 15:24:42;256
636934370821024324;14.05.2019 15:24:42;255
636934370821495231;14.05.2019 15:24:42;255
636934370821963883;14.05.2019 15:24:42;256
636934370822432781;14.05.2019 15:24:42;255
636934370823058544;14.05.2019 15:24:42;256
636934370823526558;14.05.2019 15:24:42;257
636934370823995842;14.05.2019 15:24:42;256
636934370824463574;14.05.2019 15:24:42;257
636934370824933171;14.05.2019 15:24:42;257
636934370825557999;14.05.2019 15:24:42;256
636934370826027097;14.05.2019 15:24:42;255
636934370826496688;14.05.2019 15:24:42;254
636934370826964875;14.05.2019 15:24:42;254
636934370827590983;14.05.2019 15:24:42;254
636934370828060533;14.05.2019 15:24:42;255
636934370828529218;14.05.2019 15:24:42;256
636934370828997937;14.05.2019 15:24:42;256
636934370829623236;14.05.2019 15:24:42;256
636934370830092783;14.05.2019 15:24:43;257
636934370830561454;14.05.2019 15:24:43;256
636934370831030098;14.05.2019 15:24:43;255
636934370831498739;14.05.2019 15:24:43;255
636934370832123936;14.05.2019 15:24:43;255
636934370832593627;14.05.2019 15:24:43;255
636934370833062245;14.05.2019 15:24:43;254
636934370833530839;14.05.2019 15:24:43;255
636934370833999496;14.05.2019 15:24:43;255
636934370834623364;14.05.2019 15:24:43;255
636934370835092955;14.05.2019 15:24:43;256
636934370835561579;14.05.2019 15:24:43;256
636934370836030278;14.05.2019 15:24:43;258
636934370836655123;14.05.2019 15:24:43;259
636934370837122786;14.05.2019 15:24:43;258
636934370837592369;14.05.2019 15:24:43;259
636934370838060998;14.05.2019 15:24:43;259
636934370838529661;14.05.2019 15:24:43;258
636934370839154515;14.05.2019 15:24:43;259
636934370839622197;14.05.2019 15:24:43;259
636934370840091788;14.05.2019 15:24:44;259
636934370840560412;14.05.2019 15:24:44;259
636934370841028120;14.05.2019 15:24:44;259
636934370841653954;14.05.2019 15:24:44;258
636934370842121619;14.05.2019 15:24:44;258
636934370842591200;14.05.2019 15:24:44;258
636934370843059824;14.05.2019 15:24:44;258
636934370843684680;14.05.2019 15:24:44;258
636934370844153623;14.05.2019 15:24:44;258
636934370844622283;14.05.2019 15:24:44;259
636934370845091896;14.05.2019 15:24:44;258
636934370845717949;14.05.2019 15:24:44;259
636934370846186574;14.05.2019 15:24:44;260
636934370846655594;14.05.2019 15:24:44;259
636934370847124254;14.05.2019 15:24:44;260
636934370847593787;14.05.2019 15:24:44;260
636934370848218635;14.05.2019 15:24:44;260
636934370848687631;14.05.2019 15:24:44;259
636934370849157249;14.05.2019 15:24:44;260
636934370849625234;14.05.2019 15:24:44;260
636934370850094539;14.05.2019 15:24:45;260
636934370850719509;14.05.2019 15:24:45;261
636934370851189103;14.05.2019 15:24:45;261
636934370851657752;14.05.2019 15:24:45;261
636934370852126335;14.05.2019 15:24:45;262
636934370852751477;14.05.2019 15:24:45;262
636934370853221691;14.05.2019 15:24:45;262
636934370853690989;14.05.2019 15:24:45;262
636934370854159920;14.05.2019 15:24:45;262
636934370854629212;14.05.2019 15:24:45;263
636934370855254775;14.05.2019 15:24:45;264
636934370855724333;14.05.2019 15:24:45;265
636934370856192389;14.05.2019 15:24:45;266
636934370856661404;14.05.2019 15:24:45;265
636934370857130948;14.05.2019 15:24:45;266
636934370857756167;14.05.2019 15:24:45;265
636934370858224816;14.05.2019 15:24:45;266
636934370858694363;14.05.2019 15:24:45;266
636934370859318541;14.05.2019 15:24:45;265
636934370859787885;14.05.2019 15:24:45;266
636934370860256484;14.05.2019 15:24:46;266
636934370860725122;14.05.2019 15:24:46;266
636934370861193769;14.05.2019 15:24:46;267
636934370861818822;14.05.2019 15:24:46;266
636934370862289701;14.05.2019 15:24:46;266
636934370862759470;14.05.2019 15:24:46;267
636934370863228099;14.05.2019 15:24:46;266
636934370863696785;14.05.2019 15:24:46;266
636934370864165866;14.05.2019 15:24:46;267
636934370864791972;14.05.2019 15:24:46;267
636934370865261579;14.05.2019 15:24:46;268
636934370865730157;14.05.2019 15:24:46;268
636934370866356146;14.05.2019 15:24:46;267
636934370866824853;14.05.2019 15:24:46;267
636934370867293464;14.05.2019 15:24:46;267
636934370867762066;14.05.2019 15:24:46;267
636934370868230707;14.05.2019 15:24:46;267
636934370868855635;14.05.2019 15:24:46;267
636934370869324891;14.05.2019 15:24:46;268
636934370869794825;14.05.2019 15:24:46;267
636934370870264696;14.05.2019 15:24:47;267
636934370870734562;14.05.2019 15:24:47;268
636934370871361961;14.05.2019 15:24:47;268
636934370871830624;14.05.2019 15:24:47;268
636934370872300199;14.05.2019 15:24:47;268
636934370872768820;14.05.2019 15:24:47;269
636934370873393635;14.05.2019 15:24:47;269
636934370873861625;14.05.2019 15:24:47;269
636934370874330914;14.05.2019 15:24:47;269
636934370874799616;14.05.2019 15:24:47;268
636934370875268243;14.05.2019 15:24:47;268
636934370875893107;14.05.2019 15:24:47;269
636934370876360809;14.05.2019 15:24:47;267
636934370876830372;14.05.2019 15:24:47;267
636934370877299010;14.05.2019 15:24:47;269
636934370877767654;14.05.2019 15:24:47;268
636934370878392502;14.05.2019 15:24:47;268
636934370878861148;14.05.2019 15:24:47;268
636934370879329130;14.05.2019 15:24:47;268
636934370879798427;14.05.2019 15:24:47;269
636934370880423311;14.05.2019 15:24:48;269
636934370880891933;14.05.2019 15:24:48;269
636934370881360557;14.05.2019 15:24:48;269
636934370881828469;14.05.2019 15:24:48;270
636934370882454057;14.05.2019 15:24:48;271
636934370882922697;14.05.2019 15:24:48;270
636934370883391333;14.05.2019 15:24:48;270
636934370883859974;14.05.2019 15:24:48;271
636934370884328612;14.05.2019 15:24:48;270
636934370884953548;14.05.2019 15:24:48;271
636934370885422220;14.05.2019 15:24:48;271
636934370885890830;14.05.2019 15:24:48;271
636934370886359473;14.05.2019 15:24:48;271
636934370886827103;14.05.2019 15:24:48;271
636934370887452957;14.05.2019 15:24:48;272
636934370887921603;14.05.2019 15:24:48;272
636934370888390241;14.05.2019 15:24:48;272
636934370888858882;14.05.2019 15:24:48;273
636934370889484037;14.05.2019 15:24:48;272
636934370889954044;14.05.2019 15:24:48;272
636934370890423671;14.05.2019 15:24:49;272
636934370890892226;14.05.2019 15:24:49;272
636934370891516199;14.05.2019 15:24:49;272
636934370891985770;14.05.2019 15:24:49;272
636934370892454752;14.05.2019 15:24:49;272
636934370892924363;14.05.2019 15:24:49;273
636934370893393375;14.05.2019 15:24:49;273
636934370893862977;14.05.2019 15:24:49;273
636934370894487814;14.05.2019 15:24:49;273
636934370894956848;14.05.2019 15:24:49;274
636934370895426431;14.05.2019 15:24:49;273
636934370895895069;14.05.2019 15:24:49;274
636934370896519925;14.05.2019 15:24:49;274
636934370896988569;14.05.2019 15:24:49;274
636934370897457218;14.05.2019 15:24:49;274
636934370897925900;14.05.2019 15:24:49;274
636934370898550701;14.05.2019 15:24:49;273
636934370899019336;14.05.2019 15:24:49;274
636934370899539535;14.05.2019 15:24:49;274
636934370900008735;14.05.2019 15:24:50;275
636934370900477357;14.05.2019 15:24:50;275
636934370900945995;14.05.2019 15:24:50;275
636934370901570865;14.05.2019 15:24:50;275
636934370902039445;14.05.2019 15:24:50;276
636934370902507199;14.05.2019 15:24:50;275
636934370902976804;14.05.2019 15:24:50;275
636934370903445409;14.05.2019 15:24:50;276
636934370904070293;14.05.2019 15:24:50;276
636934370904538944;14.05.2019 15:24:50;275
636934370905006618;14.05.2019 15:24:50;276
636934370905476149;14.05.2019 15:24:50;276
636934370905944778;14.05.2019 15:24:50;277
636934370906569668;14.05.2019 15:24:50;277
636934370907038311;14.05.2019 15:24:50;278
636934370907506955;14.05.2019 15:24:50;277
636934370907975593;14.05.2019 15:24:50;278
636934370908599532;14.05.2019 15:24:50;278
636934370909069085;14.05.2019 15:24:50;278
636934370909537684;14.05.2019 15:24:50;278
636934370910005446;14.05.2019 15:24:51;278
636934370910631178;14.05.2019 15:24:51;278
636934370911099825;14.05.2019 15:24:51;279
636934370911568499;14.05.2019 15:24:51;279
636934370912037139;14.05.2019 15:24:51;279
636934370912506154;14.05.2019 15:24:51;280
636934370913132285;14.05.2019 15:24:51;280
636934370913602450;14.05.2019 15:24:51;281
636934370914071332;14.05.2019 15:24:51;280
636934370914540263;14.05.2019 15:24:51;280
636934370915009306;14.05.2019 15:24:51;281
636934370915635891;14.05.2019 15:24:51;281
636934370916105507;14.05.2019 15:24:51;281
636934370916574079;14.05.2019 15:24:51;281
636934370917042717;14.05.2019 15:24:51;281
636934370917667570;14.05.2019 15:24:51;281
636934370918136205;14.05.2019 15:24:51;281
636934370918604888;14.05.2019 15:24:51;282
636934370919073523;14.05.2019 15:24:51;282
636934370919541493;14.05.2019 15:24:51;282
636934370920166990;14.05.2019 15:24:52;283
636934370920635664;14.05.2019 15:24:52;283
636934370921104296;14.05.2019 15:24:52;283
636934370921572940;14.05.2019 15:24:52;284
636934370922041578;14.05.2019 15:24:52;283
636934370922666639;14.05.2019 15:24:52;283
636934370923136183;14.05.2019 15:24:52;284
636934370923604904;14.05.2019 15:24:52;284
636934370924073797;14.05.2019 15:24:52;283
636934370924698676;14.05.2019 15:24:52;284
636934370925168236;14.05.2019 15:24:52;284
636934370925636883;14.05.2019 15:24:52;284
636934370926105524;14.05.2019 15:24:52;285
636934370926730372;14.05.2019 15:24:52;286
636934370927199010;14.05.2019 15:24:52;285
636934370927667695;14.05.2019 15:24:52;285
636934370928136313;14.05.2019 15:24:52;286
636934370928604946;14.05.2019 15:24:52;285
636934370929229813;14.05.2019 15:24:52;286
636934370929697834;14.05.2019 15:24:52;285
636934370930167414;14.05.2019 15:24:53;286
636934370930636060;14.05.2019 15:24:53;286
636934370931104695;14.05.2019 15:24:53;287
636934370931729565;14.05.2019 15:24:53;286
636934370932197267;14.05.2019 15:24:53;287
636934370932666828;14.05.2019 15:24:53;287
636934370933135468;14.05.2019 15:24:53;288
636934370933760319;14.05.2019 15:24:53;287
636934370934230717;14.05.2019 15:24:53;287
636934370934699368;14.05.2019 15:24:53;288
636934370935168907;14.05.2019 15:24:53;288
636934370935637539;14.05.2019 15:24:53;287
636934370936262432;14.05.2019 15:24:53;288
636934370936731042;14.05.2019 15:24:53;288
636934370937198965;14.05.2019 15:24:53;288
636934370937667429;14.05.2019 15:24:53;288
636934370938137211;14.05.2019 15:24:53;289
636934370938764361;14.05.2019 15:24:53;289
636934370939232933;14.05.2019 15:24:53;289
636934370939701083;14.05.2019 15:24:53;290
636934370940170231;14.05.2019 15:24:54;290
636934370940796473;14.05.2019 15:24:54;290
636934370941265111;14.05.2019 15:24:54;291
636934370941733954;14.05.2019 15:24:54;290
636934370942203318;14.05.2019 15:24:54;290
636934370942829911;14.05.2019 15:24:54;290
636934370943299458;14.05.2019 15:24:54;290
636934370943768066;14.05.2019 15:24:54;291
636934370944237175;14.05.2019 15:24:54;291
636934370944705832;14.05.2019 15:24:54;291
636934370945333332;14.05.2019 15:24:54;291
636934370945804527;14.05.2019 15:24:54;292
636934370946275675;14.05.2019 15:24:54;291
636934370946745338;14.05.2019 15:24:54;292
636934370947212973;14.05.2019 15:24:54;292
636934370947837824;14.05.2019 15:24:54;292
636934370948307368;14.05.2019 15:24:54;292
636934370948776053;14.05.2019 15:24:54;292
636934370949244702;14.05.2019 15:24:54;292
636934370949869561;14.05.2019 15:24:54;292
636934370950337523;14.05.2019 15:24:55;293
636934370950808710;14.05.2019 15:24:55;293
636934370951278703;14.05.2019 15:24:55;294
636934370951747629;14.05.2019 15:24:55;294
636934370952373746;14.05.2019 15:24:55;294
636934370952843767;14.05.2019 15:24:55;295
636934370953313760;14.05.2019 15:24:55;294
636934370953783301;14.05.2019 15:24:55;294
636934370954251983;14.05.2019 15:24:55;295
636934370954876840;14.05.2019 15:24:55;294
636934370955345503;14.05.2019 15:24:55;294
636934370955814124;14.05.2019 15:24:55;295
636934370956282757;14.05.2019 15:24:55;295
636934370956907571;14.05.2019 15:24:55;295
636934370957375913;14.05.2019 15:24:55;295
636934370957844858;14.05.2019 15:24:55;296
636934370958313557;14.05.2019 15:24:55;296
636934370958782160;14.05.2019 15:24:55;296
636934370959407010;14.05.2019 15:24:55;297
636934370959875679;14.05.2019 15:24:55;296
636934370960344264;14.05.2019 15:24:56;296
636934370960812875;14.05.2019 15:24:56;297
636934370961281543;14.05.2019 15:24:56;296
636934370961905513;14.05.2019 15:24:56;297
636934370962375054;14.05.2019 15:24:56;297
636934370962843684;14.05.2019 15:24:56;297
636934370963469939;14.05.2019 15:24:56;297
636934370963938854;14.05.2019 15:24:56;297
636934370964408698;14.05.2019 15:24:56;298
636934370964878258;14.05.2019 15:24:56;297
636934370965346882;14.05.2019 15:24:56;298
636934370965971733;14.05.2019 15:24:56;298
636934370966440374;14.05.2019 15:24:56;298
636934370966909054;14.05.2019 15:24:56;298
636934370967377667;14.05.2019 15:24:56;299
636934370967846332;14.05.2019 15:24:56;298
636934370968471214;14.05.2019 15:24:56;299
636934370968939830;14.05.2019 15:24:56;299
636934370969407559;14.05.2019 15:24:56;299
636934370969877072;14.05.2019 15:24:56;299
636934370970501962;14.05.2019 15:24:57;299
636934370970970600;14.05.2019 15:24:57;300
636934370971439241;14.05.2019 15:24:57;300
636934370971907943;14.05.2019 15:24:57;300
636934370972376542;14.05.2019 15:24:57;301
636934370973001340;14.05.2019 15:24:57;300
636934370973470039;14.05.2019 15:24:57;300
636934370973938663;14.05.2019 15:24:57;300
636934370974406653;14.05.2019 15:24:57;300
636934370975031229;14.05.2019 15:24:57;301
636934370975500787;14.05.2019 15:24:57;300
636934370975969434;14.05.2019 15:24:57;301
636934370976438069;14.05.2019 15:24:57;301
636934370976906751;14.05.2019 15:24:57;302
636934370977532574;14.05.2019 15:24:57;301
636934370978002130;14.05.2019 15:24:57;302
636934370978470770;14.05.2019 15:24:57;303
636934370978939367;14.05.2019 15:24:57;302
636934370979564251;14.05.2019 15:24:57;302
636934370980032908;14.05.2019 15:24:58;302
636934370980501582;14.05.2019 15:24:58;302
636934370980970220;14.05.2019 15:24:58;302
636934370981438947;14.05.2019 15:24:58;303
636934370982062778;14.05.2019 15:24:58;302
636934370982532306;14.05.2019 15:24:58;303
636934370983001334;14.05.2019 15:24:58;303
636934370983471233;14.05.2019 15:24:58;304
636934370983940785;14.05.2019 15:24:58;303
636934370984565628;14.05.2019 15:24:58;304
636934370985034269;14.05.2019 15:24:58;303
636934370985502026;14.05.2019 15:24:58;303
636934370985971550;14.05.2019 15:24:58;304
636934370986597814;14.05.2019 15:24:58;304
636934370987066380;14.05.2019 15:24:58;303
636934370987535021;14.05.2019 15:24:58;304
636934370988003947;14.05.2019 15:24:58;304
636934370988473463;14.05.2019 15:24:58;304
636934370989098350;14.05.2019 15:24:58;304
636934370989567301;14.05.2019 15:24:58;305
636934370990037313;14.05.2019 15:24:59;305
636934370990506871;14.05.2019 15:24:59;306
636934370990975825;14.05.2019 15:24:59;305
636934370991601621;14.05.2019 15:24:59;305
636934370992070259;14.05.2019 15:24:59;306
636934370992538919;14.05.2019 15:24:59;306
636934370993007557;14.05.2019 15:24:59;305
636934370993632366;14.05.2019 15:24:59;305
636934370994101243;14.05.2019 15:24:59;306
636934370994570781;14.05.2019 15:24:59;306
636934370995039430;14.05.2019 15:24:59;306
636934370995663394;14.05.2019 15:24:59;307
636934370996132927;14.05.2019 15:24:59;306
636934370996601022;14.05.2019 15:24:59;307
636934370997070198;14.05.2019 15:24:59;307
636934370997538839;14.05.2019 15:24:59;307
636934370998163692;14.05.2019 15:24:59;307
636934370998632372;14.05.2019 15:24:59;307
636934370999101010;14.05.2019 15:24:59;307
636934370999569612;14.05.2019 15:24:59;307
636934371000038255;14.05.2019 15:25:00;308
636934371000663123;14.05.2019 15:25:00;307
636934371001131755;14.05.2019 15:25:00;308
636934371001600814;14.05.2019 15:25:00;309
636934371002225765;14.05.2019 15:25:00;308
636934371002695292;14.05.2019 15:25:00;308
636934371003163925;14.05.2019 15:25:00;309
636934371003632613;14.05.2019 15:25:00;308
636934371004100245;14.05.2019 15:25:00;309
636934371004725293;14.05.2019 15:25:00;309
636934371005194745;14.05.2019 15:25:00;308
636934371005663380;14.05.2019 15:25:00;309
636934371006133340;14.05.2019 15:25:00;309
636934371006601297;14.05.2019 15:25:00;309
636934371007070849;14.05.2019 15:25:00;309
636934371007696883;14.05.2019 15:25:00;309
636934371008165806;14.05.2019 15:25:00;310
636934371008635331;14.05.2019 15:25:00;310
636934371009259583;14.05.2019 15:25:00;310
636934371009730604;14.05.2019 15:25:00;310
636934371010200466;14.05.2019 15:25:01;310
636934371010670024;14.05.2019 15:25:01;310
636934371011138660;14.05.2019 15:25:01;311
636934371011762856;14.05.2019 15:25:01;310
636934371012232151;14.05.2019 15:25:01;311
636934371012700789;14.05.2019 15:25:01;310
636934371013169483;14.05.2019 15:25:01;311
636934371013638074;14.05.2019 15:25:01;311
636934371014262927;14.05.2019 15:25:01;312
636934371014731576;14.05.2019 15:25:01;311
636934371015200236;14.05.2019 15:25:01;311
636934371015668891;14.05.2019 15:25:01;313
636934371016293789;14.05.2019 15:25:01;312
636934371016762338;14.05.2019 15:25:01;312
636934371017230971;14.05.2019 15:25:01;311
636934371017699620;14.05.2019 15:25:01;312
636934371018168258;14.05.2019 15:25:01;312
636934371018793206;14.05.2019 15:25:01;312
636934371019261794;14.05.2019 15:25:01;312
636934371019730404;14.05.2019 15:25:01;312
636934371020199497;14.05.2019 15:25:02;313
636934371020669107;14.05.2019 15:25:02;313
636934371021293941;14.05.2019 15:25:02;314
636934371021762574;14.05.2019 15:25:02;313
636934371022231226;14.05.2019 15:25:02;313
636934371022700257;14.05.2019 15:25:02;313
636934371023169840;14.05.2019 15:25:02;313
636934371023794691;14.05.2019 15:25:02;314
636934371024263351;14.05.2019 15:25:02;313
636934371024731972;14.05.2019 15:25:02;314
636934371025356784;14.05.2019 15:25:02;314
636934371025825522;14.05.2019 15:25:02;315
636934371026294110;14.05.2019 15:25:02;314
636934371026762751;14.05.2019 15:25:02;314
636934371027231398;14.05.2019 15:25:02;315
636934371027856240;14.05.2019 15:25:02;315
636934371028324889;14.05.2019 15:25:02;315
636934371028793530;14.05.2019 15:25:02;314
636934371029262176;14.05.2019 15:25:02;315
636934371029730806;14.05.2019 15:25:02;315
636934371030355651;14.05.2019 15:25:03;315
636934371030824350;14.05.2019 15:25:03;315
636934371031292936;14.05.2019 15:25:03;316
636934371031761610;14.05.2019 15:25:03;316
636934371032386430;14.05.2019 15:25:03;317
636934371032855068;14.05.2019 15:25:03;316
636934371033325277;14.05.2019 15:25:03;316
636934371033794879;14.05.2019 15:25:03;317
636934371034419644;14.05.2019 15:25:03;316
636934371034889410;14.05.2019 15:25:03;316
636934371035358081;14.05.2019 15:25:03;316
636934371035826763;14.05.2019 15:25:03;317
636934371036295410;14.05.2019 15:25:03;317
636934371036919338;14.05.2019 15:25:03;317
636934371037390173;14.05.2019 15:25:03;317
636934371037859961;14.05.2019 15:25:03;318
636934371038328879;14.05.2019 15:25:03;318
636934371038798495;14.05.2019 15:25:03;317
636934371039423672;14.05.2019 15:25:03;319
636934371039893222;14.05.2019 15:25:03;318
636934371040361874;14.05.2019 15:25:04;317
636934371040830537;14.05.2019 15:25:04;318
636934371041454459;14.05.2019 15:25:04;318
636934371041924031;14.05.2019 15:25:04;318
636934371042392686;14.05.2019 15:25:04;318
636934371042861327;14.05.2019 15:25:04;318
636934371043329959;14.05.2019 15:25:04;320
636934371043954824;14.05.2019 15:25:04;319
636934371044423495;14.05.2019 15:25:04;319
636934371044892056;14.05.2019 15:25:04;319
636934371045360707;14.05.2019 15:25:04;319
636934371045829373;14.05.2019 15:25:04;319
636934371046454230;14.05.2019 15:25:04;319
636934371046922865;14.05.2019 15:25:04;319
636934371047391508;14.05.2019 15:25:04;319
636934371047860479;14.05.2019 15:25:04;320
636934371048485352;14.05.2019 15:25:04;320
636934371048955018;14.05.2019 15:25:04;320
636934371049423639;14.05.2019 15:25:04;320
636934371049892227;14.05.2019 15:25:04;320
636934371050517397;14.05.2019 15:25:05;320
636934371050986957;14.05.2019 15:25:05;320
636934371051454678;14.05.2019 15:25:05;320
636934371051924630;14.05.2019 15:25:05;320
636934371052394212;14.05.2019 15:25:05;320
636934371052862878;14.05.2019 15:25:05;321
636934371053487707;14.05.2019 15:25:05;321
636934371053956348;14.05.2019 15:25:05;321
636934371054424988;14.05.2019 15:25:05;321
636934371054893626;14.05.2019 15:25:05;321
636934371055517632;14.05.2019 15:25:05;321
636934371055987137;14.05.2019 15:25:05;321
636934371056455787;14.05.2019 15:25:05;321
636934371056924411;14.05.2019 15:25:05;322
636934371057549250;14.05.2019 15:25:05;321
636934371058017254;14.05.2019 15:25:05;322
636934371058486842;14.05.2019 15:25:05;322
636934371058955522;14.05.2019 15:25:05;323
636934371059424124;14.05.2019 15:25:05;322
636934371060048966;14.05.2019 15:25:06;323
636934371060517604;14.05.2019 15:25:06;322
636934371060986276;14.05.2019 15:25:06;323
636934371061454886;14.05.2019 15:25:06;323
636934371061923527;14.05.2019 15:25:06;322
636934371062548389;14.05.2019 15:25:06;323
636934371063017032;14.05.2019 15:25:06;323
636934371063485682;14.05.2019 15:25:06;323
636934371064111749;14.05.2019 15:25:06;323
636934371064580719;14.05.2019 15:25:06;323
636934371065050562;14.05.2019 15:25:06;323
636934371065521361;14.05.2019 15:25:06;324
636934371065990238;14.05.2019 15:25:06;323
636934371066459934;14.05.2019 15:25:06;324
636934371067085705;14.05.2019 15:25:06;324
636934371067554725;14.05.2019 15:25:06;325
636934371068025485;14.05.2019 15:25:06;324
636934371068493785;14.05.2019 15:25:06;324
636934371068962767;14.05.2019 15:25:06;325
636934371069587953;14.05.2019 15:25:06;325
636934371070057724;14.05.2019 15:25:07;324
636934371070528504;14.05.2019 15:25:07;325
636934371070997139;14.05.2019 15:25:07;325
636934371071621987;14.05.2019 15:25:07;325
636934371072090631;14.05.2019 15:25:07;325
636934371072559308;14.05.2019 15:25:07;325
636934371073027959;14.05.2019 15:25:07;325
636934371073652799;14.05.2019 15:25:07;326
636934371074121714;14.05.2019 15:25:07;326
636934371074591314;14.05.2019 15:25:07;326
636934371075059894;14.05.2019 15:25:07;325
636934371075528543;14.05.2019 15:25:07;326
636934371076152507;14.05.2019 15:25:07;326
636934371076622037;14.05.2019 15:25:07;326
636934371077090670;14.05.2019 15:25:07;327
636934371077559349;14.05.2019 15:25:07;326
636934371078028009;14.05.2019 15:25:07;327
636934371078652192;14.05.2019 15:25:07;326
636934371079121495;14.05.2019 15:25:07;326
636934371079590125;14.05.2019 15:25:07;326
636934371080058794;14.05.2019 15:25:08;327
636934371080683603;14.05.2019 15:25:08;327
636934371081152257;14.05.2019 15:25:08;327
636934371081621173;14.05.2019 15:25:08;327
636934371082090728;14.05.2019 15:25:08;328
636934371082559402;14.05.2019 15:25:08;328
636934371083184258;14.05.2019 15:25:08;327
636934371083652896;14.05.2019 15:25:08;328
636934371084121800;14.05.2019 15:25:08;328
636934371084591347;14.05.2019 15:25:08;328
636934371085059988;14.05.2019 15:25:08;328
636934371085684836;14.05.2019 15:25:08;329
636934371086153792;14.05.2019 15:25:08;328
636934371086622497;14.05.2019 15:25:08;328
636934371087248209;14.05.2019 15:25:08;329
636934371087716889;14.05.2019 15:25:08;328
636934371088185469;14.05.2019 15:25:08;329
636934371088654143;14.05.2019 15:25:08;328
636934371089122814;14.05.2019 15:25:08;329
636934371089747615;14.05.2019 15:25:08;329
636934371090216530;14.05.2019 15:25:09;329
636934371090685193;14.05.2019 15:25:09;330
636934371091155108;14.05.2019 15:25:09;329
636934371091625007;14.05.2019 15:25:09;331
636934371092251113;14.05.2019 15:25:09;330
636934371092720668;14.05.2019 15:25:09;330
636934371093189328;14.05.2019 15:25:09;330
636934371093657972;14.05.2019 15:25:09;330
636934371094282834;14.05.2019 15:25:09;330
636934371094751286;14.05.2019 15:25:09;330
636934371095220827;14.05.2019 15:25:09;330
636934371095689485;14.05.2019 15:25:09;330
636934371096157225;14.05.2019 15:25:09;331
636934371096782079;14.05.2019 15:25:09;332
636934371097250711;14.05.2019 15:25:09;331
636934371097720302;14.05.2019 15:25:09;331
636934371098187998;14.05.2019 15:25:09;332
636934371098657542;14.05.2019 15:25:09;331
636934371099282617;14.05.2019 15:25:09;331
636934371099752184;14.05.2019 15:25:09;332
636934371100220390;14.05.2019 15:25:10;331
636934371100689374;14.05.2019 15:25:10;331
636934371101315804;14.05.2019 15:25:10;331
636934371101786331;14.05.2019 15:25:10;332
636934371102254961;14.05.2019 15:25:10;332
636934371102723594;14.05.2019 15:25:10;332
636934371103347566;14.05.2019 15:25:10;332
636934371103817096;14.05.2019 15:25:10;332
636934371104285732;14.05.2019 15:25:10;332
636934371104754755;14.05.2019 15:25:10;333
636934371105224371;14.05.2019 15:25:10;332
636934371105848595;14.05.2019 15:25:10;332
636934371106319467;14.05.2019 15:25:10;332
636934371106789204;14.05.2019 15:25:10;332
636934371107258086;14.05.2019 15:25:10;333
636934371107727866;14.05.2019 15:25:10;332
636934371108352739;14.05.2019 15:25:10;333
636934371108822266;14.05.2019 15:25:10;333
636934371109291143;14.05.2019 15:25:10;333
636934371109760684;14.05.2019 15:25:10;334
636934371110384656;14.05.2019 15:25:11;333
636934371110853294;14.05.2019 15:25:11;333
636934371111323088;14.05.2019 15:25:11;334
636934371111793878;14.05.2019 15:25:11;333
636934371112263040;14.05.2019 15:25:11;334
636934371112889883;14.05.2019 15:25:11;333
636934371113359208;14.05.2019 15:25:11;334
636934371113827865;14.05.2019 15:25:11;334
636934371114297800;14.05.2019 15:25:11;334
636934371114767641;14.05.2019 15:25:11;334
636934371115393406;14.05.2019 15:25:11;334
636934371115861152;14.05.2019 15:25:11;334
636934371116330676;14.05.2019 15:25:11;335
636934371116799417;14.05.2019 15:25:11;334
636934371117424215;14.05.2019 15:25:11;335
636934371117892728;14.05.2019 15:25:11;335
636934371118361458;14.05.2019 15:25:11;335
636934371118830187;14.05.2019 15:25:11;335
636934371119298122;14.05.2019 15:25:11;335
636934371119923629;14.05.2019 15:25:11;335
636934371120391536;14.05.2019 15:25:12;335
636934371120859980;14.05.2019 15:25:12;335
636934371121329504;14.05.2019 15:25:12;336
636934371121798242;14.05.2019 15:25:12;335
636934371122423037;14.05.2019 15:25:12;335
636934371122891678;14.05.2019 15:25:12;337
636934371123359815;14.05.2019 15:25:12;336
636934371123828963;14.05.2019 15:25:12;336
636934371124452888;14.05.2019 15:25:12;336
636934371124922451;14.05.2019 15:25:12;336
636934371125391098;14.05.2019 15:25:12;336
636934371125859074;14.05.2019 15:25:12;337
636934371126484584;14.05.2019 15:25:12;336
636934371126953227;14.05.2019 15:25:12;336
636934371127421882;14.05.2019 15:25:12;336
636934371127890504;14.05.2019 15:25:12;336
636934371128359153;14.05.2019 15:25:12;336
636934371128984100;14.05.2019 15:25:12;337
636934371129452741;14.05.2019 15:25:12;337
636934371129921363;14.05.2019 15:25:12;337
636934371130390026;14.05.2019 15:25:13;337
636934371130858689;14.05.2019 15:25:13;337
636934371131483578;14.05.2019 15:25:13;337
636934371131952141;14.05.2019 15:25:13;337
636934371132420779;14.05.2019 15:25:13;337
636934371132889412;14.05.2019 15:25:13;338
636934371133514268;14.05.2019 15:25:13;338
636934371133982928;14.05.2019 15:25:13;338
636934371134451550;14.05.2019 15:25:13;338
636934371134920188;14.05.2019 15:25:13;338
636934371135544349;14.05.2019 15:25:13;338
636934371136013934;14.05.2019 15:25:13;338
636934371136482589;14.05.2019 15:25:13;338
636934371136952576;14.05.2019 15:25:13;338
636934371137421212;14.05.2019 15:25:13;339
636934371138045062;14.05.2019 15:25:13;339
636934371138514703;14.05.2019 15:25:13;339
636934371138983355;14.05.2019 15:25:13;338
636934371139452007;14.05.2019 15:25:13;339
636934371139920626;14.05.2019 15:25:13;339
636934371140544476;14.05.2019 15:25:14;339
636934371141014123;14.05.2019 15:25:14;340
636934371141482761;14.05.2019 15:25:14;339
636934371141951402;14.05.2019 15:25:14;339
636934371142576255;14.05.2019 15:25:14;341
636934371143043890;14.05.2019 15:25:14;339
636934371143513537;14.05.2019 15:25:14;339
636934371143982172;14.05.2019 15:25:14;340
636934371144450835;14.05.2019 15:25:14;340
636934371145075675;14.05.2019 15:25:14;340
636934371145543304;14.05.2019 15:25:14;340
636934371146012948;14.05.2019 15:25:14;340
636934371146481586;14.05.2019 15:25:14;340
636934371146950238;14.05.2019 15:25:14;340
636934371147574997;14.05.2019 15:25:14;342
636934371148043646;14.05.2019 15:25:14;341
636934371148511356;14.05.2019 15:25:14;341
636934371149137216;14.05.2019 15:25:14;341
636934371149605920;14.05.2019 15:25:14;341
636934371150074503;14.05.2019 15:25:15;341
636934371150542130;14.05.2019 15:25:15;341
636934371151011776;14.05.2019 15:25:15;341
636934371151636643;14.05.2019 15:25:15;341
636934371152105270;14.05.2019 15:25:15;341
636934371152573911;14.05.2019 15:25:15;342
636934371153042569;14.05.2019 15:25:15;342
636934371153511190;14.05.2019 15:25:15;341
636934371154136346;14.05.2019 15:25:15;343
636934371154605942;14.05.2019 15:25:15;342
636934371155074566;14.05.2019 15:25:15;342
636934371155543207;14.05.2019 15:25:15;342
636934371156168088;14.05.2019 15:25:15;342
636934371156636668;14.05.2019 15:25:15;342
636934371157105323;14.05.2019 15:25:15;343
636934371157573950;14.05.2019 15:25:15;342
636934371158042588;14.05.2019 15:25:15;343
636934371158667439;14.05.2019 15:25:15;342
636934371159136060;14.05.2019 15:25:15;343
636934371159606028;14.05.2019 15:25:15;342
636934371160073744;14.05.2019 15:25:16;343
636934371160542387;14.05.2019 15:25:16;344
636934371161168191;14.05.2019 15:25:16;343
636934371161638087;14.05.2019 15:25:16;343
636934371162107927;14.05.2019 15:25:16;344
636934371162576083;14.05.2019 15:25:16;343
636934371163203084;14.05.2019 15:25:16;344
636934371163672066;14.05.2019 15:25:16;343
636934371164141992;14.05.2019 15:25:16;343
636934371164611539;14.05.2019 15:25:16;344
636934371165235722;14.05.2019 15:25:16;344
636934371165705385;14.05.2019 15:25:16;345
636934371166175004;14.05.2019 15:25:16;344
636934371166643808;14.05.2019 15:25:16;344
636934371167113349;14.05.2019 15:25:16;345
636934371167737530;14.05.2019 15:25:16;345
636934371168206852;14.05.2019 15:25:16;344
636934371168675504;14.05.2019 15:25:16;345
636934371169144425;14.05.2019 15:25:16;344
636934371169614027;14.05.2019 15:25:16;345
636934371170237935;14.05.2019 15:25:17;344
636934371170707721;14.05.2019 15:25:17;345
636934371171177262;14.05.2019 15:25:17;345
636934371171645955;14.05.2019 15:25:17;345
636934371172272272;14.05.2019 15:25:17;346
636934371172739973;14.05.2019 15:25:17;345
636934371173209512;14.05.2019 15:25:17;345
636934371173678219;14.05.2019 15:25:17;346
636934371174146871;14.05.2019 15:25:17;345
636934371174771627;14.05.2019 15:25:17;346
636934371175239396;14.05.2019 15:25:17;345
636934371175708926;14.05.2019 15:25:17;346
636934371176177949;14.05.2019 15:25:17;345
636934371176647565;14.05.2019 15:25:17;345
636934371177272031;14.05.2019 15:25:17;346
636934371177740685;14.05.2019 15:25:17;346
636934371178210498;14.05.2019 15:25:17;346
636934371178680048;14.05.2019 15:25:17;346
636934371179304857;14.05.2019 15:25:17;346
636934371179773531;14.05.2019 15:25:17;346
636934371180241291;14.05.2019 15:25:18;345
636934371180710813;14.05.2019 15:25:18;346
636934371181335666;14.05.2019 15:25:18;346
636934371181804343;14.05.2019 15:25:18;346
636934371182274363;14.05.2019 15:25:18;346
636934371182742062;14.05.2019 15:25:18;346
636934371183211626;14.05.2019 15:25:18;346
636934371183836820;14.05.2019 15:25:18;347
636934371184306364;14.05.2019 15:25:18;347
636934371184774972;14.05.2019 15:25:18;347
636934371185243186;14.05.2019 15:25:18;348
636934371185712594;14.05.2019 15:25:18;347
636934371186337467;14.05.2019 15:25:18;347
636934371186808776;14.05.2019 15:25:18;347
636934371187278314;14.05.2019 15:25:18;347
636934371187746077;14.05.2019 15:25:18;347
636934371188371809;14.05.2019 15:25:18;347
636934371188840452;14.05.2019 15:25:18;347
636934371189309093;14.05.2019 15:25:18;348
636934371189777728;14.05.2019 15:25:18;347
636934371190246383;14.05.2019 15:25:19;348
636934371190871583;14.05.2019 15:25:19;348
636934371191341207;14.05.2019 15:25:19;348
636934371191810086;14.05.2019 15:25:19;349
636934371192279666;14.05.2019 15:25:19;348
636934371192748304;14.05.2019 15:25:19;348
636934371193373158;14.05.2019 15:25:19;348
636934371193841807;14.05.2019 15:25:19;348
636934371194310439;14.05.2019 15:25:19;348
636934371194935290;14.05.2019 15:25:19;348
636934371195403945;14.05.2019 15:25:19;348
636934371195872572;14.05.2019 15:25:19;349
636934371196341215;14.05.2019 15:25:19;349
636934371196809817;14.05.2019 15:25:19;350
636934371197434269;14.05.2019 15:25:19;349
636934371197902425;14.05.2019 15:25:19;349
636934371198371997;14.05.2019 15:25:19;350
636934371198840638;14.05.2019 15:25:19;349
636934371199309273;14.05.2019 15:25:19;349
636934371199933276;14.05.2019 15:25:19;349
636934371200402762;14.05.2019 15:25:20;349
636934371200870480;14.05.2019 15:25:20;349
636934371201340052;14.05.2019 15:25:20;349
636934371201808690;14.05.2019 15:25:20;350
636934371202432607;14.05.2019 15:25:20;350
636934371202901253;14.05.2019 15:25:20;350
636934371203370822;14.05.2019 15:25:20;351
636934371203839455;14.05.2019 15:25:20;350
636934371204464311;14.05.2019 15:25:20;350
636934371204932021;14.05.2019 15:25:20;351
636934371205401593;14.05.2019 15:25:20;350
636934371205870239;14.05.2019 15:25:20;350
636934371206338869;14.05.2019 15:25:20;350
636934371206963725;14.05.2019 15:25:20;350
636934371207431441;14.05.2019 15:25:20;350
636934371207901004;14.05.2019 15:25:20;350
636934371208369642;14.05.2019 15:25:20;351
636934371208838288;14.05.2019 15:25:20;351
636934371209463219;14.05.2019 15:25:20;351
636934371209930855;14.05.2019 15:25:20;352
636934371210400426;14.05.2019 15:25:21;351
636934371211025335;14.05.2019 15:25:21;351
636934371211493921;14.05.2019 15:25:21;352
636934371211964365;14.05.2019 15:25:21;351
636934371212433017;14.05.2019 15:25:21;351
636934371212902636;14.05.2019 15:25:21;351
636934371213528894;14.05.2019 15:25:21;352
636934371213997937;14.05.2019 15:25:21;352
636934371214466608;14.05.2019 15:25:21;351
636934371215022848;14.05.2019 15:25:21;352
636934371215492390;14.05.2019 15:25:21;352
636934371215961022;14.05.2019 15:25:21;352
636934371216429746;14.05.2019 15:25:21;353
636934371217054921;14.05.2019 15:25:21;352
636934371217526091;14.05.2019 15:25:21;352
636934371217995644;14.05.2019 15:25:21;353
636934371218464293;14.05.2019 15:25:21;352
636934371218932920;14.05.2019 15:25:21;352
636934371219400671;14.05.2019 15:25:21;352
636934371220026447;14.05.2019 15:25:22;353
636934371220495116;14.05.2019 15:25:22;353
636934371220963737;14.05.2019 15:25:22;353
636934371221588591;14.05.2019 15:25:22;353
636934371222056611;14.05.2019 15:25:22;353
636934371222526219;14.05.2019 15:25:22;353
636934371222994810;14.05.2019 15:25:22;354
636934371223463484;14.05.2019 15:25:22;353
636934371224088742;14.05.2019 15:25:22;353
636934371224558377;14.05.2019 15:25:22;353
636934371225026999;14.05.2019 15:25:22;353
636934371225495709;14.05.2019 15:25:22;354
636934371225964352;14.05.2019 15:25:22;353
636934371226589186;14.05.2019 15:25:22;354
636934371227059127;14.05.2019 15:25:22;354
636934371227529513;14.05.2019 15:25:22;354
636934371227999054;14.05.2019 15:25:22;355
636934371228625359;14.05.2019 15:25:22;354
636934371229094898;14.05.2019 15:25:22;354
636934371229563539;14.05.2019 15:25:22;355
636934371230032182;14.05.2019 15:25:23;354
636934371230500820;14.05.2019 15:25:23;354
636934371231125685;14.05.2019 15:25:23;354
636934371231593694;14.05.2019 15:25:23;354
636934371232062964;14.05.2019 15:25:23;354
636934371232531638;14.05.2019 15:25:23;354
636934371233000273;14.05.2019 15:25:23;355
636934371233624592;14.05.2019 15:25:23;354
636934371234095604;14.05.2019 15:25:23;355
636934371234565146;14.05.2019 15:25:23;356
636934371235033798;14.05.2019 15:25:23;355
636934371235658646;14.05.2019 15:25:23;355
636934371236126660;14.05.2019 15:25:23;355
636934371236596193;14.05.2019 15:25:23;355
636934371237064834;14.05.2019 15:25:23;356
636934371237690197;14.05.2019 15:25:23;355
636934371238160093;14.05.2019 15:25:23;355
636934371238628751;14.05.2019 15:25:23;355
636934371239098608;14.05.2019 15:25:23;356
636934371239568526;14.05.2019 15:25:23;355
636934371240194488;14.05.2019 15:25:24;356
636934371240664048;14.05.2019 15:25:24;355
636934371241132332;14.05.2019 15:25:24;355
636934371241600745;14.05.2019 15:25:24;355
636934371242070569;14.05.2019 15:25:24;355
636934371242696716;14.05.2019 15:25:24;355
636934371243166743;14.05.2019 15:25:24;355
636934371243635414;14.05.2019 15:25:24;355
636934371244104922;14.05.2019 15:25:24;356
636934371244729775;14.05.2019 15:25:24;356
636934371245197535;14.05.2019 15:25:24;356
636934371245667096;14.05.2019 15:25:24;356
636934371246135554;14.05.2019 15:25:24;356
636934371246604375;14.05.2019 15:25:24;356
636934371247229599;14.05.2019 15:25:24;357
636934371247699573;14.05.2019 15:25:24;356
636934371248169122;14.05.2019 15:25:24;356
636934371248637799;14.05.2019 15:25:24;357
636934371249106457;14.05.2019 15:25:24;356
636934371249731252;14.05.2019 15:25:24;357
636934371250199885;14.05.2019 15:25:25;356
636934371250668567;14.05.2019 15:25:25;357
636934371251137205;14.05.2019 15:25:25;357
636934371251762161;14.05.2019 15:25:25;357
636934371252230791;14.05.2019 15:25:25;358
636934371252699468;14.05.2019 15:25:25;357
636934371253168061;14.05.2019 15:25:25;357
636934371253792834;14.05.2019 15:25:25;358
636934371254261473;14.05.2019 15:25:25;357
636934371254730183;14.05.2019 15:25:25;357
636934371255198765;14.05.2019 15:25:25;357
636934371255667398;14.05.2019 15:25:25;357
636934371256292021;14.05.2019 15:25:25;358
636934371256760909;14.05.2019 15:25:25;357
636934371257229536;14.05.2019 15:25:25;358
636934371257698174;14.05.2019 15:25:25;358
636934371258166815;14.05.2019 15:25:25;358
636934371258790768;14.05.2019 15:25:25;359
636934371259260309;14.05.2019 15:25:25;358
636934371259728947;14.05.2019 15:25:25;358
636934371260197585;14.05.2019 15:25:26;359
636934371260822436;14.05.2019 15:25:26;358
636934371261290157;14.05.2019 15:25:26;358
636934371261759737;14.05.2019 15:25:26;358
636934371262228355;14.05.2019 15:25:26;358
636934371262696996;14.05.2019 15:25:26;358
636934371263322193;14.05.2019 15:25:26;358
636934371263791784;14.05.2019 15:25:26;359
636934371264260422;14.05.2019 15:25:26;359
636934371264729072;14.05.2019 15:25:26;358
636934371265197710;14.05.2019 15:25:26;360
636934371265822549;14.05.2019 15:25:26;359
636934371266291196;14.05.2019 15:25:26;359
636934371266759845;14.05.2019 15:25:26;359
636934371267384975;14.05.2019 15:25:26;359
636934371267854558;14.05.2019 15:25:26;359
636934371268322274;14.05.2019 15:25:26;359
636934371268791837;14.05.2019 15:25:26;359
636934371269260489;14.05.2019 15:25:26;359
636934371269885359;14.05.2019 15:25:26;359
636934371270353972;14.05.2019 15:25:27;360
636934371270822610;14.05.2019 15:25:27;359
636934371271291265;14.05.2019 15:25:27;360
636934371271759892;14.05.2019 15:25:27;360
636934371272384751;14.05.2019 15:25:27;360
636934371272853383;14.05.2019 15:25:27;359
636934371273322030;14.05.2019 15:25:27;360
636934371273790668;14.05.2019 15:25:27;360
636934371274416954;14.05.2019 15:25:27;360
636934371274885536;14.05.2019 15:25:27;359
636934371275354186;14.05.2019 15:25:27;360
636934371275821890;14.05.2019 15:25:27;360
636934371276291462;14.05.2019 15:25:27;360
636934371276916315;14.05.2019 15:25:27;361
636934371277384953;14.05.2019 15:25:27;360
636934371277853613;14.05.2019 15:25:27;361
636934371278321296;14.05.2019 15:25:27;361
636934371278789945;14.05.2019 15:25:27;361
636934371279416109;14.05.2019 15:25:27;361
636934371279885711;14.05.2019 15:25:27;361
636934371280354332;14.05.2019 15:25:28;361
636934371280823062;14.05.2019 15:25:28;361
636934371281447419;14.05.2019 15:25:28;361
636934371281917041;14.05.2019 15:25:28;362
636934371282385654;14.05.2019 15:25:28;361
636934371282854289;14.05.2019 15:25:28;362
636934371283479151;14.05.2019 15:25:28;361
636934371283947784;14.05.2019 15:25:28;362
636934371284415491;14.05.2019 15:25:28;362
636934371284885077;14.05.2019 15:25:28;362
636934371285352770;14.05.2019 15:25:28;362
636934371285978546;14.05.2019 15:25:28;362
636934371286447245;14.05.2019 15:25:28;361
636934371286915828;14.05.2019 15:25:28;362
636934371287384468;14.05.2019 15:25:28;362
636934371287852375;14.05.2019 15:25:28;362
636934371288477968;14.05.2019 15:25:28;363
636934371288946604;14.05.2019 15:25:28;362
636934371289415269;14.05.2019 15:25:28;362
636934371289883982;14.05.2019 15:25:28;363
636934371290507813;14.05.2019 15:25:29;362
636934371290977457;14.05.2019 15:25:29;363
636934371291446139;14.05.2019 15:25:29;362
636934371291914739;14.05.2019 15:25:29;362
636934371292539592;14.05.2019 15:25:29;363
636934371293008230;14.05.2019 15:25:29;363
636934371293476871;14.05.2019 15:25:29;363
636934371293945523;14.05.2019 15:25:29;363
636934371294414070;14.05.2019 15:25:29;363
636934371295038774;14.05.2019 15:25:29;364
636934371295507561;14.05.2019 15:25:29;363
636934371295976579;14.05.2019 15:25:29;363
636934371296446162;14.05.2019 15:25:29;364
636934371296914808;14.05.2019 15:25:29;363
636934371297538733;14.05.2019 15:25:29;363
636934371298007371;14.05.2019 15:25:29;363
636934371298476971;14.05.2019 15:25:29;364
636934371298945592;14.05.2019 15:25:29;363
636934371299570446;14.05.2019 15:25:29;364
636934371300038147;14.05.2019 15:25:30;364
636934371300507049;14.05.2019 15:25:30;364
636934371300976349;14.05.2019 15:25:30;364
636934371301445098;14.05.2019 15:25:30;365
636934371302069843;14.05.2019 15:25:30;364
636934371302537772;14.05.2019 15:25:30;364
636934371303007119;14.05.2019 15:25:30;365
636934371303475799;14.05.2019 15:25:30;364
636934371303944420;14.05.2019 15:25:30;364
636934371304569349;14.05.2019 15:25:30;364
636934371305037973;14.05.2019 15:25:30;364
636934371305506542;14.05.2019 15:25:30;365
636934371305975188;14.05.2019 15:25:30;364
636934371306600028;14.05.2019 15:25:30;364
636934371307068677;14.05.2019 15:25:30;365
636934371307537309;14.05.2019 15:25:30;365
636934371308006000;14.05.2019 15:25:30;366
636934371308630804;14.05.2019 15:25:30;365
636934371309099818;14.05.2019 15:25:30;365
636934371309569446;14.05.2019 15:25:30;365
636934371310038075;14.05.2019 15:25:31;365
636934371310506766;14.05.2019 15:25:31;365
636934371311131877;14.05.2019 15:25:31;365
636934371311601454;14.05.2019 15:25:31;365
636934371312070059;14.05.2019 15:25:31;366
636934371312538775;14.05.2019 15:25:31;366
636934371313007377;14.05.2019 15:25:31;367
636934371313633596;14.05.2019 15:25:31;366
636934371314102223;14.05.2019 15:25:31;366
636934371314570806;14.05.2019 15:25:31;367
636934371315039466;14.05.2019 15:25:31;366
636934371315663804;14.05.2019 15:25:31;366
636934371316133808;14.05.2019 15:25:31;366
636934371316603707;14.05.2019 15:25:31;366
636934371317074730;14.05.2019 15:25:31;366
636934371317543399;14.05.2019 15:25:31;366
636934371318169868;14.05.2019 15:25:31;367
636934371318638503;14.05.2019 15:25:31;366
636934371319107490;14.05.2019 15:25:31;367
636934371319577018;14.05.2019 15:25:31;368
636934371320045658;14.05.2019 15:25:32;367
636934371320670506;14.05.2019 15:25:32;367
636934371321139518;14.05.2019 15:25:32;367
636934371321609173;14.05.2019 15:25:32;367
636934371322235359;14.05.2019 15:25:32;367
636934371322704020;14.05.2019 15:25:32;367
636934371323173553;14.05.2019 15:25:32;367
636934371323642193;14.05.2019 15:25:32;367
636934371324110826;14.05.2019 15:25:32;367
636934371324579996;14.05.2019 15:25:32;367
636934371325204866;14.05.2019 15:25:32;367
636934371325675665;14.05.2019 15:25:32;367
636934371326144325;14.05.2019 15:25:32;368
636934371326612983;14.05.2019 15:25:32;368
636934371327081654;14.05.2019 15:25:32;368
636934371327705555;14.05.2019 15:25:32;368
636934371328175101;14.05.2019 15:25:32;368
636934371328643717;14.05.2019 15:25:32;368
636934371329267690;14.05.2019 15:25:32;368
636934371329736328;14.05.2019 15:25:32;368
636934371330205199;14.05.2019 15:25:33;368
636934371330674499;14.05.2019 15:25:33;368
636934371331143153;14.05.2019 15:25:33;369
636934371331767985;14.05.2019 15:25:33;368
636934371332235742;14.05.2019 15:25:33;368
636934371332704380;14.05.2019 15:25:33;369
636934371333174276;14.05.2019 15:25:33;368
636934371333644163;14.05.2019 15:25:33;368
636934371334269992;14.05.2019 15:25:33;369
636934371334738891;14.05.2019 15:25:33;368
636934371335207553;14.05.2019 15:25:33;369
636934371335677078;14.05.2019 15:25:33;369
636934371336301042;14.05.2019 15:25:33;369
636934371336770899;14.05.2019 15:25:33;369
636934371337240463;14.05.2019 15:25:33;369
636934371337708200;14.05.2019 15:25:33;369
636934371338333054;14.05.2019 15:25:33;369
636934371338803870;14.05.2019 15:25:33;369
636934371339272516;14.05.2019 15:25:33;370
636934371339740218;14.05.2019 15:25:33;369
636934371340208853;14.05.2019 15:25:34;370
636934371340678389;14.05.2019 15:25:34;369
636934371341304481;14.05.2019 15:25:34;370
636934371341773512;14.05.2019 15:25:34;370
636934371342243485;14.05.2019 15:25:34;369
636934371342712143;14.05.2019 15:25:34;370
636934371343337886;14.05.2019 15:25:34;370
636934371343806518;14.05.2019 15:25:34;370
636934371344276483;14.05.2019 15:25:34;371
636934371344745110;14.05.2019 15:25:34;370
636934371345369989;14.05.2019 15:25:34;370
636934371345838580;14.05.2019 15:25:34;371
636934371346307905;14.05.2019 15:25:34;370
636934371346777449;14.05.2019 15:25:34;370
636934371347246411;14.05.2019 15:25:34;370
636934371347872664;14.05.2019 15:25:34;370
636934371348344034;14.05.2019 15:25:34;370
636934371348814822;14.05.2019 15:25:34;370
636934371349283463;14.05.2019 15:25:34;371
636934371349752109;14.05.2019 15:25:34;371
636934371350376067;14.05.2019 15:25:35;371
636934371350845598;14.05.2019 15:25:35;372
636934371351313657;14.05.2019 15:25:35;371
636934371351782237;14.05.2019 15:25:35;371
636934371352407727;14.05.2019 15:25:35;371
636934371352875476;14.05.2019 15:25:35;371
636934371353344563;14.05.2019 15:25:35;371
636934371353815440;14.05.2019 15:25:35;371
636934371354284053;14.05.2019 15:25:35;371
636934371354910186;14.05.2019 15:25:35;371
636934371355378852;14.05.2019 15:25:35;371
636934371355847451;14.05.2019 15:25:35;373
636934371356316092;14.05.2019 15:25:35;372
636934371356784747;14.05.2019 15:25:35;372
636934371357409897;14.05.2019 15:25:35;373
636934371357879485;14.05.2019 15:25:35;372
636934371358348419;14.05.2019 15:25:35;372
636934371358818008;14.05.2019 15:25:35;372
636934371359442861;14.05.2019 15:25:35;372
636934371359911494;14.05.2019 15:25:35;372
636934371360380137;14.05.2019 15:25:36;372
636934371360848742;14.05.2019 15:25:36;372
636934371361473690;14.05.2019 15:25:36;372
636934371361942228;14.05.2019 15:25:36;372
636934371362410947;14.05.2019 15:25:36;373
636934371362879549;14.05.2019 15:25:36;372
636934371363348190;14.05.2019 15:25:36;373
636934371363972309;14.05.2019 15:25:36;374
636934371364441689;14.05.2019 15:25:36;372
636934371364910621;14.05.2019 15:25:36;373
636934371365380215;14.05.2019 15:25:36;373
636934371365848856;14.05.2019 15:25:36;373
636934371366472765;14.05.2019 15:25:36;373
636934371366942345;14.05.2019 15:25:36;373
636934371367411030;14.05.2019 15:25:36;373
636934371367879629;14.05.2019 15:25:36;373
636934371368504471;14.05.2019 15:25:36;374
636934371368972317;14.05.2019 15:25:36;373
636934371369441703;14.05.2019 15:25:36;373
636934371369910843;14.05.2019 15:25:36;374
636934371370380356;14.05.2019 15:25:37;374
636934371371006578;14.05.2019 15:25:37;373
636934371371475250;14.05.2019 15:25:37;374
636934371371943907;14.05.2019 15:25:37;373
636934371372412789;14.05.2019 15:25:37;374
636934371372882704;14.05.2019 15:25:37;374
636934371373508600;14.05.2019 15:25:37;374
636934371373977102;14.05.2019 15:25:37;375
636934371374445757;14.05.2019 15:25:37;374
636934371375070178;14.05.2019 15:25:37;374
636934371375539711;14.05.2019 15:25:37;375
636934371376008584;14.05.2019 15:25:37;374
636934371376478126;14.05.2019 15:25:37;375
636934371376946766;14.05.2019 15:25:37;374
636934371377570739;14.05.2019 15:25:37;374
636934371378040261;14.05.2019 15:25:37;374
636934371378508904;14.05.2019 15:25:37;375
636934371378977565;14.05.2019 15:25:37;375
636934371379446488;14.05.2019 15:25:37;375
636934371379917210;14.05.2019 15:25:37;375
636934371380540373;14.05.2019 15:25:38;376
636934371381009532;14.05.2019 15:25:38;375
636934371381478225;14.05.2019 15:25:38;375
636934371382103029;14.05.2019 15:25:38;376
636934371382570786;14.05.2019 15:25:38;375
636934371383040347;14.05.2019 15:25:38;375
636934371383508993;14.05.2019 15:25:38;375
636934371383977639;14.05.2019 15:25:38;375
636934371384602479;14.05.2019 15:25:38;375
636934371385070474;14.05.2019 15:25:38;375
636934371385538882;14.05.2019 15:25:38;376
636934371386008396;14.05.2019 15:25:38;376
636934371386476998;14.05.2019 15:25:38;376
636934371387101846;14.05.2019 15:25:38;377
636934371387570490;14.05.2019 15:25:38;375
636934371388039141;14.05.2019 15:25:38;376
636934371388507816;14.05.2019 15:25:38;376
636934371388976490;14.05.2019 15:25:38;376
636934371389601302;14.05.2019 15:25:38;376
636934371390069970;14.05.2019 15:25:39;376
636934371390538586;14.05.2019 15:25:39;376
636934371391165057;14.05.2019 15:25:39;376
636934371391635918;14.05.2019 15:25:39;376
636934371392103647;14.05.2019 15:25:39;377
636934371392574451;14.05.2019 15:25:39;376
636934371393043993;14.05.2019 15:25:39;376
636934371393512974;14.05.2019 15:25:39;377
636934371394138737;14.05.2019 15:25:39;376
636934371394606483;14.05.2019 15:25:39;376
636934371395076010;14.05.2019 15:25:39;377
636934371395544662;14.05.2019 15:25:39;376
636934371396013289;14.05.2019 15:25:39;377
636934371396638569;14.05.2019 15:25:39;377
636934371397107226;14.05.2019 15:25:39;377
636934371397577258;14.05.2019 15:25:39;377
636934371398204472;14.05.2019 15:25:39;377
636934371398674260;14.05.2019 15:25:39;377
636934371399143804;14.05.2019 15:25:39;377
636934371399612445;14.05.2019 15:25:39;378
636934371400081083;14.05.2019 15:25:40;377
636934371400705047;14.05.2019 15:25:40;378
636934371401174591;14.05.2019 15:25:40;377
636934371401643204;14.05.2019 15:25:40;378
636934371402110972;14.05.2019 15:25:40;378
636934371402580946;14.05.2019 15:25:40;377
636934371403206713;14.05.2019 15:25:40;378
636934371403675404;14.05.2019 15:25:40;378
636934371404144502;14.05.2019 15:25:40;378
636934371404614090;14.05.2019 15:25:40;379
636934371405238961;14.05.2019 15:25:40;378
636934371405707576;14.05.2019 15:25:40;378
636934371406176181;14.05.2019 15:25:40;379
636934371406646094;14.05.2019 15:25:40;378
636934371407115405;14.05.2019 15:25:40;378
636934371407740782;14.05.2019 15:25:40;378
636934371408209440;14.05.2019 15:25:40;378
636934371408679036;14.05.2019 15:25:40;378
636934371409147957;14.05.2019 15:25:40;378
636934371409616617;14.05.2019 15:25:40;379
636934371410242740;14.05.2019 15:25:41;379
636934371410712636;14.05.2019 15:25:41;378
636934371411182221;14.05.2019 15:25:41;380
636934371411650859;14.05.2019 15:25:41;379
636934371412275217;14.05.2019 15:25:41;379
636934371412744800;14.05.2019 15:25:41;379
636934371413213440;14.05.2019 15:25:41;379
636934371413682076;14.05.2019 15:25:41;379
636934371414306943;14.05.2019 15:25:41;380
636934371414775573;14.05.2019 15:25:41;379
636934371415245646;14.05.2019 15:25:41;379
636934371415714256;14.05.2019 15:25:41;379
636934371416183144;14.05.2019 15:25:41;381
636934371416809446;14.05.2019 15:25:41;379
636934371417278084;14.05.2019 15:25:41;380
636934371417747941;14.05.2019 15:25:41;380
636934371418218015;14.05.2019 15:25:41;380
636934371418688030;14.05.2019 15:25:41;379
636934371419313127;14.05.2019 15:25:41;380
636934371419781859;14.05.2019 15:25:41;380
636934371420251387;14.05.2019 15:25:42;380
636934371420721584;14.05.2019 15:25:42;380
636934371421348624;14.05.2019 15:25:42;380
636934371421817722;14.05.2019 15:25:42;380
636934371422286379;14.05.2019 15:25:42;380
636934371422756004;14.05.2019 15:25:42;381
636934371423226456;14.05.2019 15:25:42;380
636934371423852449;14.05.2019 15:25:42;380
636934371424323156;14.05.2019 15:25:42;380
636934371424791814;14.05.2019 15:25:42;380
636934371425260505;14.05.2019 15:25:42;380
636934371425729095;14.05.2019 15:25:42;380
636934371426353018;14.05.2019 15:25:42;380
636934371426822554;14.05.2019 15:25:42;380
636934371427290305;14.05.2019 15:25:42;380
636934371427759869;14.05.2019 15:25:42;381
636934371428385030;14.05.2019 15:25:42;381
636934371428853693;14.05.2019 15:25:42;381
636934371429323251;14.05.2019 15:25:42;381
636934371429790966;14.05.2019 15:25:42;381
636934371430260493;14.05.2019 15:25:43;381
636934371430886621;14.05.2019 15:25:43;381
636934371431354304;14.05.2019 15:25:43;381
636934371431823878;14.05.2019 15:25:43;381
636934371432292513;14.05.2019 15:25:43;381
636934371432761168;14.05.2019 15:25:43;381
636934371433386010;14.05.2019 15:25:43;381
636934371433854649;14.05.2019 15:25:43;381
636934371434323295;14.05.2019 15:25:43;381
636934371434790999;14.05.2019 15:25:43;382
636934371435416775;14.05.2019 15:25:43;382
636934371435885438;14.05.2019 15:25:43;382
636934371436354140;14.05.2019 15:25:43;381
636934371436822775;14.05.2019 15:25:43;383
636934371437447637;14.05.2019 15:25:43;382
636934371437916273;14.05.2019 15:25:43;382
636934371438384933;14.05.2019 15:25:43;381
636934371438853549;14.05.2019 15:25:43;382
636934371439321494;14.05.2019 15:25:43;382
636934371439947046;14.05.2019 15:25:43;382
636934371440415700;14.05.2019 15:25:44;382
636934371440884380;14.05.2019 15:25:44;382
636934371441352963;14.05.2019 15:25:44;382
636934371441821606;14.05.2019 15:25:44;382
636934371442446465;14.05.2019 15:25:44;382
636934371442915114;14.05.2019 15:25:44;382
636934371443383764;14.05.2019 15:25:44;382
636934371443852729;14.05.2019 15:25:44;382
636934371444478482;14.05.2019 15:25:44;383
636934371444946239;14.05.2019 15:25:44;382
636934371445415761;14.05.2019 15:25:44;382
636934371445884463;14.05.2019 15:25:44;383
636934371446353082;14.05.2019 15:25:44;383
636934371446978002;14.05.2019 15:25:44;384
636934371447446576;14.05.2019 15:25:44;383
636934371447915222;14.05.2019 15:25:44;383
636934371448384182;14.05.2019 15:25:44;383
636934371448853845;14.05.2019 15:25:44;383
636934371449478175;14.05.2019 15:25:44;383
636934371449947711;14.05.2019 15:25:44;383
636934371450416340;14.05.2019 15:25:45;383
636934371451041194;14.05.2019 15:25:45;383
636934371451510206;14.05.2019 15:25:45;383
636934371451978863;14.05.2019 15:25:45;384
636934371452448510;14.05.2019 15:25:45;383
636934371452917154;14.05.2019 15:25:45;384
636934371453542004;14.05.2019 15:25:45;385
636934371454010701;14.05.2019 15:25:45;383
636934371454478277;14.05.2019 15:25:45;383
636934371454946921;14.05.2019 15:25:45;383
636934371455416457;14.05.2019 15:25:45;384
636934371456041687;14.05.2019 15:25:45;384
636934371456511641;14.05.2019 15:25:45;383
636934371456981329;14.05.2019 15:25:45;384
636934371457450948;14.05.2019 15:25:45;384
636934371458077433;14.05.2019 15:25:45;384
636934371458547412;14.05.2019 15:25:45;385
636934371459017253;14.05.2019 15:25:45;384
636934371459486805;14.05.2019 15:25:45;384
636934371459955435;14.05.2019 15:25:45;385
636934371460580297;14.05.2019 15:25:46;384
636934371461048043;14.05.2019 15:25:46;385
636934371461516736;14.05.2019 15:25:46;384
636934371461985319;14.05.2019 15:25:46;384
636934371462454846;14.05.2019 15:25:46;385
636934371463080035;14.05.2019 15:25:46;385
636934371463549651;14.05.2019 15:25:46;385
636934371464018292;14.05.2019 15:25:46;385
636934371464486930;14.05.2019 15:25:46;385
636934371465111778;14.05.2019 15:25:46;386
636934371465580419;14.05.2019 15:25:46;385
636934371466049035;14.05.2019 15:25:46;385
636934371466517071;14.05.2019 15:25:46;385
636934371467141944;14.05.2019 15:25:46;385
636934371467611472;14.05.2019 15:25:46;385
636934371468080107;14.05.2019 15:25:46;385
636934371468547864;14.05.2019 15:25:46;385
636934371469017391;14.05.2019 15:25:46;385
636934371469642242;14.05.2019 15:25:46;386
636934371470110900;14.05.2019 15:25:47;386
636934371470579565;14.05.2019 15:25:47;386
636934371471048165;14.05.2019 15:25:47;386
636934371471516805;14.05.2019 15:25:47;386
636934371472141662;14.05.2019 15:25:47;386
636934371472610341;14.05.2019 15:25:47;386
636934371473078982;14.05.2019 15:25:47;385
636934371473547576;14.05.2019 15:25:47;386
636934371474173984;14.05.2019 15:25:47;386
636934371474642641;14.05.2019 15:25:47;386
636934371475112218;14.05.2019 15:25:47;386
636934371475580815;14.05.2019 15:25:47;386
636934371476048561;14.05.2019 15:25:47;386
636934371476674977;14.05.2019 15:25:47;388
636934371477143853;14.05.2019 15:25:47;386
636934371477614309;14.05.2019 15:25:47;386
636934371478083254;14.05.2019 15:25:47;387
636934371478553059;14.05.2019 15:25:47;386
636934371479178849;14.05.2019 15:25:47;386
636934371479647817;14.05.2019 15:25:47;386
636934371480117837;14.05.2019 15:25:48;386
636934371480587403;14.05.2019 15:25:48;387
636934371481213434;14.05.2019 15:25:48;387
636934371481682344;14.05.2019 15:25:48;387
636934371482151893;14.05.2019 15:25:48;387
636934371482620531;14.05.2019 15:25:48;387
636934371483244496;14.05.2019 15:25:48;387
636934371483714078;14.05.2019 15:25:48;387
636934371484182110;14.05.2019 15:25:48;387
636934371484651701;14.05.2019 15:25:48;387
636934371485120369;14.05.2019 15:25:48;387
636934371485744259;14.05.2019 15:25:48;387
636934371486213839;14.05.2019 15:25:48;387
636934371486682474;14.05.2019 15:25:48;387
636934371487151115;14.05.2019 15:25:48;387
636934371487619758;14.05.2019 15:25:48;387
636934371488243673;14.05.2019 15:25:48;388
636934371488713272;14.05.2019 15:25:48;388
636934371489182240;14.05.2019 15:25:48;388
636934371489650825;14.05.2019 15:25:48;388
636934371490275679;14.05.2019 15:25:49;388
636934371490743655;14.05.2019 15:25:49;388
636934371491212961;14.05.2019 15:25:49;388
636934371491681599;14.05.2019 15:25:49;388
636934371492150577;14.05.2019 15:25:49;388
636934371492776331;14.05.2019 15:25:49;388
636934371493246701;14.05.2019 15:25:49;389
636934371493715358;14.05.2019 15:25:49;388
636934371494185756;14.05.2019 15:25:49;388
636934371494655314;14.05.2019 15:25:49;389
636934371495280505;14.05.2019 15:25:49;388
636934371495750121;14.05.2019 15:25:49;388
636934371496218089;14.05.2019 15:25:49;389
636934371496688093;14.05.2019 15:25:49;388
636934371497314157;14.05.2019 15:25:49;389
636934371497783889;14.05.2019 15:25:49;388
636934371498252389;14.05.2019 15:25:49;389
636934371498720980;14.05.2019 15:25:49;389
636934371499189618;14.05.2019 15:25:49;389
636934371499815707;14.05.2019 15:25:49;390
636934371500283467;14.05.2019 15:25:50;389
636934371500752967;14.05.2019 15:25:50;389
636934371501220726;14.05.2019 15:25:50;390
636934371501690345;14.05.2019 15:25:50;389
636934371502316446;14.05.2019 15:25:50;389
636934371502785045;14.05.2019 15:25:50;390
636934371503253711;14.05.2019 15:25:50;389
636934371503722293;14.05.2019 15:25:50;389
636934371504346460;14.05.2019 15:25:50;389
636934371504815785;14.05.2019 15:25:50;390
636934371505284437;14.05.2019 15:25:50;389
636934371505753105;14.05.2019 15:25:50;391
636934371506377959;14.05.2019 15:25:50;389
636934371506846663;14.05.2019 15:25:50;390
636934371507315251;14.05.2019 15:25:50;390
636934371507783878;14.05.2019 15:25:50;390
636934371508252483;14.05.2019 15:25:50;390
636934371508877375;14.05.2019 15:25:50;389
636934371509345163;14.05.2019 15:25:50;390
636934371509814654;14.05.2019 15:25:50;390
636934371510283378;14.05.2019 15:25:51;389
636934371510752019;14.05.2019 15:25:51;391
636934371511376873;14.05.2019 15:25:51;390
636934371511845527;14.05.2019 15:25:51;390
636934371512314149;14.05.2019 15:25:51;391
636934371512938653;14.05.2019 15:25:51;390
636934371513407679;14.05.2019 15:25:51;390
636934371513876281;14.05.2019 15:25:51;390
636934371514344922;14.05.2019 15:25:51;390
636934371514813568;14.05.2019 15:25:51;390
636934371515437402;14.05.2019 15:25:51;389
636934371515907057;14.05.2019 15:25:51;390
636934371516375703;14.05.2019 15:25:51;390
636934371516844336;14.05.2019 15:25:51;391
636934371517312980;14.05.2019 15:25:51;390
636934371517936827;14.05.2019 15:25:51;391
636934371518406468;14.05.2019 15:25:51;390
636934371518874380;14.05.2019 15:25:51;390
636934371519342747;14.05.2019 15:25:51;390
636934371519968484;14.05.2019 15:25:51;390
636934371520436241;14.05.2019 15:25:52;390
636934371520905769;14.05.2019 15:25:52;390
636934371521374407;14.05.2019 15:25:52;391
636934371521843095;14.05.2019 15:25:52;390
636934371522467015;14.05.2019 15:25:52;392
636934371522935919;14.05.2019 15:25:52;390
636934371523405194;14.05.2019 15:25:52;391
636934371523874131;14.05.2019 15:25:52;391
636934371524343683;14.05.2019 15:25:52;391
636934371524968534;14.05.2019 15:25:52;391
636934371525437214;14.05.2019 15:25:52;392
636934371525905871;14.05.2019 15:25:52;391
636934371526373867;14.05.2019 15:25:52;391
636934371526999313;14.05.2019 15:25:52;391
636934371527467981;14.05.2019 15:25:52;391
636934371527936661;14.05.2019 15:25:52;391
636934371528405283;14.05.2019 15:25:52;391
636934371529030502;14.05.2019 15:25:52;391
636934371529500312;14.05.2019 15:25:52;391
636934371529969922;14.05.2019 15:25:52;391
636934371530438569;14.05.2019 15:25:53;392
636934371530933704;14.05.2019 15:25:53;391
636934371531404487;14.05.2019 15:25:53;391
636934371531872236;14.05.2019 15:25:53;391
636934371532497989;14.05.2019 15:25:53;391
636934371532966907;14.05.2019 15:25:53;392
636934371533437609;14.05.2019 15:25:53;391
636934371534061579;14.05.2019 15:25:53;392
636934371534531107;14.05.2019 15:25:53;392
636934371534999739;14.05.2019 15:25:53;392
636934371535468419;14.05.2019 15:25:53;392
636934371535937015;14.05.2019 15:25:53;392
636934371536562162;14.05.2019 15:25:53;392
636934371537031715;14.05.2019 15:25:53;392
636934371537500599;14.05.2019 15:25:53;392
636934371537970470;14.05.2019 15:25:53;392
636934371538440064;14.05.2019 15:25:53;392
636934371539065281;14.05.2019 15:25:53;392
636934371539534830;14.05.2019 15:25:53;392
636934371540003873;14.05.2019 15:25:54;393
636934371540473458;14.05.2019 15:25:54;392
636934371541098312;14.05.2019 15:25:54;392
636934371541566947;14.05.2019 15:25:54;393
636934371542035602;14.05.2019 15:25:54;392
636934371542504226;14.05.2019 15:25:54;392
636934371542972872;14.05.2019 15:25:54;392
636934371543597723;14.05.2019 15:25:54;392
636934371544066502;14.05.2019 15:25:54;392
636934371544536102;14.05.2019 15:25:54;393
636934371545004737;14.05.2019 15:25:54;393
636934371545473680;14.05.2019 15:25:54;393
636934371546099442;14.05.2019 15:25:54;392
636934371546568125;14.05.2019 15:25:54;393
636934371547036763;14.05.2019 15:25:54;393
636934371547505409;14.05.2019 15:25:54;392
636934371548130260;14.05.2019 15:25:54;393
636934371548598898;14.05.2019 15:25:54;392
636934371549066613;14.05.2019 15:25:54;392
636934371549536130;14.05.2019 15:25:54;392
636934371550160983;14.05.2019 15:25:55;393
636934371550628798;14.05.2019 15:25:55;393
636934371551098312;14.05.2019 15:25:55;393
636934371551566906;14.05.2019 15:25:55;394
636934371552035557;14.05.2019 15:25:55;393
636934371552660439;14.05.2019 15:25:55;393
636934371553130360;14.05.2019 15:25:55;393
636934371553598953;14.05.2019 15:25:55;393
636934371554067591;14.05.2019 15:25:55;393
636934371554536193;14.05.2019 15:25:55;393
636934371555161401;14.05.2019 15:25:55;393
636934371555630962;14.05.2019 15:25:55;394
636934371556099628;14.05.2019 15:25:55;393
636934371556567654;14.05.2019 15:25:55;394
636934371557193909;14.05.2019 15:25:55;394
636934371557663722;14.05.2019 15:25:55;394
636934371558133587;14.05.2019 15:25:55;395
636934371558603145;14.05.2019 15:25:55;394
636934371559071783;14.05.2019 15:25:55;394
636934371559696623;14.05.2019 15:25:55;394
636934371560164380;14.05.2019 15:25:56;394
636934371560633904;14.05.2019 15:25:56;394
636934371561102035;14.05.2019 15:25:56;393
636934371561571693;14.05.2019 15:25:56;394
636934371562196674;14.05.2019 15:25:56;394
636934371562666215;14.05.2019 15:25:56;394
636934371563135211;14.05.2019 15:25:56;395
636934371563605223;14.05.2019 15:25:56;394
636934371564230088;14.05.2019 15:25:56;394
636934371564699651;14.05.2019 15:25:56;395
636934371565168270;14.05.2019 15:25:56;394
636934371565636949;14.05.2019 15:25:56;394
636934371566262108;14.05.2019 15:25:56;395
636934371566731441;14.05.2019 15:25:56;395
636934371567200295;14.05.2019 15:25:56;395
636934371567669025;14.05.2019 15:25:56;395
636934371568137610;14.05.2019 15:25:56;395
636934371568762464;14.05.2019 15:25:56;395
636934371569231476;14.05.2019 15:25:56;396
636934371569701086;14.05.2019 15:25:56;395
636934371570169708;14.05.2019 15:25:57;396
636934371570638337;14.05.2019 15:25:57;395
636934371571263365;14.05.2019 15:25:57;395
636934371571732984;14.05.2019 15:25:57;395
636934371572201631;14.05.2019 15:25:57;395
636934371572670313;14.05.2019 15:25:57;395
636934371573295114;14.05.2019 15:25:57;395
636934371573762993;14.05.2019 15:25:57;395
636934371574232332;14.05.2019 15:25:57;396
636934371574701009;14.05.2019 15:25:57;396
636934371575169672;14.05.2019 15:25:57;395
636934371575794497;14.05.2019 15:25:57;396
636934371576262213;14.05.2019 15:25:57;395
636934371576731787;14.05.2019 15:25:57;396
636934371577200425;14.05.2019 15:25:57;395
636934371577669066;14.05.2019 15:25:57;395
636934371578294582;14.05.2019 15:25:57;396
636934371578764195;14.05.2019 15:25:57;396
636934371579232822;14.05.2019 15:25:57;395
636934371579701441;14.05.2019 15:25:57;397
636934371580326300;14.05.2019 15:25:58;396
636934371580794963;14.05.2019 15:25:58;396
636934371581263870;14.05.2019 15:25:58;397
636934371581733461;14.05.2019 15:25:58;396
636934371582358306;14.05.2019 15:25:58;396
636934371582826941;14.05.2019 15:25:58;397
636934371583295585;14.05.2019 15:25:58;396
636934371583764223;14.05.2019 15:25:58;396
636934371584232864;14.05.2019 15:25:58;396
636934371584857684;14.05.2019 15:25:58;396
636934371585326319;14.05.2019 15:25:58;396
636934371585795002;14.05.2019 15:25:58;396
636934371586263637;14.05.2019 15:25:58;396
636934371586732289;14.05.2019 15:25:58;396
636934371587357131;14.05.2019 15:25:58;396
636934371587825769;14.05.2019 15:25:58;397
636934371588294413;14.05.2019 15:25:58;396
636934371588763051;14.05.2019 15:25:58;396
636934371589387918;14.05.2019 15:25:58;396
636934371589856504;14.05.2019 15:25:58;397
636934371590325150;14.05.2019 15:25:59;397
636934371590793835;14.05.2019 15:25:59;397
636934371591417769;14.05.2019 15:25:59;397
636934371591887360;14.05.2019 15:25:59;397
636934371592355962;14.05.2019 15:25:59;398
636934371592824600;14.05.2019 15:25:59;397
636934371593293249;14.05.2019 15:25:59;397
636934371593761879;14.05.2019 15:25:59;397
636934371594386741;14.05.2019 15:25:59;398
636934371594855346;14.05.2019 15:25:59;397
636934371595323973;14.05.2019 15:25:59;397
636934371595948870;14.05.2019 15:25:59;397
636934371596416589;14.05.2019 15:25:59;397
636934371596886149;14.05.2019 15:25:59;397
636934371597354787;14.05.2019 15:25:59;398
636934371597823547;14.05.2019 15:25:59;397
636934371598448284;14.05.2019 15:25:59;397
636934371598916000;14.05.2019 15:25:59;398
636934371599384934;14.05.2019 15:25:59;397
636934371599854210;14.05.2019 15:25:59;398
636934371600322850;14.05.2019 15:26:00;397
636934371600947662;14.05.2019 15:26:00;398
636934371601416378;14.05.2019 15:26:00;398
636934371601885063;14.05.2019 15:26:00;397
636934371602353701;14.05.2019 15:26:00;398
636934371602978815;14.05.2019 15:26:00;398
636934371603448406;14.05.2019 15:26:00;398
636934371603917058;14.05.2019 15:26:00;399
636934371604385682;14.05.2019 15:26:00;398
636934371605010530;14.05.2019 15:26:00;399
636934371605479174;14.05.2019 15:26:00;398
636934371605947812;14.05.2019 15:26:00;398
636934371606416456;14.05.2019 15:26:00;398
636934371606885091;14.05.2019 15:26:00;398
636934371607509944;14.05.2019 15:26:00;398
636934371607978588;14.05.2019 15:26:00;398
636934371608447232;14.05.2019 15:26:00;399
636934371608915884;14.05.2019 15:26:00;398
636934371609384524;14.05.2019 15:26:00;398
636934371610009358;14.05.2019 15:26:01;400
636934371610477999;14.05.2019 15:26:01;398
636934371610945718;14.05.2019 15:26:01;399
636934371611415284;14.05.2019 15:26:01;399
636934371612040137;14.05.2019 15:26:01;399
636934371612508775;14.05.2019 15:26:01;399
636934371612977416;14.05.2019 15:26:01;399
636934371613446057;14.05.2019 15:26:01;399
636934371613914714;14.05.2019 15:26:01;399
636934371614539576;14.05.2019 15:26:01;399
636934371615007486;14.05.2019 15:26:01;399
636934371615476833;14.05.2019 15:26:01;399
636934371615945482;14.05.2019 15:26:01;399
636934371616414109;14.05.2019 15:26:01;399
636934371617038971;14.05.2019 15:26:01;399
636934371617507601;14.05.2019 15:26:01;399
636934371617976244;14.05.2019 15:26:01;399
636934371618443960;14.05.2019 15:26:01;399
636934371619071401;14.05.2019 15:26:01;400
636934371619540986;14.05.2019 15:26:01;400
636934371620009647;14.05.2019 15:26:02;400
636934371620478268;14.05.2019 15:26:02;400
636934371621103113;14.05.2019 15:26:02;400
636934371621571765;14.05.2019 15:26:02;400
636934371622040403;14.05.2019 15:26:02;400
636934371622509041;14.05.2019 15:26:02;400
636934371622977674;14.05.2019 15:26:02;400
636934371623602527;14.05.2019 15:26:02;400
636934371624071171;14.05.2019 15:26:02;400
636934371624539770;14.05.2019 15:26:02;400
636934371625008436;14.05.2019 15:26:02;400
636934371625477384;14.05.2019 15:26:02;401
636934371626103185;14.05.2019 15:26:02;400
636934371626571821;14.05.2019 15:26:02;400
636934371627040481;14.05.2019 15:26:02;400
636934371627509099;14.05.2019 15:26:02;400
636934371628133964;14.05.2019 15:26:02;400
636934371628602605;14.05.2019 15:26:02;400
636934371629071337;14.05.2019 15:26:02;401
636934371629539873;14.05.2019 15:26:02;401
636934371630163806;14.05.2019 15:26:03;401
636934371630633372;14.05.2019 15:26:03;401
636934371631102011;14.05.2019 15:26:03;401
636934371631570649;14.05.2019 15:26:03;401
636934371632039292;14.05.2019 15:26:03;400
636934371632507936;14.05.2019 15:26:03;400
636934371633131858;14.05.2019 15:26:03;400
636934371633601425;14.05.2019 15:26:03;400
636934371634070534;14.05.2019 15:26:03;400
636934371634540125;14.05.2019 15:26:03;400
636934371635164042;14.05.2019 15:26:03;400
636934371635632744;14.05.2019 15:26:03;401
636934371636102332;14.05.2019 15:26:03;400
636934371636570898;14.05.2019 15:26:03;400
636934371637195793;14.05.2019 15:26:03;400
636934371637663461;14.05.2019 15:26:03;400
636934371638133039;14.05.2019 15:26:03;400
636934371638601674;14.05.2019 15:26:03;400
636934371639070309;14.05.2019 15:26:03;401
636934371639695157;14.05.2019 15:26:03;400
636934371640163801;14.05.2019 15:26:04;401
636934371640631516;14.05.2019 15:26:04;400
636934371641101085;14.05.2019 15:26:04;401
636934371641569723;14.05.2019 15:26:04;401
636934371642194627;14.05.2019 15:26:04;401
636934371642663234;14.05.2019 15:26:04;401
636934371643130930;14.05.2019 15:26:04;401
636934371643756789;14.05.2019 15:26:04;401
636934371644225428;14.05.2019 15:26:04;401
636934371644694066;14.05.2019 15:26:04;401
636934371645162709;14.05.2019 15:26:04;401
636934371645631369;14.05.2019 15:26:04;401
636934371646256201;14.05.2019 15:26:04;401
636934371646724842;14.05.2019 15:26:04;401
636934371647193524;14.05.2019 15:26:04;401
636934371647662123;14.05.2019 15:26:04;401
636934371648130761;14.05.2019 15:26:04;403
636934371648755615;14.05.2019 15:26:04;401
636934371649224261;14.05.2019 15:26:04;401
636934371649692896;14.05.2019 15:26:04;401
636934371650161534;14.05.2019 15:26:05;401
636934371650786405;14.05.2019 15:26:05;401
636934371651254292;14.05.2019 15:26:05;402
636934371651723670;14.05.2019 15:26:05;402
636934371652192349;14.05.2019 15:26:05;402
636934371652660960;14.05.2019 15:26:05;403
636934371653285802;14.05.2019 15:26:05;402
636934371653754454;14.05.2019 15:26:05;402
636934371654223084;14.05.2019 15:26:05;401
636934371654691722;14.05.2019 15:26:05;402
636934371655159360;14.05.2019 15:26:05;402
636934371655785219;14.05.2019 15:26:05;402
636934371656253921;14.05.2019 15:26:05;402
636934371656722500;14.05.2019 15:26:05;402
636934371657191130;14.05.2019 15:26:05;402
636934371657814986;14.05.2019 15:26:05;403
636934371658284633;14.05.2019 15:26:05;402
636934371658753271;14.05.2019 15:26:05;402
636934371659221912;14.05.2019 15:26:05;402
636934371659846765;14.05.2019 15:26:05;402
636934371660314400;14.05.2019 15:26:06;402
636934371660784044;14.05.2019 15:26:06;402
636934371661252685;14.05.2019 15:26:06;403
636934371661721320;14.05.2019 15:26:06;403
636934371662346176;14.05.2019 15:26:06;403
636934371662813814;14.05.2019 15:26:06;403
636934371663283464;14.05.2019 15:26:06;402
636934371663752104;14.05.2019 15:26:06;402
636934371664220740;14.05.2019 15:26:06;403
636934371664845590;14.05.2019 15:26:06;403
636934371665314240;14.05.2019 15:26:06;403
636934371665782869;14.05.2019 15:26:06;403
636934371666251510;14.05.2019 15:26:06;403
636934371666876364;14.05.2019 15:26:06;404
636934371667345004;14.05.2019 15:26:06;403
636934371667813648;14.05.2019 15:26:06;403
636934371668282286;14.05.2019 15:26:06;403
636934371668907140;14.05.2019 15:26:06;403
636934371669374775;14.05.2019 15:26:06;403
636934371669844371;14.05.2019 15:26:06;403
636934371670313015;14.05.2019 15:26:07;403
636934371670781706;14.05.2019 15:26:07;404
636934371671406581;14.05.2019 15:26:07;403
636934371671875200;14.05.2019 15:26:07;403
636934371672343833;14.05.2019 15:26:07;403
636934371672812476;14.05.2019 15:26:07;403
636934371673281111;14.05.2019 15:26:07;403
636934371673904965;14.05.2019 15:26:07;403
636934371674374606;14.05.2019 15:26:07;405
636934371674843493;14.05.2019 15:26:07;403
636934371675313109;14.05.2019 15:26:07;404
636934371675939534;14.05.2019 15:26:07;404
636934371676408454;14.05.2019 15:26:07;404
636934371676877752;14.05.2019 15:26:07;404
636934371677346409;14.05.2019 15:26:07;404
636934371677815042;14.05.2019 15:26:07;404
636934371678439851;14.05.2019 15:26:07;404
636934371678907605;14.05.2019 15:26:07;404
636934371679377141;14.05.2019 15:26:07;404
636934371679845807;14.05.2019 15:26:07;404
636934371680314453;14.05.2019 15:26:08;404
636934371680939298;14.05.2019 15:26:08;404
636934371681407942;14.05.2019 15:26:08;404
636934371681876591;14.05.2019 15:26:08;404
636934371682345492;14.05.2019 15:26:08;405
636934371682971675;14.05.2019 15:26:08;405
636934371683441427;14.05.2019 15:26:08;404
636934371683909982;14.05.2019 15:26:08;405
636934371684378537;14.05.2019 15:26:08;405
636934371685002468;14.05.2019 15:26:08;404
636934371685472034;14.05.2019 15:26:08;405
636934371685940728;14.05.2019 15:26:08;405
636934371686409316;14.05.2019 15:26:08;404
636934371686877951;14.05.2019 15:26:08;406
636934371687501882;14.05.2019 15:26:08;405
636934371687971443;14.05.2019 15:26:08;405
636934371688440081;14.05.2019 15:26:08;406
636934371688908744;14.05.2019 15:26:08;405
636934371689377374;14.05.2019 15:26:08;405
636934371690002219;14.05.2019 15:26:09;405
636934371690470860;14.05.2019 15:26:09;405
636934371690939498;14.05.2019 15:26:09;406
636934371691408138;14.05.2019 15:26:09;405
636934371692032995;14.05.2019 15:26:09;406
636934371692501131;14.05.2019 15:26:09;406
636934371692970581;14.05.2019 15:26:09;405
636934371693441433;14.05.2019 15:26:09;405
636934371693910065;14.05.2019 15:26:09;405
636934371694534913;14.05.2019 15:26:09;405
636934371695002634;14.05.2019 15:26:09;405
636934371695472214;14.05.2019 15:26:09;405
636934371695940836;14.05.2019 15:26:09;405
636934371696409477;14.05.2019 15:26:09;406
636934371697034330;14.05.2019 15:26:09;405
636934371697502976;14.05.2019 15:26:09;406
636934371697971609;14.05.2019 15:26:09;405
636934371698440668;14.05.2019 15:26:09;405
636934371699066464;14.05.2019 15:26:09;405
636934371699535440;14.05.2019 15:26:09;405
636934371700004075;14.05.2019 15:26:10;405
636934371700472749;14.05.2019 15:26:10;405
636934371701097857;14.05.2019 15:26:10;405
636934371701567413;14.05.2019 15:26:10;405
636934371702036056;14.05.2019 15:26:10;405
636934371702504722;14.05.2019 15:26:10;405
636934371702973385;14.05.2019 15:26:10;405
636934371703597601;14.05.2019 15:26:10;405
636934371704066863;14.05.2019 15:26:10;405
636934371704535515;14.05.2019 15:26:10;405
636934371705004136;14.05.2019 15:26:10;405
636934371705472774;14.05.2019 15:26:10;405
636934371706097628;14.05.2019 15:26:10;406
636934371706566277;14.05.2019 15:26:10;405
636934371707034906;14.05.2019 15:26:10;405
636934371707503597;14.05.2019 15:26:10;405
636934371708128401;14.05.2019 15:26:10;406
636934371708596360;14.05.2019 15:26:10;405
636934371709065682;14.05.2019 15:26:10;405
636934371709534329;14.05.2019 15:26:10;405
636934371710002994;14.05.2019 15:26:11;405
636934371710627840;14.05.2019 15:26:11;405
636934371711096461;14.05.2019 15:26:11;405
636934371711565094;14.05.2019 15:26:11;405
636934371712033737;14.05.2019 15:26:11;405
636934371712501453;14.05.2019 15:26:11;404
636934371713127232;14.05.2019 15:26:11;404
636934371713595925;14.05.2019 15:26:11;405
636934371714064829;14.05.2019 15:26:11;404
636934371714689996;14.05.2019 15:26:11;404
636934371715159329;14.05.2019 15:26:11;405
636934371715627953;14.05.2019 15:26:11;403
636934371716096541;14.05.2019 15:26:11;403
636934371716565221;14.05.2019 15:26:11;403
636934371717190039;14.05.2019 15:26:11;403
636934371717658704;14.05.2019 15:26:11;402
636934371718127320;14.05.2019 15:26:11;402
636934371718596005;14.05.2019 15:26:11;402
636934371719065031;14.05.2019 15:26:11;402
636934371719690835;14.05.2019 15:26:11;402
636934371720159479;14.05.2019 15:26:12;401
636934371720628120;14.05.2019 15:26:12;400
636934371721096755;14.05.2019 15:26:12;400
636934371721721608;14.05.2019 15:26:12;399
636934371722190252;14.05.2019 15:26:12;399
636934371722658890;14.05.2019 15:26:12;399
636934371723127531;14.05.2019 15:26:12;400
636934371723752312;14.05.2019 15:26:12;398
636934371724221025;14.05.2019 15:26:12;399
636934371724689663;14.05.2019 15:26:12;397
636934371725158310;14.05.2019 15:26:12;397
636934371725626942;14.05.2019 15:26:12;397
636934371726251020;14.05.2019 15:26:12;397
636934371726720445;14.05.2019 15:26:12;396
636934371727189080;14.05.2019 15:26:12;396
636934371727657721;14.05.2019 15:26:12;396
636934371728126356;14.05.2019 15:26:12;396
636934371728750279;14.05.2019 15:26:12;397
636934371729219853;14.05.2019 15:26:12;396
636934371729688483;14.05.2019 15:26:12;396
636934371730157132;14.05.2019 15:26:13;397
636934371730781063;14.05.2019 15:26:13;396
636934371731249701;14.05.2019 15:26:13;395
636934371731719270;14.05.2019 15:26:13;395
636934371732187905;14.05.2019 15:26:13;395
636934371732656552;14.05.2019 15:26:13;395
636934371733281441;14.05.2019 15:26:13;395
636934371733749123;14.05.2019 15:26:13;395
636934371734217748;14.05.2019 15:26:13;395
636934371734687377;14.05.2019 15:26:13;396
636934371735155963;14.05.2019 15:26:13;395
636934371735780816;14.05.2019 15:26:13;395
636934371736249457;14.05.2019 15:26:13;395
636934371736717513;14.05.2019 15:26:13;395
636934371737186733;14.05.2019 15:26:13;395
636934371737811548;14.05.2019 15:26:13;395
636934371738280192;14.05.2019 15:26:13;396
636934371738750254;14.05.2019 15:26:13;395
636934371739218881;14.05.2019 15:26:13;396
636934371739843682;14.05.2019 15:26:13;396
636934371740312372;14.05.2019 15:26:14;396
636934371740780897;14.05.2019 15:26:14;397
636934371741249535;14.05.2019 15:26:14;396
636934371741718209;14.05.2019 15:26:14;396
636934371742343492;14.05.2019 15:26:14;396
636934371742813088;14.05.2019 15:26:14;396
636934371743281740;14.05.2019 15:26:14;396
636934371743750414;14.05.2019 15:26:14;396
636934371744218083;14.05.2019 15:26:14;396
636934371744843892;14.05.2019 15:26:14;396
636934371745312572;14.05.2019 15:26:14;397
636934371745781224;14.05.2019 15:26:14;396
636934371746249870;14.05.2019 15:26:14;396
636934371746874715;14.05.2019 15:26:14;396
636934371747343370;14.05.2019 15:26:14;396
636934371747812002;14.05.2019 15:26:14;396
636934371748280651;14.05.2019 15:26:14;396
636934371748749278;14.05.2019 15:26:14;396
636934371749373448;14.05.2019 15:26:14;396
636934371749842770;14.05.2019 15:26:14;396
636934371750311414;14.05.2019 15:26:15;396
636934371750780052;14.05.2019 15:26:15;396
636934371751247953;14.05.2019 15:26:15;396
636934371751873507;14.05.2019 15:26:15;397
636934371752342569;14.05.2019 15:26:15;396
636934371752812235;14.05.2019 15:26:15;396
636934371753280868;14.05.2019 15:26:15;397
636934371753904721;14.05.2019 15:26:15;396
636934371754374282;14.05.2019 15:26:15;397
636934371754842922;14.05.2019 15:26:15;396
636934371755311566;14.05.2019 15:26:15;396
636934371755936439;14.05.2019 15:26:15;396
636934371756405069;14.05.2019 15:26:15;396
636934371756873721;14.05.2019 15:26:15;396
636934371757342339;14.05.2019 15:26:15;397
636934371757810980;14.05.2019 15:26:15;397
636934371758435834;14.05.2019 15:26:15;397
636934371758904001;14.05.2019 15:26:15;397
636934371759373589;14.05.2019 15:26:15;397
636934371759842227;14.05.2019 15:26:15;396
636934371760310865;14.05.2019 15:26:16;397
636934371760935721;14.05.2019 15:26:16;396
636934371761404429;14.05.2019 15:26:16;397
636934371761873003;14.05.2019 15:26:16;397
636934371762497854;14.05.2019 15:26:16;397
636934371762966877;14.05.2019 15:26:16;398
636934371763436487;14.05.2019 15:26:16;397
636934371763905103;14.05.2019 15:26:16;397
636934371764374126;14.05.2019 15:26:16;398
636934371764999019;14.05.2019 15:26:16;397
636934371765468651;14.05.2019 15:26:16;397
636934371765937320;14.05.2019 15:26:16;397
636934371766405964;14.05.2019 15:26:16;397
636934371766874571;14.05.2019 15:26:16;397
636934371767498419;14.05.2019 15:26:16;397
636934371767968057;14.05.2019 15:26:16;398
636934371768436618;14.05.2019 15:26:16;398
636934371768904333;14.05.2019 15:26:16;398
636934371769531564;14.05.2019 15:26:16;399
636934371769999432;14.05.2019 15:26:16;398
636934371770468815;14.05.2019 15:26:17;398
636934371770937453;14.05.2019 15:26:17;398
636934371771405612;14.05.2019 15:26:17;398
636934371772030958;14.05.2019 15:26:17;398
636934371772498580;14.05.2019 15:26:17;397
636934371772968232;14.05.2019 15:26:17;398
636934371773435858;14.05.2019 15:26:17;398
636934371773905519;14.05.2019 15:26:17;398
636934371774530364;14.05.2019 15:26:17;399
636934371774999008;14.05.2019 15:26:17;398
636934371775467637;14.05.2019 15:26:17;398
636934371775936281;14.05.2019 15:26:17;399
636934371776561140;14.05.2019 15:26:17;398
636934371777029773;14.05.2019 15:26:17;398
636934371777498424;14.05.2019 15:26:17;398
636934371777967051;14.05.2019 15:26:17;399
636934371778591913;14.05.2019 15:26:17;399
636934371779060585;14.05.2019 15:26:17;399
636934371779529189;14.05.2019 15:26:17;399
636934371779997827;14.05.2019 15:26:17;399
636934371780466471;14.05.2019 15:26:18;400
636934371781090316;14.05.2019 15:26:18;399
636934371781560195;14.05.2019 15:26:18;399
636934371782029775;14.05.2019 15:26:18;399
636934371782498416;14.05.2019 15:26:18;399
636934371782967057;14.05.2019 15:26:18;399
636934371783591118;14.05.2019 15:26:18;399
636934371784060701;14.05.2019 15:26:18;399
636934371784530281;14.05.2019 15:26:18;399
636934371784998922;14.05.2019 15:26:18;399
636934371785623786;14.05.2019 15:26:18;399
636934371786091704;14.05.2019 15:26:18;399
636934371786560129;14.05.2019 15:26:18;400
636934371787029731;14.05.2019 15:26:18;399
636934371787498344;14.05.2019 15:26:18;400
636934371788123198;14.05.2019 15:26:18;399
636934371788590905;14.05.2019 15:26:18;399
636934371789060892;14.05.2019 15:26:18;398
636934371789530483;14.05.2019 15:26:18;399
636934371789999118;14.05.2019 15:26:18;399
636934371790624449;14.05.2019 15:26:19;399
636934371791094150;14.05.2019 15:26:19;399
636934371791562750;14.05.2019 15:26:19;399
636934371792031393;14.05.2019 15:26:19;398
636934371792656496;14.05.2019 15:26:19;399
636934371793126079;14.05.2019 15:26:19;398
636934371793593925;14.05.2019 15:26:19;398
636934371794063746;14.05.2019 15:26:19;399
636934371794689624;14.05.2019 15:26:19;398
636934371795158600;14.05.2019 15:26:19;399
636934371795628469;14.05.2019 15:26:19;398
636934371796097126;14.05.2019 15:26:19;399
636934371796566659;14.05.2019 15:26:19;399
636934371797191385;14.05.2019 15:26:19;399
636934371797660536;14.05.2019 15:26:19;399
636934371798130232;14.05.2019 15:26:19;399
636934371798597837;14.05.2019 15:26:19;399
636934371799067403;14.05.2019 15:26:19;399
636934371799691331;14.05.2019 15:26:19;399
636934371800161183;14.05.2019 15:26:20;399
636934371800629846;14.05.2019 15:26:20;399
636934371801098481;14.05.2019 15:26:20;399
636934371801724603;14.05.2019 15:26:20;399
636934371802193518;14.05.2019 15:26:20;400
636934371802663395;14.05.2019 15:26:20;399
636934371803132033;14.05.2019 15:26:20;400
636934371803599773;14.05.2019 15:26:20;400
636934371804225602;14.05.2019 15:26:20;400
636934371804694584;14.05.2019 15:26:20;399
636934371805164133;14.05.2019 15:26:20;399
636934371805632829;14.05.2019 15:26:20;399
636934371806100514;14.05.2019 15:26:20;399
636934371806726302;14.05.2019 15:26:20;399
636934371807194940;14.05.2019 15:26:20;399
636934371807663578;14.05.2019 15:26:20;400
636934371808289744;14.05.2019 15:26:20;399
636934371808758316;14.05.2019 15:26:20;399
636934371809226951;14.05.2019 15:26:20;399
636934371809695545;14.05.2019 15:26:20;399
636934371810164191;14.05.2019 15:26:21;399
636934371810789086;14.05.2019 15:26:21;399
636934371811257730;14.05.2019 15:26:21;399
636934371811727645;14.05.2019 15:26:21;400
636934371812196303;14.05.2019 15:26:21;399
636934371812664888;14.05.2019 15:26:21;399
636934371813288863;14.05.2019 15:26:21;400
636934371813758407;14.05.2019 15:26:21;400
636934371814227057;14.05.2019 15:26:21;401
636934371814695692;14.05.2019 15:26:21;400
636934371815164344;14.05.2019 15:26:21;400
636934371815788264;14.05.2019 15:26:21;400
636934371816257833;14.05.2019 15:26:21;400
636934371816726886;14.05.2019 15:26:21;400
636934371817196563;14.05.2019 15:26:21;400
636934371817820635;14.05.2019 15:26:21;400
636934371818289296;14.05.2019 15:26:21;400
636934371818758862;14.05.2019 15:26:21;400
636934371819227810;14.05.2019 15:26:21;401
636934371819697631;14.05.2019 15:26:21;400
636934371820325061;14.05.2019 15:26:22;400
636934371820793719;14.05.2019 15:26:22;400
636934371821262642;14.05.2019 15:26:22;400
636934371821732499;14.05.2019 15:26:22;400
636934371822202359;14.05.2019 15:26:22;400
636934371822828119;14.05.2019 15:26:22;400
636934371823297563;14.05.2019 15:26:22;400
636934371823767176;14.05.2019 15:26:22;400
636934371824237061;14.05.2019 15:26:22;401
636934371824860953;14.05.2019 15:26:22;401
636934371825329877;14.05.2019 15:26:22;400
636934371825799435;14.05.2019 15:26:22;401
636934371826269308;14.05.2019 15:26:22;401
636934371826739321;14.05.2019 15:26:22;401
636934371827367011;14.05.2019 15:26:22;401
636934371827836890;14.05.2019 15:26:22;401
636934371828306504;14.05.2019 15:26:22;401
636934371828775192;14.05.2019 15:26:22;402
636934371829243835;14.05.2019 15:26:22;401
636934371829869370;14.05.2019 15:26:22;401
636934371830337174;14.05.2019 15:26:23;401
636934371830806688;14.05.2019 15:26:23;401
636934371831432586;14.05.2019 15:26:23;401
636934371831902742;14.05.2019 15:26:23;401
636934371832371308;14.05.2019 15:26:23;401
636934371832839955;14.05.2019 15:26:23;401
636934371833308969;14.05.2019 15:26:23;401
636934371833778549;14.05.2019 15:26:23;401
636934371834403453;14.05.2019 15:26:23;402
636934371834872332;14.05.2019 15:26:23;402
636934371835341973;14.05.2019 15:26:23;401
636934371835810035;14.05.2019 15:26:23;401
636934371836279199;14.05.2019 15:26:23;402
636934371836904053;14.05.2019 15:26:23;402
636934371837372663;14.05.2019 15:26:23;402
636934371837841711;14.05.2019 15:26:23;402
636934371838466584;14.05.2019 15:26:23;402
636934371838936618;14.05.2019 15:26:23;401
636934371839406207;14.05.2019 15:26:23;402
636934371839875089;14.05.2019 15:26:23;401
636934371840344876;14.05.2019 15:26:24;402
636934371840970112;14.05.2019 15:26:24;401
636934371841440008;14.05.2019 15:26:24;402
636934371841909552;14.05.2019 15:26:24;401
636934371842378193;14.05.2019 15:26:24;402
636934371842846831;14.05.2019 15:26:24;402
636934371843470804;14.05.2019 15:26:24;401
636934371843940325;14.05.2019 15:26:24;402
636934371844408958;14.05.2019 15:26:24;401
636934371844877607;14.05.2019 15:26:24;402
636934371845502497;14.05.2019 15:26:24;401
636934371845970431;14.05.2019 15:26:24;402
636934371846439778;14.05.2019 15:26:24;401
636934371846997678;14.05.2019 15:26:24;402
636934371847451729;14.05.2019 15:26:24;401
636934371847920370;14.05.2019 15:26:24;402
636934371848389019;14.05.2019 15:26:24;401
636934371849013867;14.05.2019 15:26:24;402
636934371849482478;14.05.2019 15:26:24;401
636934371849951099;14.05.2019 15:26:24;402
636934371850419740;14.05.2019 15:26:25;402
636934371851044632;14.05.2019 15:26:25;402
636934371851513281;14.05.2019 15:26:25;402
636934371851981548;14.05.2019 15:26:25;402
636934371852450552;14.05.2019 15:26:25;401
636934371852919193;14.05.2019 15:26:25;402
636934371853544049;14.05.2019 15:26:25;401
636934371854012687;14.05.2019 15:26:25;401
636934371854481344;14.05.2019 15:26:25;402
636934371854950019;14.05.2019 15:26:25;403
636934371855418626;14.05.2019 15:26:25;401
636934371856043460;14.05.2019 15:26:25;402
636934371856512101;14.05.2019 15:26:25;401
636934371856979816;14.05.2019 15:26:25;401
636934371857449380;14.05.2019 15:26:25;401
636934371858074233;14.05.2019 15:26:25;401
636934371858542877;14.05.2019 15:26:25;401
636934371859011521;14.05.2019 15:26:25;402
636934371859479472;14.05.2019 15:26:25;402
636934371860104078;14.05.2019 15:26:26;403
636934371860573683;14.05.2019 15:26:26;401
636934371861042294;14.05.2019 15:26:26;402
636934371861510926;14.05.2019 15:26:26;402
636934371861979570;14.05.2019 15:26:26;401
636934371862603490;14.05.2019 15:26:26;401
636934371863073061;14.05.2019 15:26:26;402
636934371863541702;14.05.2019 15:26:26;401
636934371864010703;14.05.2019 15:26:26;401
636934371864480364;14.05.2019 15:26:26;401
636934371865104217;14.05.2019 15:26:26;402
636934371865573858;14.05.2019 15:26:26;401
636934371866042499;14.05.2019 15:26:26;400
636934371866511137;14.05.2019 15:26:26;400
636934371867136043;14.05.2019 15:26:26;400
636934371867603631;14.05.2019 15:26:26;399
636934371868073272;14.05.2019 15:26:26;398
636934371868541943;14.05.2019 15:26:26;397
636934371869010551;14.05.2019 15:26:26;396
636934371869635404;14.05.2019 15:26:26;394
636934371870103042;14.05.2019 15:26:27;392
636934371870572686;14.05.2019 15:26:27;391
636934371871041330;14.05.2019 15:26:27;388
636934371871508965;14.05.2019 15:26:27;385
636934371872134818;14.05.2019 15:26:27;382
636934371872603459;14.05.2019 15:26:27;379
636934371873072103;14.05.2019 15:26:27;376
636934371873540744;14.05.2019 15:26:27;373
636934371874165522;14.05.2019 15:26:27;370
636934371874634160;14.05.2019 15:26:27;367
636934371875102835;14.05.2019 15:26:27;363
636934371875571434;14.05.2019 15:26:27;361
636934371876196318;14.05.2019 15:26:27;355
636934371876664006;14.05.2019 15:26:27;351
636934371877133563;14.05.2019 15:26:27;348
636934371877602210;14.05.2019 15:26:27;343
636934371878070848;14.05.2019 15:26:27;338
636934371878695704;14.05.2019 15:26:27;333
636934371879163420;14.05.2019 15:26:27;330
636934371879632980;14.05.2019 15:26:27;325
636934371880101624;14.05.2019 15:26:28;320
636934371880570262;14.05.2019 15:26:28;314
636934371881195146;14.05.2019 15:26:28;310
636934371881663756;14.05.2019 15:26:28;305
636934371882132408;14.05.2019 15:26:28;299
636934371882601035;14.05.2019 15:26:28;294
636934371883225889;14.05.2019 15:26:28;288
636934371883694532;14.05.2019 15:26:28;283
636934371884163167;14.05.2019 15:26:28;277
636934371884631808;14.05.2019 15:26:28;269
636934371885100452;14.05.2019 15:26:28;264
636934371885725347;14.05.2019 15:26:28;257
636934371886193971;14.05.2019 15:26:28;252
636934371886662626;14.05.2019 15:26:28;247
636934371887131222;14.05.2019 15:26:28;240
636934371887599866;14.05.2019 15:26:28;233
636934371888224717;14.05.2019 15:26:28;226
636934371888693366;14.05.2019 15:26:28;220
636934371889162289;14.05.2019 15:26:28;213
636934371889788101;14.05.2019 15:26:28;207
636934371890255803;14.05.2019 15:26:29;201
636934371890725386;14.05.2019 15:26:29;196
636934371891194024;14.05.2019 15:26:29;191
636934371891662653;14.05.2019 15:26:29;186
636934371892287513;14.05.2019 15:26:29;181
636934371892756153;14.05.2019 15:26:29;176
636934371893224794;14.05.2019 15:26:29;173
636934371893693493;14.05.2019 15:26:29;167
636934371894162076;14.05.2019 15:26:29;163
636934371894786990;14.05.2019 15:26:29;160
636934371895255562;14.05.2019 15:26:29;156
636934371895724205;14.05.2019 15:26:29;152
636934371896192846;14.05.2019 15:26:29;148
636934371896817703;14.05.2019 15:26:29;144
636934371897286335;14.05.2019 15:26:29;141
636934371897754979;14.05.2019 15:26:29;139
636934371898223617;14.05.2019 15:26:29;135
636934371898847536;14.05.2019 15:26:29;133
636934371899316477;14.05.2019 15:26:29;131
636934371899785755;14.05.2019 15:26:29;127
636934371900254395;14.05.2019 15:26:30;125
636934371900723036;14.05.2019 15:26:30;122
636934371901347228;14.05.2019 15:26:30;120
636934371901816871;14.05.2019 15:26:30;117
636934371902287734;14.05.2019 15:26:30;114
636934371902756572;14.05.2019 15:26:30;112
636934371903226512;14.05.2019 15:26:30;111
636934371903851388;14.05.2019 15:26:30;108
636934371904320979;14.05.2019 15:26:30;106
636934371904789620;14.05.2019 15:26:30;103
636934371905258260;14.05.2019 15:26:30;100
636934371905726957;14.05.2019 15:26:30;98
636934371906351034;14.05.2019 15:26:30;96
636934371906820443;14.05.2019 15:26:30;94
636934371907289083;14.05.2019 15:26:30;92
636934371907758021;14.05.2019 15:26:30;91
636934371908383969;14.05.2019 15:26:30;90
636934371908853640;14.05.2019 15:26:30;89
636934371909323481;14.05.2019 15:26:30;88
636934371909793454;14.05.2019 15:26:30;88
636934371910263414;14.05.2019 15:26:31;86
636934371910889492;14.05.2019 15:26:31;86
636934371911358149;14.05.2019 15:26:31;85
636934371911826793;14.05.2019 15:26:31;84
636934371912296362;14.05.2019 15:26:31;82
636934371912765382;14.05.2019 15:26:31;83
636934371913390925;14.05.2019 15:26:31;83
636934371913859356;14.05.2019 15:26:31;82
636934371914330407;14.05.2019 15:26:31;82
636934371914800192;14.05.2019 15:26:31;81
636934371915425965;14.05.2019 15:26:31;80
636934371915893972;14.05.2019 15:26:31;80
636934371916362344;14.05.2019 15:26:31;80
636934371916831871;14.05.2019 15:26:31;80
636934371917300506;14.05.2019 15:26:31;79
636934371917925462;14.05.2019 15:26:31;78
636934371918393463;14.05.2019 15:26:31;78
636934371918862567;14.05.2019 15:26:31;78
636934371919330992;14.05.2019 15:26:31;79
636934371919800705;14.05.2019 15:26:31;76
636934371920426467;14.05.2019 15:26:32;77
636934371920896426;14.05.2019 15:26:32;77
636934371921364170;14.05.2019 15:26:32;77
636934371921833644;14.05.2019 15:26:32;76
636934371922301410;14.05.2019 15:26:32;76
636934371922927197;14.05.2019 15:26:32;76
636934371923395849;14.05.2019 15:26:32;74
636934371923864420;14.05.2019 15:26:32;75
636934371924333108;14.05.2019 15:26:32;75
636934371924957948;14.05.2019 15:26:32;75
636934371925426589;14.05.2019 15:26:32;76
636934371925895230;14.05.2019 15:26:32;75
636934371926363873;14.05.2019 15:26:32;75
636934371926989929;14.05.2019 15:26:32;75
636934371927458617;14.05.2019 15:26:32;76
636934371927927263;14.05.2019 15:26:32;74
636934371928395899;14.05.2019 15:26:32;75
636934371928864537;14.05.2019 15:26:32;75
636934371929333474;14.05.2019 15:26:32;73
